188	227	404	360
170	243	446	354
170	247	437	360
161	243	461	365
173	236	404	363
174	238	376	357
172	239	396	367
178	247	309	358
175	253	328	361
170	266	290	337
192	261	268	345
181	262	257	341
180	260	258	344
180	262	247	339
189	267	230	344
186	266	248	351
190	275	195	338
181	270	196	351
179	261	192	367
172	258	201	379
173	258	210	376
165	259	212	371
165	265	208	370
168	273	206	359
170	275	197	360
174	283	205	363
175	287	208	359
164	286	246	362
160	282	256	379
154	282	288	376
166	289	282	370
155	284	296	379
147	270	326	395
154	304	312	364
159	306	269	360
189	288	212	353
203	293	199	348
227	309	188	329
219	301	219	335
236	290	306	371
228	286	338	374
246	280	312	367
256	277	281	382
284	279	248	377
298	289	233	360
308	293	207	359
313	289	197	362
305	299	206	371
315	297	189	353
326	286	170	365
330	294	171	358
335	294	162	351
340	288	152	355
325	287	159	343
320	292	163	352
314	300	156	318
308	282	163	333
303	280	167	334
294	299	175	308
292	315	168	288
294	304	161	298
286	268	197	337
289	253	184	347
296	262	164	346
292	283	172	325
299	298	157	301
310	300	155	291
313	270	161	325
315	262	154	340
315	280	143	328
312	308	153	304
306	318	128	306
301	328	147	263
304	335	155	277
298	351	143	261
298	363	137	257
299	330	124	284
298	336	125	285
300	339	119	270
286	347	144	240
