296	175	95	203
302	177	98	208
305	179	105	208
307	176	108	213
311	178	108	216
311	179	106	203
312	178	111	199
308	175	113	214
302	175	116	209
299	181	114	201
290	186	127	195
289	190	115	191
288	185	111	196
290	187	103	192
291	190	110	187
297	188	102	189
302	190	111	185
303	193	116	180
308	184	114	192
314	181	113	197
320	173	101	199
314	172	116	207
308	167	119	213
306	168	114	217
301	167	120	227
300	164	117	243
299	166	115	238
292	168	124	240
290	169	123	248
286	168	117	248
285	168	117	247
288	171	115	229
292	175	116	215
296	175	115	206
298	174	125	210
301	179	134	200
301	178	142	206
305	180	138	205
312	182	114	201
310	190	123	191
309	193	129	187
312	191	121	185
311	192	131	189
308	196	151	188
307	203	156	183
305	201	146	191
311	206	130	187
308	216	135	178
303	228	142	165
305	239	146	159
305	250	135	149
296	266	161	139
286	289	166	119
277	304	171	91
280	307	170	88
276	315	179	88
266	320	167	74
269	314	159	70
281	316	147	85
301	311	136	99
302	310	140	103
302	308	123	92
303	310	112	81
303	310	107	84
306	312	98	82
305	315	95	79
296	316	109	76
293	315	115	79
294	314	117	78
294	315	124	77
294	315	138	79
303	318	141	80
305	323	147	71
315	325	153	69
320	329	167	78
329	333	155	72
321	334	168	71
323	332	166	71
324	328	184	74
336	326	192	80
355	327	190	78
360	330	202	78
369	332	200	76
381	335	194	73
390	336	195	73
394	334	199	73
397	333	198	74
403	333	195	73
401	332	205	78
402	334	219	76
400	334	231	77
399	333	250	80
398	330	254	80
396	333	261	80
404	330	262	79
404	331	274	80
400	335	284	74
418	334	277	74
408	332	295	77
430	334	280	75
