0.560902
0.017204
0.015999
0.015872
0.016902
0.016722
0.016936
0.018116
0.018201
0.018312
0.018150
0.018320
0.018261
0.018390
0.018357
0.018327
0.018368
0.018422
0.018483
0.018356
0.020793
0.018620
0.018675
0.018807
0.018569
0.018675
0.018785
0.017882
0.018868
0.018830
0.018862
0.019158
0.019004
0.019294
0.019216
0.019901
0.019649
0.019703
0.019803
0.019751
0.024787
0.019885
0.020865
0.021354
0.020952
0.021008
0.020982
0.020960
0.020794
0.020865
0.019614
0.021080
0.021076
0.019930
0.021196
0.021354
0.020205
0.020358
0.020489
0.020786
0.025373
0.020970
0.020991
0.020361
0.020448
0.020316
0.020425
0.020392
0.020921
0.020994
0.021036
0.021183
0.021078
0.021153
0.021110
0.021134
0.019961
0.021223
0.021464
0.021426
0.025768
0.021111
0.020965
0.021260
0.019692
0.019762
0.019566
0.021378
0.021124
0.021631
