0.572750
0.018159
0.017805
0.019063
0.019142
0.019166
0.020400
0.020415
0.020527
0.019213
0.019234
0.020497
0.020741
0.018144
0.018137
0.018295
0.018308
0.018258
0.018305
0.018531
0.020777
0.018534
0.018714
0.018678
0.018735
0.018994
0.017542
0.018758
0.018840
0.018839
0.018817
0.019002
0.019018
0.019057
0.019270
0.018911
0.018950
0.019080
0.019171
0.019089
0.024174
0.017993
0.019123
0.019192
0.019341
0.021885
0.021840
0.021861
0.021778
0.020489
0.020564
0.020609
0.020510
0.022193
0.020664
0.022328
0.022337
0.020838
0.019648
0.019861
0.024936
0.019800
0.022426
0.022509
0.020904
0.021910
0.022126
0.020676
0.022083
0.022442
0.021028
0.020944
0.022676
0.022625
0.022696
0.022984
0.023160
0.021162
0.020716
0.020821
0.025725
0.020704
0.020884
0.020884
0.020818
0.023562
0.023645
0.020956
0.020887
0.021133
0.021004
0.020958
0.021177
0.021214
0.019778
0.021137
0.021280
0.021246
0.021080
0.021241
0.026006
0.021220
0.021143
0.021349
0.021415
0.020204
0.024700
0.021727
0.021714
0.021684
0.021641
0.021466
0.021627
0.021771
0.021979
0.020554
0.022008
0.020631
0.020510
0.021748
0.026940
0.021963
0.021876
0.022202
0.022105
0.022052
0.022005
0.024721
0.023004
0.024396
0.024592
0.022236
0.024806
0.022406
0.021084
0.022456
0.025137
0.025072
0.021921
0.022594
0.027921
0.021222
0.022696
0.022573
0.022707
0.022928
0.021483
0.022874
0.022962
0.021604
0.021679
