668	340	68	84
684	336	73	91
702	343	75	78
706	337	81	80
706	337	81	80
862	276	68	91
886	262	70	96
899	264	74	97
910	258	75	109
910	254	80	114
908	246	87	121
913	234	80	128
909	235	95	156
917	242	96	143
935	234	107	134
943	242	115	108
949	253	112	115
954	249	112	138
973	258	97	148
978	272	100	176
985	292	88	159
988	316	94	177
997	306	94	175
996	292	97	169
1004	273	109	157
1029	251	101	171
1043	267	116	139
1054	269	124	116
1044	264	133	100
1087	243	114	110
1104	241	125	101
1140	220	107	114
1161	198	108	126
1181	209	97	116
1197	221	86	120
1205	230	74	119
1209	232	74	141
1213	247	70	142
1214	270	67	138
1213	295	64	121
1206	289	73	121
1203	269	84	139
1209	236	70	124
1209	253	73	120
1210	259	65	153
1207	288	68	143
1204	310	73	136
1204	318	72	122
1212	331	66	119
1234	347	55	120
1246	379	41	118
1253	398	35	112
1255	413	37	114
1248	429	46	112
1246	448	57	103
1246	454	58	92
1248	481	63	90
1250	491	62	81
1247	513	65	77
1246	498	67	89
1237	498	82	108
1226	501	90	124
1223	501	97	123
1223	486	83	129
1229	474	86	116
1224	468	92	127
1230	460	90	121
1232	476	87	107
1233	481	87	96
1240	481	79	95
1232	488	82	100
1225	491	97	105
1212	493	110	110
1207	482	115	126
1196	492	138	106
1199	493	143	136
1197	495	138	126
1186	523	131	104
1184	534	112	94
1176	534	103	90
1185	543	100	83
1196	546	109	80
