455	88	61	170
452	88	70	175
454	88	71	183
454	88	72	177
454	87	73	169
455	84	67	167
456	76	63	171
452	80	68	167
449	80	76	177
453	83	76	180
455	89	80	169
459	93	82	183
462	92	81	167
462	89	80	170
465	86	82	175
470	85	79	184
471	90	76	181
475	93	71	179
475	97	77	175
473	97	82	179
475	98	76	174
476	100	77	178
474	97	87	187
480	99	69	185
483	105	63	199
484	106	65	215
486	111	66	204
488	114	63	190
492	118	61	187
494	115	61	185
498	109	58	191
502	109	54	197
505	114	52	200
509	114	51	199
515	115	49	207
518	121	49	192
519	123	50	198
517	124	54	210
520	123	53	201
519	129	53	198
520	130	54	211
521	135	51	208
525	139	46	212
526	145	51	208
525	149	52	207
526	150	53	218
522	157	60	205
524	160	62	212
525	166	61	233
526	169	62	234
534	178	57	231
540	180	53	231
547	182	54	230
554	192	55	220
563	194	62	222
570	197	65	221
580	202	73	235
588	204	79	258
608	210	64	238
617	214	60	247
624	223	59	244
631	224	59	240
642	228	61	231
649	234	65	230
662	231	70	242
673	236	70	252
691	249	65	246
698	254	68	265
710	257	69	259
722	265	65	265
731	266	66	265
733	270	72	263
738	268	74	254
739	273	77	261
747	276	82	283
754	275	85	289
763	279	78	304
764	279	77	286
768	281	77	265
773	275	69	247
772	269	76	241
771	269	79	226
778	264	69	231
771	261	78	257
769	247	86	277
771	237	78	250
775	227	70	237
770	218	74	215
763	203	80	216
764	201	75	207
765	200	71	219
760	182	77	225
759	179	74	244
756	177	74	261
758	151	71	279
760	145	69	269
759	128	67	274
762	115	62	275
753	121	66	270
748	125	69	269
751	130	65	265
