435	328	54	132
436	325	57	138
436	319	63	144
441	320	64	144
450	331	58	134
458	319	52	148
462	317	51	140
466	319	57	144
473	311	57	152
475	315	63	156
490	305	54	175
494	298	62	173
492	302	79	178
499	295	82	189
503	303	108	185
511	309	125	178
533	314	130	198
545	319	138	210
570	322	129	205
573	317	137	212
568	323	157	210
583	310	160	230
603	295	143	243
622	302	143	248
649	299	127	267
643	307	159	227
680	312	140	232
719	310	124	252
719	319	129	226
720	336	126	245
725	339	116	206
728	346	124	199
729	326	116	230
725	308	124	238
729	292	123	267
722	278	126	265
725	257	119	281
722	264	120	275
707	247	134	259
711	242	120	278
689	245	119	256
671	221	130	274
670	228	120	270
656	216	117	274
645	205	116	294
627	208	127	302
623	201	129	304
607	202	143	311
610	211	132	305
614	212	126	301
622	211	129	324
623	220	142	309
654	214	114	323
660	216	119	327
672	225	112	298
683	227	118	309
697	233	123	303
697	237	136	290
716	234	142	303
718	236	138	307
733	237	113	287
739	222	120	317
750	228	116	301
750	234	136	297
769	234	131	303
793	242	127	298
814	249	118	288
838	253	122	295
853	261	116	278
862	239	128	283
872	248	125	286
880	257	114	264
884	246	115	273
905	253	99	270
900	269	107	235
903	246	95	250
905	245	98	262
910	254	101	231
913	243	98	235
913	246	86	228
902	229	97	224
899	220	104	231
892	222	93	231
886	210	95	223
883	211	99	224
885	212	96	229
874	209	90	236
872	211	88	226
870	232	85	205
872	237	80	203
862	242	86	209
850	251	91	202
848	241	75	213
829	249	81	205
818	257	78	210
806	249	79	224
786	261	94	225
759	267	103	217
739	268	109	224
746	275	91	234
731	277	88	229
705	290	99	211
706	291	98	227
681	278	111	234
669	269	106	240
654	280	109	234
635	277	111	248
611	268	122	264
609	268	113	275
579	254	112	279
554	260	119	287
514	270	129	302
471	265	149	303
447	266	147	317
431	259	135	329
399	235	139	335
365	231	162	335
356	216	148	336
345	206	168	323
352	180	163	370
341	184	178	352
355	163	172	347
388	162	154	399
381	161	180	391
389	157	178	388
419	172	190	415
428	182	189	419
450	178	179	406
466	198	203	463
481	223	178	441
474	214	184	451
476	238	194	465
446	210	204	471
438	220	190	446
438	226	203	472
432	218	213	473
423	228	223	472
416	223	244	478
438	209	228	456
468	202	207	484
479	211	213	484
506	203	203	481
516	214	208	488
506	208	215	467
506	188	205	474
523	202	187	481
518	175	194	479
515	158	199	481
477	172	242	473
474	173	222	479
470	182	232	419
470	176	222	487
469	187	237	462
495	178	248	462
523	189	269	470
541	171	280	479
563	176	283	450
603	196	244	471
632	205	254	459
673	186	255	472
706	191	276	490
696	172	266	492
721	169	267	478
770	200	223	486
765	183	236	480
776	191	237	490
775	191	225	480
739	180	249	447
730	165	236	449
714	150	230	466
704	142	242	428
708	149	218	451
717	160	196	438
705	146	185	433
679	150	189	429
656	162	181	427
651	166	180	415
654	164	173	438
658	183	187	414
675	181	176	383
689	192	181	392
695	190	199	381
698	202	217	354
718	201	201	376
729	192	195	361
739	182	176	342
757	177	160	374
764	188	158	341
764	182	168	341
787	189	144	360
806	187	125	338
782	183	153	334
803	181	143	353
811	188	139	338
818	184	140	348
844	198	129	336
853	192	122	340
830	196	165	336
859	223	139	317
866	220	136	319
862	219	149	321
861	225	140	330
861	223	124	322
840	224	129	310
831	235	130	301
821	238	126	299
815	236	134	309
797	262	167	287
780	259	182	294
804	248	140	304
782	266	171	287
803	268	133	255
788	261	154	274
791	259	145	301
794	236	129	299
783	238	121	304
772	244	121	301
768	232	111	301
757	244	129	307
746	262	137	298
745	259	133	327
