355	231	169	333
361	244	169	329
340	228	193	340
344	242	184	336
362	224	133	340
351	230	137	344
332	221	151	354
324	224	138	348
320	224	131	335
309	229	130	332
304	240	112	328
269	243	137	323
237	239	168	332
219	224	193	334
203	222	174	339
200	242	152	324
190	227	129	333
175	229	135	333
151	221	149	334
151	244	137	328
149	228	133	326
156	228	127	328
165	231	137	329
176	223	134	334
193	233	132	317
201	229	155	334
219	223	157	326
254	229	133	340
277	229	135	321
292	234	127	343
313	233	120	333
319	239	132	335
324	227	153	334
330	226	173	338
335	236	193	331
353	249	184	319
383	235	163	333
428	235	132	323
443	226	141	329
460	226	156	328
483	223	141	329
500	230	134	315
519	241	127	322
511	234	135	319
526	231	117	331
510	226	129	344
513	227	130	334
509	236	134	330
502	230	133	334
490	238	139	338
495	237	135	325
487	236	124	324
472	230	134	326
457	225	118	327
447	224	112	322
435	231	114	323
419	237	125	314
396	216	144	331
370	229	153	320
354	233	168	310
336	244	180	319
320	229	168	315
309	231	159	307
308	251	158	317
306	243	162	314
306	235	139	309
302	236	121	309
298	236	108	303
287	245	127	301
282	240	126	295
289	241	122	304
288	231	122	307
285	243	126	312
294	243	116	299
302	243	110	302
313	238	106	303
326	236	111	302
321	245	128	306
329	239	137	296
351	247	122	308
353	228	146	319
358	237	157	306
373	244	166	318
395	236	155	314
418	228	146	322
440	236	127	320
444	234	135	313
460	232	119	321
452	228	135	324
451	229	139	327
460	235	129	314
459	229	128	328
463	237	127	335
462	229	133	322
463	234	132	321
468	233	119	324
465	224	125	337
454	223	136	335
441	234	152	328
443	226	149	329
455	228	136	326
471	242	120	318
466	222	118	331
472	235	119	323
474	232	116	323
468	222	112	335
456	221	124	327
456	226	119	311
442	229	131	309
445	230	129	304
443	240	131	297
454	238	116	297
453	231	116	295
441	239	128	290
452	233	117	286
459	238	110	280
460	235	105	282
445	236	123	292
435	231	131	285
438	235	130	281
455	238	114	284
449	240	119	277
451	242	120	271
451	235	120	291
458	233	111	294
459	228	112	302
465	227	102	293
458	241	111	279
466	235	106	286
471	235	100	289
472	230	103	292
469	232	112	290
475	230	113	288
471	244	122	288
480	236	122	289
488	238	120	280
496	241	117	283
511	243	108	283
517	231	102	289
506	243	119	286
519	231	111	291
521	240	114	288
529	245	115	281
543	240	101	282
547	240	95	296
554	233	89	307
553	233	83	306
555	230	78	314
551	225	81	317
544	232	88	310
529	234	105	313
517	235	115	315
506	243	120	311
506	244	117	302
506	235	118	309
510	249	113	302
519	238	105	308
519	242	113	298
528	231	95	299
527	236	91	303
526	239	90	299
529	241	82	294
524	243	84	289
518	244	89	279
501	242	100	279
494	242	106	273
492	251	105	274
483	243	120	268
492	242	113	273
505	243	99	277
520	240	96	276
523	243	111	282
525	252	110	272
525	247	110	275
521	238	96	268
524	244	85	275
526	238	84	275
525	242	86	279
524	240	85	288
528	238	83	285
523	242	84	283
526	240	90	274
526	245	88	278
528	241	90	274
528	242	87	279
531	241	91	278
531	237	91	287
527	239	94	288
528	238	95	282
526	245	96	278
530	244	95	274
526	240	101	284
519	238	121	287
516	242	123	274
510	240	118	283
514	253	114	276
518	243	107	273
514	248	109	274
510	240	111	274
494	248	121	271
486	243	130	267
466	229	147	269
458	247	164	264
464	251	140	263
470	260	113	254
472	252	81	257
457	250	101	250
445	245	119	249
447	250	96	249
432	248	106	244
425	262	112	235
424	260	112	232
425	259	112	232
421	263	112	228
416	267	120	228
424	259	106	231
420	261	114	227
425	258	110	223
421	258	120	229
435	261	112	238
450	248	106	234
471	252	85	243
478	248	87	244
481	255	98	239
496	256	97	240
504	248	117	238
506	263	133	246
508	249	141	247
531	247	123	241
535	244	125	242
555	257	111	240
568	255	109	242
575	252	103	244
577	261	99	234
575	256	98	245
570	252	93	235
558	255	95	241
537	253	108	244
510	251	126	246
509	251	112	244
487	250	116	253
479	253	113	245
468	249	111	238
451	246	118	238
444	256	120	229
444	265	107	221
423	259	118	227
405	267	128	221
390	260	130	236
374	261	138	237
359	252	140	240
336	258	142	237
316	256	126	244
315	252	108	249
308	258	97	245
300	256	93	246
299	261	83	241
298	259	81	241
298	260	80	246
299	253	79	246
299	253	78	242
293	252	90	243
300	261	85	238
305	252	89	237
314	254	89	246
319	246	100	250
323	248	115	252
347	260	98	236
354	254	103	241
364	254	102	252
363	253	110	237
372	262	114	239
375	244	128	243
378	249	132	252
383	260	155	243
412	257	127	245
421	256	132	240
434	254	126	245
449	257	116	244
445	247	129	246
462	250	109	252
461	247	111	253
454	246	115	249
463	253	105	247
447	249	120	261
446	251	117	254
445	247	115	248
437	243	116	249
421	241	126	257
414	252	124	240
409	251	137	245
393	256	142	243
384	251	138	245
366	256	144	246
350	250	136	246
349	253	103	247
341	265	96	234
333	255	98	247
326	247	94	254
318	250	100	263
317	244	102	266
318	253	100	247
320	254	97	257
322	249	96	244
318	256	102	243
321	251	94	245
323	258	91	248
326	243	85	244
323	245	91	261
323	247	91	246
327	255	91	254
327	254	91	254
329	251	96	237
330	255	86	263
328	251	79	248
327	245	81	245
324	255	76	253
322	245	78	251
316	249	81	260
315	247	78	254
310	247	90	261
309	244	82	254
308	252	78	256
304	248	78	262
297	246	81	267
289	250	84	262
289	250	80	264
279	247	86	270
281	249	84	274
279	240	92	273
277	249	100	279
273	244	117	266
271	247	120	272
275	235	102	273
275	252	90	271
271	243	93	267
268	241	93	270
269	247	95	268
272	243	91	270
265	248	101	287
265	235	95	273
269	237	96	275
262	245	92	286
255	243	101	274
244	237	105	287
233	231	111	290
226	230	112	299
217	230	116	286
218	236	110	291
220	236	107	292
203	234	121	284
202	233	111	285
216	235	91	287
193	238	115	278
198	238	107	282
208	248	89	270
195	244	106	269
191	241	115	281
200	231	106	279
220	236	92	283
212	238	98	279
224	242	92	276
230	245	91	269
231	247	99	249
240	250	94	257
245	239	95	257
238	252	107	255
238	241	109	261
229	255	112	253
234	241	94	248
233	251	88	255
229	246	86	267
225	239	87	277
215	243	94	275
222	241	83	278
213	231	93	284
209	241	98	283
209	246	101	280
208	250	107	291
209	246	113	287
198	242	122	286
209	241	101	283
211	242	89	283
210	235	90	274
200	243	94	288
195	241	101	280
199	240	97	285
202	246	99	278
200	241	102	278
197	235	103	283
206	238	99	291
197	240	111	284
187	236	121	277
194	229	109	292
196	241	103	285
203	244	92	278
199	248	92	276
197	242	95	275
201	248	92	274
204	235	85	283
207	237	87	281
206	246	91	277
208	251	92	265
199	242	101	280
187	229	114	286
187	239	113	288
190	230	111	288
172	243	124	288
199	234	105	275
196	249	105	278
210	235	106	284
217	233	92	295
222	238	99	292
221	232	112	298
219	225	126	302
222	221	143	311
232	247	164	294
244	239	135	298
252	241	125	306
244	231	154	312
242	245	171	306
233	238	196	311
232	245	208	318
266	229	173	329
264	249	190	317
282	237	172	322
300	226	168	324
307	238	165	327
308	240	162	338
305	230	172	338
300	237	170	332
296	216	196	352
291	244	183	338
283	235	189	341
282	243	168	327
274	240	180	317
268	241	144	323
254	230	123	315
222	235	159	322
193	231	169	324
158	232	191	324
161	227	147	321
142	237	147	323
136	223	131	327
124	226	145	338
117	217	131	332
106	227	142	341
122	230	131	329
132	226	130	333
144	234	127	320
162	234	131	322
169	227	140	324
188	211	136	325
221	228	115	335
237	223	126	336
249	234	113	331
252	236	122	330
259	233	127	338
276	221	140	343
289	225	163	345
295	244	174	328
308	245	174	323
336	237	157	314
357	235	154	329
376	235	165	317
376	232	182	329
403	230	160	311
426	237	150	314
437	235	151	313
461	233	121	310
467	231	114	327
463	237	114	330
460	227	115	338
453	223	119	340
450	236	118	332
448	235	123	333
445	235	126	330
433	241	135	323
412	236	142	319
395	227	131	319
385	223	123	331
375	226	124	325
371	227	116	322
354	226	132	329
328	223	152	335
319	221	148	334
307	243	149	325
286	221	157	322
279	249	155	318
276	239	150	315
281	236	135	311
275	236	136	315
256	237	150	298
247	241	155	301
252	235	155	302
256	241	162	301
271	236	142	305
278	229	127	313
275	244	137	309
283	227	136	298
285	233	154	312
295	226	140	311
310	237	133	315
308	245	137	294
321	252	139	294
341	235	130	312
348	239	137	313
354	241	151	318
375	243	153	298
398	227	145	316
409	237	148	307
433	241	128	310
451	240	107	306
454	231	110	318
445	227	120	321
447	227	121	327
456	223	115	321
459	234	107	313
459	241	110	332
457	229	114	316
456	233	115	325
460	225	114	322
464	236	105	319
446	225	126	328
430	225	139	318
435	235	132	321
449	228	120	308
459	224	106	328
454	239	113	313
462	236	112	316
458	233	108	318
455	229	114	316
450	232	117	308
451	233	118	300
446	241	121	283
441	236	122	295
441	233	120	289
438	231	123	294
436	242	124	287
437	239	124	274
450	248	110	277
445	248	112	267
462	237	89	274
441	238	112	274
436	238	119	276
439	235	120	276
433	238	125	269
443	238	117	272
456	246	103	270
456	240	98	288
455	239	99	288
461	241	92	282
454	236	98	284
466	234	91	287
460	233	92	284
454	231	106	276
460	239	108	280
464	222	118	295
469	238	123	282
481	241	116	277
495	232	109	281
503	235	100	287
497	236	114	284
503	242	107	272
500	231	119	285
500	240	122	281
510	239	115	274
512	246	113	272
518	251	112	264
523	245	108	274
529	245	104	284
527	236	108	296
526	242	104	299
529	233	100	303
523	238	103	302
520	237	110	300
510	235	117	306
503	238	114	306
501	237	121	308
500	241	125	299
497	247	120	296
503	239	116	301
505	245	116	301
511	240	114	294
517	238	107	295
513	235	106	297
513	242	100	288
507	237	103	289
502	238	110	282
500	245	109	265
487	240	113	267
487	246	111	267
493	244	100	264
491	242	105	270
495	245	99	271
503	241	93	272
514	241	89	269
516	246	109	272
512	249	105	264
513	236	112	274
506	245	100	273
511	239	89	273
516	244	85	274
516	245	82	274
516	241	82	278
519	239	81	279
519	243	84	272
519	244	90	273
519	241	92	276
523	236	86	280
526	234	87	284
524	233	92	284
524	231	90	293
525	236	92	281
521	238	101	274
516	240	107	277
519	235	104	287
518	228	105	292
518	233	105	291
514	230	105	284
503	246	110	277
510	245	95	273
501	242	102	274
490	240	110	279
483	247	107	276
481	244	105	267
473	251	101	269
467	249	99	271
455	241	103	275
446	242	109	278
442	243	111	283
431	245	121	279
423	247	124	279
415	254	137	278
421	245	125	283
428	246	125	279
425	240	129	285
422	245	133	292
435	238	119	295
442	243	121	293
442	241	129	295
456	234	120	292
450	238	124	295
453	232	115	303
455	229	115	303
458	235	113	291
459	234	111	289
469	244	107	283
459	232	121	283
463	235	115	286
464	238	105	277
457	240	115	270
448	241	122	270
434	248	130	261
431	252	110	255
439	245	83	259
427	249	92	261
420	249	98	260
413	260	105	250
405	246	112	245
395	256	103	248
380	256	115	243
366	247	150	241
371	253	128	246
368	252	119	241
367	257	119	239
368	261	114	232
370	259	116	240
371	257	115	235
365	257	123	236
364	261	131	227
