0.560578
0.017817
0.018996
0.017759
0.019421
0.015771
0.020436
0.017893
0.018277
0.017868
0.019095
0.020214
0.020109
0.020488
0.017138
0.018065
0.018136
0.018205
0.018259
0.018178
0.020445
0.018209
0.021037
0.019245
0.019554
0.021123
0.019630
0.019395
0.019457
0.020715
0.020658
0.020805
0.021129
0.021223
0.020029
0.018917
0.018945
0.018888
0.018755
0.021291
0.026131
0.021231
0.021559
0.017884
0.018980
0.018943
0.019161
0.018227
0.019263
0.019553
0.019751
0.019719
0.019495
0.019741
0.019657
0.022052
0.022107
0.020302
0.020332
0.021924
0.025261
0.020430
0.020251
0.020041
0.020454
0.021992
0.022303
0.020957
0.020936
0.020923
0.022393
0.020442
0.022118
0.020617
0.022103
0.022354
0.022371
0.022426
0.020734
0.022273
0.027391
0.020859
0.022358
0.020970
0.022393
0.020852
0.022488
0.021088
0.022327
0.021030
0.022689
0.021430
0.023411
0.021500
0.021813
0.020914
0.020927
0.019636
0.019849
0.021024
0.026122
