0.559281
0.017869
0.019231
0.017906
0.017518
0.017568
0.018528
0.019921
0.018539
0.018506
0.018574
0.019534
0.018533
0.019794
0.018486
0.019783
0.018776
0.018536
0.018448
0.018535
0.021008
0.019966
0.018622
0.019866
0.018684
0.020081
0.020497
0.019047
0.019072
0.019038
0.018972
0.019115
0.019075
0.018978
0.018950
0.018931
0.019117
0.019291
0.019431
0.019557
0.024370
0.019419
0.019344
0.019378
0.019362
0.020721
0.019492
0.020859
0.019963
0.020209
0.020236
0.020219
0.019887
0.021182
0.021279
0.019985
0.021079
0.019762
0.019675
0.019664
0.024927
0.020079
0.020015
0.020103
0.020068
0.019919
0.020124
0.021736
0.019990
0.020523
0.020428
0.020384
0.020309
0.020354
0.020432
0.020625
0.020740
0.022354
0.022357
0.020808
0.023752
0.020888
0.020818
0.022387
0.022900
0.021391
0.023089
0.021301
0.022523
0.021092
0.020771
0.021026
0.021224
0.021378
0.022686
0.021214
0.021017
0.021085
0.021285
0.022823
0.024324
0.021607
0.023618
0.021250
0.019832
0.021544
0.021451
0.021359
0.021501
0.021511
0.021504
0.021803
0.021686
0.021975
0.020329
0.021785
0.022098
0.022115
0.022237
0.020730
0.025602
0.022470
0.022255
0.022328
0.021066
0.022612
0.021070
0.020891
0.020963
0.022538
0.020406
0.020284
0.020566
0.020412
0.020478
0.020475
0.020705
0.020791
0.020782
0.020841
0.025743
0.022502
0.020877
0.020971
0.022534
0.020939
0.021501
0.023146
0.023000
0.022846
0.022998
0.025403
0.025304
0.025493
0.023189
0.023105
0.024063
0.023924
0.023746
0.025461
0.030556
0.026023
0.022021
0.023120
0.024053
0.024378
0.025593
0.025884
0.023547
0.023423
0.026342
0.023680
0.023527
0.023937
0.023779
0.026369
0.026175
0.026310
0.026093
0.026230
0.029068
0.026216
0.026402
0.024726
0.026561
0.022641
0.024141
0.024109
0.022896
0.024038
0.024129
0.024446
0.024718
0.022856
0.024616
0.024805
0.024843
0.023962
