0.563747
0.016217
0.015875
0.015921
0.015989
0.015859
0.017985
0.016844
0.016977
0.017083
0.017195
0.017348
0.017312
0.017281
0.018324
0.017381
0.017362
0.017404
0.017267
0.017190
0.019693
0.017406
0.018645
0.017521
0.017393
0.017362
0.017738
0.017808
0.017702
0.018741
0.018969
0.017792
0.018956
0.017827
0.018924
0.017894
0.019309
0.019332
0.019278
0.018180
0.023106
0.019419
0.019636
0.018351
0.019444
0.018401
0.019512
0.019524
0.019453
0.019335
0.019694
0.019612
0.019807
0.018562
0.019888
0.018725
0.019712
0.018722
0.018774
0.018910
0.025141
0.018886
0.018805
0.018842
0.018988
0.018880
0.019055
0.020375
0.019086
0.018841
0.018870
0.020048
0.020532
0.019300
0.019414
0.020638
0.020833
0.020732
0.020988
0.019514
0.025849
0.019529
0.020920
0.019207
0.020662
0.019362
0.020617
0.019794
0.020944
0.021063
0.021307
0.021102
0.019963
0.019958
0.019868
0.021423
0.020054
0.021217
0.020143
0.020063
0.026459
0.020311
0.021469
0.019919
0.021204
0.020012
0.021296
0.019990
0.021361
0.020133
0.020183
0.021686
0.021695
0.020155
0.021685
0.020355
0.021690
0.020423
0.020347
0.021790
0.026916
0.020520
0.022416
0.022578
0.020938
0.022357
0.022328
0.022503
0.020984
0.022457
0.022569
0.021062
0.022537
0.021248
0.022097
0.021302
0.022569
0.021278
0.022765
0.021803
0.027997
0.021491
0.021434
0.021607
0.022778
0.021421
0.022873
0.021689
0.022765
0.022719
0.023142
0.021660
0.023294
0.023534
0.021955
0.023508
0.021850
0.023585
0.021464
0.023123
0.026685
0.021719
0.023138
0.023139
0.023176
0.023777
0.022247
0.023554
0.022287
0.023621
0.022510
0.022278
0.023915
0.022812
0.023545
0.023656
0.022208
0.023589
0.023764
0.022392
0.028697
0.022280
0.023673
0.023094
0.022388
0.022407
0.022379
0.022476
0.022638
0.023019
0.023111
0.023142
0.023125
0.023284
0.024495
0.024605
0.024661
0.023252
0.024642
0.023267
0.028215
0.024868
0.024841
0.023609
0.024850
0.023141
0.023583
0.025031
0.023380
0.024804
0.023585
0.023641
0.025093
0.025213
0.023546
0.025418
0.023775
0.023848
0.025473
0.023973
0.028808
0.024139
0.025401
0.024150
0.025710
0.024235
0.025727
0.024240
0.025623
0.023960
0.025601
0.025600
0.025738
0.024409
0.026204
0.025594
0.025662
0.025498
0.025700
0.024636
0.031007
0.026217
0.024731
0.026257
0.026307
0.026559
0.026320
0.026380
0.026389
0.026424
0.026660
0.025113
0.026549
0.025034
0.026509
0.025121
0.026310
0.025140
0.025129
0.025202
0.031615
0.026814
0.026630
0.025296
0.026782
0.025472
0.027003
0.025707
0.026869
0.025789
0.025804
0.025622
0.025678
0.025496
0.025678
0.025531
0.027129
0.027131
0.026980
0.025904
0.032210
0.025901
0.027348
0.027660
0.027498
0.027270
0.027450
0.026079
0.026145
0.026214
0.027670
0.026397
0.027581
0.027685
0.027620
0.027640
0.027746
0.026320
0.027856
0.027987
0.032948
0.026633
0.027871
0.027877
0.026676
0.026624
0.026608
0.026508
0.028035
0.026760
0.028041
0.026782
0.026722
0.026804
0.026813
0.026908
0.028155
0.028261
0.026956
0.028377
0.032133
0.027921
0.028506
0.026991
0.027120
0.028559
0.027224
0.028699
0.027463
0.028806
0.028696
0.029097
0.029026
0.029025
0.028974
0.028995
0.027559
0.027638
0.029159
0.027845
0.035409
0.028060
0.028015
0.027647
0.027266
0.028608
0.028603
0.027221
0.027155
0.027199
0.027702
0.027228
0.027352
0.028538
0.027368
0.028897
0.027502
0.028748
0.029119
0.029083
0.032732
0.027793
0.027236
0.029095
0.029295
0.029274
0.027816
0.029110
0.027931
0.027864
0.027939
0.027894
0.029374
0.027888
0.027874
0.029435
0.029337
0.029339
0.028036
0.029600
0.033152
0.029833
0.028021
0.027992
0.027967
0.029582
0.028198
0.028203
0.029696
0.028032
0.029377
0.029622
0.029843
0.028320
0.029819
0.028479
0.028610
0.028515
0.028323
0.028763
0.035345
0.030379
0.030081
0.030509
0.029832
0.030395
0.030472
0.029220
0.029331
0.030613
0.029457
0.029432
0.029444
0.029330
0.029544
0.029594
0.030840
0.029499
0.029416
0.029313
0.034285
0.029439
0.030821
0.031185
0.030906
0.031069
0.031072
0.031128
0.031135
0.029861
0.029583
0.029817
0.031279
0.031022
0.031418
0.031705
0.029740
0.029632
0.029496
0.029857
0.036036
0.031606
0.031582
0.031399
0.031322
0.031917
0.031282
0.029994
0.031426
0.029766
0.031238
0.031429
0.030015
0.031544
0.031676
0.031405
0.031398
0.031494
0.031503
0.031726
0.035630
0.031525
0.032057
0.032084
0.031841
0.032271
0.032119
0.032248
0.032391
0.032298
0.032254
0.032784
0.030965
0.032469
0.031023
0.032583
0.030658
0.032697
0.032381
0.032699
0.037675
0.032872
0.032900
0.031320
0.031052
0.030905
0.032375
0.032355
0.032599
0.032763
0.032493
0.032649
0.032821
0.032576
0.031085
0.033625
0.031212
0.031152
0.032838
0.031327
0.037892
0.033173
0.033130
0.033183
0.033181
0.033133
0.031736
0.031815
0.033480
0.031527
0.033175
0.033657
0.033665
0.033755
0.033399
0.032399
0.034042
0.032238
0.033874
0.033530
0.038785
0.033980
0.033948
0.034158
0.034243
0.033841
0.033859
0.034331
0.032748
0.033765
0.032331
0.033698
0.033888
0.032314
0.033937
0.034329
0.032701
0.034183
0.032526
0.033902
0.038692
0.034012
0.034126
0.034045
0.034243
0.034495
0.034734
0.034369
0.034521
0.034950
0.034723
