0.553957
0.015923
0.015747
0.016388
0.016314
0.018670
0.017326
0.019673
0.017445
0.017441
0.017497
0.017442
0.017489
0.017541
0.017624
0.017769
0.017783
0.017820
0.017936
0.018004
0.021229
0.027399
0.018029
0.018063
0.018257
0.018276
0.018301
0.018298
0.018374
0.018324
0.018306
0.018441
0.018455
0.018611
0.018503
0.018459
0.018607
0.018563
0.018595
0.018628
0.023791
0.018826
0.018823
0.020538
0.018995
0.019033
0.020849
0.018937
0.019147
0.019113
0.019219
0.019228
0.025356
0.028796
0.019303
0.019264
0.019587
0.028890
0.019295
0.019295
0.024483
0.019461
0.019756
0.019898
0.019861
0.019796
0.019872
0.021346
0.019911
0.019922
0.019842
0.019845
0.022642
0.020035
0.020007
0.019861
0.019955
0.020185
0.020104
0.029611
0.025052
0.020044
0.020106
0.020132
0.020195
0.023231
0.020339
0.020337
0.020560
0.020598
0.020597
0.020601
0.020750
0.020726
0.020812
0.020715
0.020975
0.020897
0.021164
0.021219
0.026139
