0.558532
0.015421
0.015645
0.015701
0.015768
0.015732
0.016649
0.016734
0.016904
0.016999
0.016983
0.017010
0.017299
0.017642
0.017474
0.017427
0.017583
0.017538
0.017349
0.017367
0.019512
0.017345
0.017388
0.017321
0.017433
0.017398
0.017366
0.017519
0.017777
0.017735
0.017787
0.017713
0.017729
0.018046
0.018348
0.018293
0.018260
0.018099
0.018053
0.018079
0.022945
0.018179
0.018020
0.018028
0.018236
0.018173
0.018167
0.018222
0.018295
0.018442
0.018435
0.018861
0.019394
0.019886
0.019771
0.018071
0.019292
0.019481
0.019753
0.019677
0.024676
0.019836
0.019786
0.018332
0.017303
0.018390
0.020185
0.019613
0.019703
0.019436
0.019624
0.019699
0.019674
0.019566
0.019563
0.019729
0.019891
0.019877
0.022883
0.022764
0.025066
0.020130
0.020331
0.020296
0.020321
0.020117
0.019979
0.020051
0.020625
0.020594
0.020595
0.020123
0.020280
0.020457
0.020256
0.020102
0.020174
0.020179
0.020708
0.020329
0.025722
