0.570197
0.018883
0.017570
0.018910
0.018826
0.018453
0.019516
0.018390
0.019812
0.018622
0.018666
0.018912
0.018958
0.020870
0.018245
0.018337
0.017205
0.018659
0.018890
0.019098
0.021363
0.017184
0.016965
0.016984
0.017197
0.017031
0.017244
0.017255
0.017948
0.017786
0.019101
0.017755
0.017970
0.019318
0.018167
0.018679
0.018788
0.017622
0.017517
0.017596
0.022574
0.018347
0.017778
0.017751
0.017788
0.017827
0.017927
0.017947
0.018044
0.017989
0.017952
0.018136
0.018153
0.018157
0.018242
0.018109
0.018048
0.019272
0.019436
0.018410
0.023239
0.018229
0.018295
0.018399
0.018475
0.018376
0.018382
0.018656
0.019826
0.018548
0.018492
0.019115
0.020356
0.021069
0.020857
0.021213
0.019624
0.021089
0.021125
0.021187
0.024619
0.021054
0.019635
0.019568
0.019727
0.019770
0.021437
0.021249
0.021128
0.021276
0.019644
0.021132
0.021273
0.021215
0.019976
0.021294
0.020079
0.021361
0.021411
0.021601
0.026660
0.021652
0.021668
0.021636
0.021892
0.022062
0.020684
0.022200
0.021354
0.022291
0.022432
0.020197
0.021551
0.020568
0.021874
0.020449
0.020450
0.020573
0.021871
0.020629
0.026694
0.020246
0.020197
0.020267
0.020465
0.020501
0.021890
0.020643
0.020667
0.020507
0.020607
0.022262
0.021906
0.021953
0.020877
0.020712
0.020743
0.020777
0.020846
0.022269
0.027095
0.022405
0.021137
0.020931
0.020962
0.021015
0.022382
0.021205
0.021164
0.022787
0.022695
0.021213
0.021373
0.022789
0.021307
0.021282
0.022789
0.021313
0.021592
0.021401
0.027900
0.022793
0.021440
0.022817
0.021670
0.021741
0.021629
0.021790
0.021780
0.023157
0.021834
0.023416
0.023364
0.021919
0.022198
0.022227
0.023692
0.022305
0.023467
0.022221
0.028577
0.022000
0.023667
0.023733
0.023899
0.022486
0.022238
0.022357
0.024207
0.022567
0.022831
0.022872
0.022885
0.022933
0.022789
0.022957
0.024397
0.023047
0.022754
0.023016
0.029606
0.023285
0.023155
0.023129
0.023137
0.023259
0.023131
0.023218
0.023194
0.023328
0.023314
0.025089
0.023328
0.024789
0.024920
0.023412
0.024775
0.023556
0.023616
0.023544
0.030069
