0.593265
0.017342
0.017965
0.016844
0.016739
0.016941
0.017723
0.019129
0.017929
0.017900
0.017932
0.017939
0.017984
0.018181
0.019092
0.019249
0.018237
0.018324
0.018144
0.018402
0.020602
0.018384
0.018297
0.018289
0.018485
0.018381
0.018297
0.018466
0.019619
0.018507
0.019656
0.018622
0.018725
0.018751
0.018869
0.019827
0.018919
0.018994
0.019209
0.019286
0.024086
0.019271
0.023337
0.020719
0.019499
0.019471
0.019387
0.019228
0.019294
0.019155
0.019289
0.022189
0.019539
0.019649
0.019583
0.019815
0.019815
0.019818
0.019770
0.019990
0.024855
0.021195
0.020076
0.019880
0.019944
0.019795
0.019895
0.019855
0.019985
0.020045
0.020178
0.020225
0.020215
0.020189
0.020375
0.020308
0.020308
0.020274
0.020174
0.021621
0.025330
