0.564555
0.016626
0.016168
0.016056
0.025500
0.016294
0.017196
0.017343
0.017403
0.017345
0.017561
0.017926
0.017939
0.017749
0.018460
0.018075
0.018067
0.024274
0.018029
0.018743
0.020750
0.018510
0.016935
0.018644
0.018497
0.018432
0.018654
0.019044
0.018543
0.018706
0.018736
0.018788
0.018737
0.019407
0.017573
0.017513
0.017592
0.019148
0.019600
0.017730
0.024450
0.019387
0.019095
0.019267
0.019367
0.017997
0.017909
0.017889
0.018079
0.018092
0.018179
0.018369
0.018419
0.018404
0.018415
0.018583
0.018614
0.018706
0.018614
0.018173
0.023149
0.018286
0.018401
0.018417
0.018374
0.018362
0.018584
0.018567
0.018681
0.018518
0.018523
0.018599
0.018802
0.018813
0.018583
0.018731
0.018758
0.019207
0.019009
0.018665
0.023847
0.018930
0.019064
0.019192
0.019159
0.019346
0.018991
0.019166
0.019385
0.019490
0.019269
