0.558526
0.015695
0.016426
0.016247
0.016346
0.016188
0.017312
0.017447
0.017145
0.017393
0.017467
0.017505
0.017471
0.017406
0.017447
0.017777
0.017873
0.017786
0.016748
0.017811
0.020116
0.017812
0.017910
0.017836
0.017867
0.017913
0.017962
0.017843
0.016986
0.017997
0.016975
0.018136
0.018149
0.018129
0.018255
0.018396
0.017203
0.017155
0.018457
0.018569
0.023526
0.018583
0.017456
0.018755
0.018632
0.018688
0.017496
0.018490
0.018996
0.018926
0.018958
0.018793
0.019058
0.018876
0.018003
0.017970
0.017883
0.019203
0.018119
0.019194
0.024108
0.019345
0.019145
0.019215
0.018137
0.019297
0.019495
0.019598
0.018325
0.019567
0.019516
0.019549
0.019876
0.019659
0.018469
0.019602
0.020140
0.018651
0.018454
0.018661
0.024077
0.020072
0.020187
0.020052
0.020446
0.020194
0.018968
0.020134
0.020203
0.020199
0.020244
0.020170
0.018840
0.020178
0.018978
0.020463
0.020454
0.020443
0.019080
0.020655
0.025546
