0.558093
0.015713
0.015246
0.015220
0.017576
0.015383
0.016176
0.025360
0.016313
0.016201
0.016550
0.015888
0.017143
0.017266
0.017356
0.017341
0.017269
0.019506
0.017358
0.017467
0.019537
0.017344
0.017324
0.017367
0.017594
0.017545
0.017673
0.017764
0.017713
0.018210
0.017798
0.017697
0.017893
0.017939
0.018184
0.018033
0.020697
0.018062
0.021345
0.018153
0.023125
0.018169
0.018062
0.018198
0.018296
0.018450
0.018387
0.018661
0.028122
0.018822
0.019020
0.019248
0.018890
0.019045
0.019031
0.018274
0.018309
0.019239
0.018438
0.018673
0.023694
0.018753
0.018915
0.018841
0.018733
0.019056
0.018874
0.018741
0.018746
0.018770
0.019913
0.019754
0.019672
0.019786
0.019701
0.019894
0.019813
0.019645
0.021765
0.019773
0.024732
0.019854
0.028656
0.020102
0.021234
0.020170
0.019956
0.020225
0.029605
0.020343
0.019519
0.019561
0.020374
0.020132
0.020241
0.020388
0.020524
0.020516
0.020509
0.020651
0.024889
