728	427	103	150
731	425	102	145
723	416	100	148
714	415	91	139
700	417	96	133
696	426	98	132
680	424	101	132
663	422	106	138
647	425	95	151
621	429	111	154
600	443	122	154
583	442	139	146
548	434	131	140
546	426	94	145
524	422	79	154
495	417	92	153
484	418	82	142
487	413	71	139
492	412	78	142
494	408	83	149
498	401	90	152
507	406	93	148
515	415	123	146
516	411	131	146
531	394	140	153
554	386	139	157
586	388	137	153
604	392	136	144
629	401	115	134
655	402	87	126
672	402	72	126
672	399	80	129
680	397	85	141
690	395	78	142
707	399	70	157
711	411	66	164
716	419	73	153
712	408	85	152
722	396	82	147
726	384	78	143
725	365	98	158
741	363	96	149
770	370	81	143
784	365	65	133
787	373	63	122
778	370	74	113
767	361	79	121
748	359	92	120
728	345	93	130
710	345	94	133
688	345	110	141
686	347	107	135
679	343	81	137
682	336	61	147
660	341	75	143
659	349	75	142
654	349	75	150
651	352	70	151
644	352	74	155
641	354	76	159
638	366	71	158
636	367	68	158
629	368	82	158
635	376	78	161
641	387	79	162
640	386	80	166
630	382	88	162
620	383	88	164
609	389	93	163
612	385	89	163
608	377	88	152
601	374	92	152
597	384	94	144
584	391	114	136
583	387	126	137
586	387	127	133
598	381	103	136
604	385	100	127
596	387	100	129
594	380	101	135
585	379	88	141
579	381	88	143
571	396	88	139
566	401	101	137
570	385	112	146
593	377	114	150
623	368	86	142
645	366	69	141
656	370	86	128
665	375	76	126
668	375	84	121
667	371	85	120
660	363	85	129
655	357	80	134
652	354	62	146
646	357	65	151
638	363	68	158
640	365	58	155
638	362	55	152
637	365	49	155
631	364	55	153
