0.559784
0.018247
0.018141
0.019581
0.019965
0.019718
0.019151
0.019129
0.020921
0.021221
0.019741
0.019697
0.017368
0.021156
0.019722
0.019675
0.019702
0.019829
0.019816
0.019897
0.020067
0.021578
0.020132
0.017876
0.021675
0.019901
0.020130
0.020020
0.019896
0.021386
0.021688
0.021377
0.021586
0.021281
0.021725
0.021453
0.021300
0.021468
0.021678
0.021635
0.026814
0.021811
0.021731
0.020459
0.020282
0.021703
0.022042
0.022142
0.022375
0.022921
0.022695
0.021010
0.020851
0.020916
0.020912
0.021260
0.021238
0.018993
0.019005
0.020020
0.025068
0.023019
0.021478
0.021340
0.019132
0.020578
0.020654
0.020541
0.020812
0.020657
0.020638
0.020725
0.020758
0.019685
0.020867
0.020861
0.020963
0.020934
0.021193
0.021061
0.025928
0.020901
0.019806
0.020965
0.021065
0.021249
0.020007
0.020989
0.021138
0.019938
0.021078
0.021294
0.021249
0.021422
0.021480
0.021647
0.021755
0.021718
0.021652
0.021624
0.025299
