0.560463
0.016437
0.015279
0.016252
0.016249
0.015484
0.016444
0.017320
0.017593
0.017336
0.016097
0.016300
0.017477
0.017549
0.016793
0.016595
0.017767
0.016645
0.016512
0.016821
0.020217
0.017991
0.018058
0.017882
0.016855
0.016892
0.017988
0.016834
0.018139
0.016772
0.017027
0.017065
0.018339
0.018457
0.017233
0.018089
0.018465
0.018415
0.017285
0.017353
0.023530
0.018532
0.017474
0.018442
0.018657
0.018672
0.017601
0.017653
0.017482
0.017632
0.018871
0.017676
0.017622
0.018893
0.017761
0.019100
0.017737
0.019142
0.017773
0.019126
0.022791
0.019224
0.019177
0.019203
0.018015
0.019475
0.019471
0.017995
0.019370
0.018212
0.019449
0.019527
0.018195
0.019526
0.019612
0.018295
0.019646
0.018644
0.019062
0.018454
0.023422
0.018586
0.018356
0.019836
0.018720
0.020078
0.018704
0.018865
0.020234
0.020436
0.020357
0.020343
0.018903
0.019052
0.019005
0.020355
0.019058
0.020661
0.019284
0.020674
