0.568062
0.017698
0.017110
0.016902
0.016987
0.018021
0.019139
0.018152
0.019188
0.018149
0.018064
0.018147
0.020182
0.018889
0.020287
0.020550
0.019039
0.020327
0.019093
0.020234
0.021394
0.019093
0.018996
0.018898
0.019103
0.020300
0.019179
0.020380
0.019175
0.019158
0.020653
0.020622
0.019358
0.020622
0.019563
0.020766
0.019684
0.020838
0.020957
0.020983
0.024720
0.019852
0.021016
0.021062
0.019871
0.021150
0.020082
0.020059
0.020059
0.021165
0.021334
0.020126
0.020203
0.019951
0.021242
0.020230
0.020154
0.021399
0.020191
0.020088
0.026551
0.021742
0.020545
0.020497
0.021931
0.020687
0.020613
0.020618
0.021835
0.021950
0.020624
0.021940
0.020622
0.020679
0.020922
0.021705
0.021035
0.020946
0.020956
0.021357
0.026133
0.021070
0.021019
0.021136
0.022603
0.021283
0.022765
0.021250
0.022621
0.021421
0.021416
0.021330
0.022831
0.021499
0.021422
0.021404
0.021421
0.021505
0.021546
0.021651
