603	281	160	287
631	291	126	280
625	293	137	279
643	294	110	275
651	283	97	280
658	294	88	276
662	293	85	274
660	296	87	273
654	292	94	270
650	289	99	280
622	283	134	280
636	288	125	283
640	289	119	286
637	281	119	293
639	292	109	282
633	299	105	268
627	291	109	283
622	283	116	288
638	285	96	286
632	280	102	289
636	287	98	288
640	286	94	292
630	282	109	294
642	281	104	295
647	290	99	285
642	290	107	273
645	296	102	262
646	289	93	271
651	289	87	272
653	293	89	266
651	292	92	265
646	289	94	276
647	290	90	271
643	292	94	262
641	287	98	275
634	289	105	276
636	289	102	273
629	288	106	278
625	294	112	260
618	287	116	275
612	291	114	250
607	290	118	280
602	289	118	272
579	296	148	265
575	287	156	270
591	293	133	270
589	294	140	254
608	304	117	235
610	308	121	247
615	290	114	263
611	297	122	262
610	306	128	251
627	289	109	274
630	288	111	264
637	292	108	263
645	282	101	254
651	295	98	259
653	287	99	270
645	283	98	256
644	294	105	253
641	289	102	265
634	288	105	274
634	295	108	269
624	299	113	257
623	281	111	271
617	278	113	286
599	291	137	265
591	287	137	272
590	297	150	271
575	302	164	256
590	312	146	217
605	302	132	251
619	303	114	252
621	298	118	256
612	295	121	241
614	300	123	244
624	292	117	257
634	294	111	260
632	285	116	267
645	282	109	277
650	285	108	255
643	294	116	251
649	283	105	259
647	284	110	276
645	284	107	272
652	288	111	264
660	290	102	275
666	286	89	276
653	283	114	277
645	288	118	281
643	301	122	261
645	297	121	267
659	292	111	272
661	290	120	261
675	295	97	262
685	288	90	270
689	290	90	260
696	289	92	247
705	296	86	259
711	291	95	270
705	285	105	251
706	292	121	261
699	291	140	267
704	291	146	261
707	292	148	275
716	294	151	272
718	302	158	246
725	292	154	275
736	305	149	257
718	297	176	268
724	295	160	269
726	291	146	270
725	295	135	258
720	287	134	273
718	291	134	282
718	273	118	302
712	286	117	284
707	286	109	288
692	280	115	301
690	290	109	284
690	284	106	286
693	278	108	298
698	274	115	293
684	271	146	310
687	272	142	309
682	272	147	314
673	272	169	316
681	284	169	299
672	291	173	298
681	277	151	309
706	280	129	327
695	272	152	317
687	288	168	309
686	289	162	298
704	297	126	291
698	276	144	312
686	272	163	320
684	276	158	311
697	276	145	311
686	285	162	298
695	298	153	281
706	291	142	286
692	297	165	281
694	297	160	276
697	303	154	275
708	292	127	283
705	298	122	267
715	286	117	280
702	290	140	272
710	291	127	281
707	294	131	275
703	299	121	262
712	298	117	252
709	294	111	255
710	291	102	256
711	291	96	258
705	290	103	252
713	290	92	256
717	289	88	256
713	291	98	252
713	289	103	252
700	298	123	261
691	297	132	265
701	296	116	270
697	288	111	275
695	282	120	281
706	284	115	286
694	290	128	271
699	287	130	286
699	287	123	285
696	285	117	281
703	281	104	276
706	284	98	264
693	279	109	284
677	283	116	282
662	281	118	277
662	284	106	273
666	288	94	268
671	283	89	272
677	284	86	274
678	289	90	264
685	288	87	264
686	293	96	265
687	290	107	257
695	290	111	253
710	289	107	260
710	291	119	252
710	292	135	246
726	294	127	268
736	286	107	260
733	296	107	263
712	287	139	269
719	285	121	273
717	284	124	273
712	288	126	280
698	281	134	281
701	280	124	256
697	283	131	274
686	280	139	284
687	278	117	283
675	282	111	277
661	287	114	268
658	285	111	264
640	276	132	286
656	276	119	279
640	280	135	273
656	284	116	271
667	282	110	271
678	279	128	271
686	278	127	287
700	278	111	283
691	277	132	285
708	276	124	280
725	282	124	288
728	282	142	277
732	283	147	256
740	286	159	264
748	285	151	271
749	281	148	286
748	279	143	280
749	280	137	274
746	277	139	285
734	277	149	290
712	279	161	293
701	281	148	282
686	285	144	280
696	275	127	284
682	278	136	285
670	277	135	285
650	274	133	281
649	284	113	279
642	285	112	272
633	279	116	266
626	283	120	269
619	280	120	273
606	280	118	273
589	281	112	281
566	285	121	272
557	290	115	276
525	284	146	277
502	286	153	292
478	298	173	263
476	288	146	279
473	287	122	279
459	284	129	276
447	284	126	288
445	280	114	292
433	289	117	293
401	280	141	294
392	268	141	301
400	281	115	282
392	285	125	286
395	283	112	298
383	283	124	296
378	291	127	297
378	284	127	293
375	290	110	292
368	275	102	297
358	278	102	295
344	295	109	295
337	290	106	287
330	284	109	288
324	286	104	294
310	282	114	289
303	287	116	281
303	285	105	285
303	283	103	290
311	275	95	296
317	281	92	291
315	294	102	288
324	283	98	284
334	293	93	284
342	294	98	281
327	286	112	284
338	292	96	277
347	290	92	290
346	284	92	287
352	286	88	286
349	291	95	286
347	289	101	286
350	285	94	289
353	287	91	296
351	286	95	301
344	285	99	307
344	287	99	291
353	284	91	282
351	286	84	283
349	291	93	274
337	292	102	280
331	293	111	268
330	299	114	272
347	289	95	273
366	288	77	272
368	287	87	271
367	295	97	269
381	289	84	282
388	299	87	270
396	294	89	262
395	291	110	264
390	282	118	269
389	287	118	271
391	278	119	279
404	286	106	270
416	293	85	266
420	299	83	260
411	297	95	260
406	297	109	258
411	289	110	270
428	292	100	267
441	302	82	269
443	303	85	264
435	307	93	258
438	304	92	268
443	304	94	263
450	302	93	264
460	297	86	263
463	298	90	264
469	296	95	268
468	288	110	281
485	292	106	269
487	304	141	256
495	301	150	252
494	293	151	265
498	300	162	248
495	300	156	250
489	289	163	255
483	303	165	249
482	296	154	260
479	296	132	267
482	312	109	243
478	307	97	252
470	302	104	261
469	314	83	243
463	311	83	250
446	302	90	261
431	299	86	265
423	301	89	266
409	298	104	275
399	294	111	269
375	293	133	274
364	282	101	292
345	294	114	273
331	303	128	272
319	298	114	258
329	306	87	269
318	296	89	260
302	300	99	267
290	295	111	269
280	302	116	260
284	302	106	260
291	302	101	254
299	302	95	254
300	298	103	262
301	295	114	268
306	303	123	264
331	290	108	268
355	291	92	272
363	286	98	276
359	291	115	262
367	298	116	265
373	287	117	270
374	296	107	270
370	289	103	264
369	296	98	265
367	290	100	271
357	299	105	275
355	286	98	279
348	304	96	276
346	301	90	266
332	300	93	264
311	303	109	269
313	307	102	258
307	298	99	267
305	294	98	274
307	298	90	272
299	305	102	266
306	297	98	265
315	293	96	272
313	305	101	258
314	296	108	257
323	306	99	252
321	301	114	256
328	307	108	257
332	297	111	260
336	308	118	251
342	298	109	262
347	301	105	267
347	294	99	270
349	294	102	279
342	285	114	279
347	295	104	272
337	295	107	278
345	298	96	271
339	291	99	276
336	292	103	278
330	286	112	269
325	291	122	272
327	297	112	271
336	290	101	274
345	296	96	275
341	297	109	275
342	293	106	268
341	293	114	283
351	293	96	264
359	304	97	270
362	298	99	259
364	300	103	269
371	297	98	260
381	308	95	248
376	297	104	247
381	304	88	257
368	297	104	255
363	294	105	262
357	294	112	266
357	291	112	275
356	293	110	269
356	296	104	265
353	292	105	274
343	290	105	290
340	283	105	288
336	302	104	273
323	292	119	275
324	296	112	273
325	286	109	286
316	284	117	299
311	282	122	298
308	282	120	303
306	282	109	309
304	285	107	309
304	277	96	307
311	279	95	320
304	278	100	325
301	274	101	338
300	275	94	331
286	271	114	331
289	266	114	336
281	259	125	352
270	264	132	343
261	265	137	339
256	268	131	340
253	263	135	345
259	266	116	344
250	279	125	351
256	289	106	327
238	283	127	341
234	276	128	353
236	272	119	349
227	271	123	362
222	260	134	365
217	261	133	371
207	247	141	375
187	245	154	388
186	253	153	380
160	248	180	397
167	245	172	394
168	270	160	387
183	254	151	399
173	242	164	389
200	252	136	392
195	244	158	385
189	257	184	376
189	246	182	388
210	235	176	381
227	246	154	380
238	241	150	376
237	254	166	375
228	249	187	375
228	249	183	378
238	247	162	376
231	255	175	372
251	248	143	375
236	252	174	384
245	232	174	378
243	260	174	385
231	249	192	377
231	259	184	365
225	256	168	366
230	263	150	375
226	264	142	383
218	250	127	382
198	251	137	379
178	254	167	381
175	249	163	372
179	251	163	377
164	251	179	384
166	244	166	386
177	256	146	374
166	248	151	374
168	255	144	367
150	248	172	369
125	253	202	372
134	254	167	368
138	264	169	353
139	275	176	343
159	264	165	348
182	251	142	364
189	254	150	353
212	264	138	355
205	254	160	358
229	276	161	346
256	264	126	338
279	273	117	338
284	255	138	344
280	261	156	345
289	261	145	336
296	267	130	342
301	267	129	332
290	272	127	340
290	266	135	335
284	267	139	333
284	262	134	330
272	278	163	319
292	291	123	301
293	275	141	312
303	271	110	313
308	273	93	321
305	278	101	314
302	280	108	318
297	272	120	314
291	276	116	315
282	269	126	329
280	281	120	317
273	266	122	328
265	281	128	324
273	272	109	324
263	269	125	336
247	272	143	343
238	291	146	329
238	269	137	334
241	282	136	334
243	265	128	329
230	282	134	345
220	262	140	351
213	265	134	368
194	263	154	366
178	262	163	366
167	257	179	367
179	256	160	374
164	252	162	398
164	244	159	393
154	257	164	385
146	244	178	397
139	245	193	382
149	253	180	392
161	259	166	381
177	258	153	381
181	254	152	377
196	248	130	392
197	251	138	378
198	235	128	376
208	257	125	362
192	253	158	359
195	262	160	359
194	265	172	347
217	264	156	350
222	262	151	356
236	247	151	355
251	257	143	369
275	249	127	369
283	247	130	380
286	248	143	372
287	245	137	379
282	239	136	396
283	244	130	396
279	250	118	391
257	241	133	387
248	245	132	394
238	242	129	392
215	245	138	394
190	239	148	404
171	239	161	401
146	256	182	398
165	243	145	398
167	255	156	385
177	260	154	383
174	232	149	384
183	253	155	374
188	247	155	375
214	246	148	380
236	238	122	384
237	240	148	385
227	248	178	383
254	244	165	372
282	251	148	379
301	245	150	374
308	241	160	374
308	247	179	375
298	243	214	374
307	236	217	377
301	236	196	387
302	244	205	385
298	231	242	382
268	239	253	383
265	248	242	374
252	241	227	377
218	253	174	367
213	267	145	352
198	251	141	365
167	261	161	366
154	269	166	349
160	258	157	348
149	255	169	354
153	255	163	368
158	258	154	358
160	267	161	360
160	257	169	363
170	246	166	367
199	251	150	371
228	254	137	366
240	241	141	371
236	246	179	391
270	242	163	390
298	238	156	380
302	256	213	370
306	249	211	369
342	256	170	379
340	249	186	373
363	246	179	381
367	247	180	394
388	245	174	384
402	238	182	375
408	239	202	380
429	239	235	389
472	238	185	377
486	240	206	363
514	251	194	376
528	255	186	359
527	247	205	371
555	247	193	365
577	253	176	383
587	238	190	376
626	240	156	369
653	245	143	367
666	246	148	356
660	246	173	359
661	243	185	361
688	257	161	364
711	263	150	349
716	253	146	355
707	245	168	367
714	245	172	367
730	235	159	372
749	240	156	377
770	249	150	361
763	249	169	365
783	245	174	370
804	234	186	389
821	237	181	387
837	241	167	378
852	239	151	391
842	226	149	396
852	230	136	389
833	232	146	378
840	234	137	385
844	231	125	392
836	237	124	374
837	239	115	367
831	240	126	367
827	238	124	366
828	234	127	369
817	235	135	366
803	242	144	370
810	242	137	364
802	234	145	378
814	232	139	374
818	241	131	367
800	241	150	366
813	244	144	356
823	242	135	368
832	236	139	375
825	239	163	398
832	225	162	402
844	230	165	413
840	226	168	412
837	221	159	414
831	227	158	405
833	215	154	414
821	220	164	417
820	218	147	417
801	212	168	425
785	227	177	415
787	220	173	415
795	218	162	423
778	221	195	419
768	216	194	414
789	231	149	420
763	227	163	405
749	223	172	407
734	225	189	407
733	237	175	399
727	223	163	398
717	244	169	403
719	233	153	388
724	240	138	382
720	223	144	381
729	239	129	381
706	242	155	376
692	238	158	373
682	247	155	374
682	232	153	380
658	245	174	377
653	246	173	376
630	247	168	375
620	238	150	379
606	245	148	370
607	237	147	381
593	242	160	387
579	243	168	401
577	246	165	375
596	244	150	385
623	243	130	380
633	242	137	383
639	235	154	387
647	240	166	393
662	241	158	376
678	242	156	384
694	234	154	394
694	237	178	389
717	239	173	393
735	230	178	380
756	253	165	392
779	230	157	387
804	240	151	390
818	220	181	414
824	226	203	404
854	219	181	406
881	231	171	413
901	223	153	405
908	220	146	403
916	224	172	407
933	225	172	399
938	228	182	394
949	236	174	379
940	224	175	398
948	230	159	391
938	226	164	405
905	232	196	385
885	222	181	400
875	225	180	409
857	224	154	395
851	230	149	400
