0.555436
0.017933
0.017353
0.018698
0.017322
0.018758
0.019997
0.020369
0.020377
0.020306
0.018679
0.020210
0.020837
0.018137
0.016915
0.020773
0.019244
0.019104
0.019285
0.019050
0.021403
0.021018
0.017219
0.018644
0.018804
0.017433
0.018116
0.018450
0.017029
0.017138
0.018543
0.017025
0.018203
0.017191
0.017117
0.017267
0.018044
0.017910
0.019290
0.017992
0.023566
0.018107
0.019364
0.019410
0.018204
0.018274
0.019508
0.019341
0.019288
0.019222
0.019375
0.022128
0.019647
0.021965
0.019451
0.019565
0.019797
0.019626
0.019704
0.020047
0.024985
0.019766
0.022306
0.020901
0.022465
0.020671
0.021927
0.024664
0.021921
0.020417
0.020389
0.020476
0.022240
0.020083
0.020416
0.019189
0.019935
0.018679
0.019985
0.018750
0.023739
0.019006
0.020267
0.020032
0.022964
0.020239
0.020199
0.018718
0.020126
0.018783
0.020327
0.019082
0.019028
0.019009
0.020363
0.020324
0.019208
0.020409
0.021046
0.019296
