0.565908
0.017836
0.017426
0.017615
0.018632
0.018746
0.019774
0.018474
0.018463
0.018498
0.020027
0.020024
0.020010
0.019936
0.019881
0.020065
0.020140
0.020376
0.019189
0.020581
0.022996
0.019321
0.020351
0.020569
0.020515
0.020442
0.020813
0.021154
0.017411
0.017469
0.017394
0.017518
0.018961
0.018737
0.021508
0.021230
0.021088
0.021245
0.021522
0.020187
0.025062
0.017931
0.019199
0.019370
0.018039
0.017883
0.019484
0.019678
0.019765
0.019686
0.018340
0.019696
0.019547
0.019704
0.019692
0.019970
0.018128
0.022195
0.019616
0.020013
0.025001
0.019985
0.019822
0.019797
0.019739
0.019959
0.020123
0.020246
0.020179
0.021041
0.021074
0.019650
0.020285
0.020170
0.020495
0.020799
0.018662
0.020568
0.019947
0.020115
0.024217
0.020337
0.018889
0.020838
0.020845
0.020889
0.020849
0.020943
0.021316
0.019289
0.019116
0.021033
0.019624
0.020790
0.023411
0.021914
0.022015
0.019586
0.021147
0.023700
0.027035
