0.571307
0.026927
0.027166
0.026941
0.027269
0.027001
0.031036
0.031298
0.031114
0.031383
0.031168
0.031327
0.031072
0.031528
0.031296
0.031625
0.031384
0.031408
0.031804
0.028614
0.030725
0.028630
0.028761
0.028341
0.028637
0.028633
0.029150
0.029000
0.028820
0.028677
0.028867
0.028907
0.028904
0.028903
0.029121
0.029114
0.029351
0.029066
0.029065
0.029204
0.034317
0.030537
0.029745
0.029469
0.029571
0.029542
0.029634
0.029754
0.029767
0.029356
0.029594
0.029737
0.029527
0.029827
0.029607
0.029671
0.029883
0.029969
0.030095
0.029848
0.035080
0.030367
0.030246
0.030347
0.030287
0.031429
0.030264
0.030603
0.029939
0.030161
0.030574
0.030213
0.030519
0.030560
0.030399
0.029361
0.030728
0.029119
0.031039
0.030697
0.035487
0.030739
0.031181
0.031135
0.030769
0.030761
0.030873
0.030935
0.031002
0.030842
0.030885
0.030753
0.031079
0.031184
0.031020
0.030869
0.031193
0.031023
0.031051
0.031079
