0.526198
0.028488
0.030524
0.030455
0.031684
0.030702
0.030438
0.030663
0.033052
0.028793
0.031673
0.028874
0.027863
0.030445
0.035989
0.033124
0.029156
0.032293
0.030036
0.031425
0.034169
0.031706
0.032736
0.030751
0.030901
0.034152
0.031189
0.031578
0.030910
0.031018
0.031847
0.030382
0.031535
0.029933
0.030323
0.032516
0.033458
0.033050
0.034519
0.032613
0.032872
0.032282
0.032610
0.036655
0.034714
0.033243
0.032345
0.031358
0.030206
0.029848
0.031066
0.031345
0.029904
0.030991
0.030662
0.030376
0.029073
0.028914
0.031129
0.033292
0.028942
0.031867
0.032299
0.031669
0.031887
0.031636
0.033106
0.033508
0.032556
0.031056
0.036640
0.030433
0.030692
0.031232
0.030940
0.030512
0.031596
0.030679
0.030933
0.031058
0.030123
0.032555
0.030813
0.031589
0.029528
0.030128
0.031052
0.030867
0.029932
0.029628
0.031532
0.041683
0.030408
0.030810
0.031271
0.034799
0.035570
0.039119
0.038388
0.033561
0.033882
