0.507479
0.026625
0.027447
0.026711
0.027057
0.026854
0.027926
0.027807
0.028806
0.026555
0.028205
0.028069
0.028457
0.031735
0.028690
0.028914
0.028440
0.028709
0.028502
0.029106
0.028720
0.027063
0.029481
0.027238
0.027256
0.029421
0.027853
0.028614
0.031773
0.028416
0.028102
0.029759
0.029218
0.029001
0.027768
0.029108
0.029646
0.029913
0.030529
0.032028
0.029473
0.028104
0.028680
0.029539
0.029347
0.030205
0.031060
0.030228
0.030364
0.032557
0.030097
0.029534
0.029354
0.035367
0.034795
0.037636
0.040788
0.037087
0.046506
0.032767
0.034695
0.034184
0.032551
0.031371
0.035885
0.029684
0.029832
0.030576
0.031157
0.031044
0.031890
0.031311
0.032039
0.032726
0.031100
0.030450
0.030878
0.040679
0.030216
0.031212
0.029494
0.029147
0.031091
0.030231
0.030780
0.031309
0.036878
0.034565
0.033484
0.032352
0.031206
0.032073
0.031647
0.031864
0.031735
0.031134
0.031258
0.033389
0.041763
0.124084
