339	163	92	113
347	155	86	131
339	153	80	129
331	152	81	125
318	164	86	131
301	170	85	130
295	172	82	133
283	175	80	130
269	178	91	130
256	180	74	135
249	186	75	114
239	197	66	101
226	208	66	95
210	204	71	108
201	201	69	118
190	200	69	114
174	208	74	107
159	202	74	116
149	194	87	121
148	198	72	113
145	203	78	120
142	205	79	126
142	198	81	139
141	194	72	175
139	204	74	157
135	214	77	155
133	206	79	159
139	206	81	144
134	209	77	149
132	225	73	138
130	214	68	149
135	221	67	141
136	229	62	125
148	247	64	107
148	223	78	132
150	224	80	128
160	223	81	116
145	230	69	118
142	226	64	126
150	222	56	123
151	229	55	116
152	236	55	108
153	227	64	124
161	232	58	113
166	231	56	109
169	236	61	103
173	231	61	102
178	226	58	107
183	225	53	103
183	230	57	101
184	228	65	104
187	221	73	114
226	222	65	106
259	211	52	117
311	223	45	84
333	234	49	81
362	238	52	82
404	241	49	90
434	260	58	93
470	276	77	91
522	283	69	80
557	311	83	61
602	319	76	58
638	321	79	72
682	325	78	77
724	345	71	73
771	347	72	85
809	354	44	99
812	366	42	100
810	402	43	74
814	423	40	56
799	439	54	41
801	436	53	43
801	436	53	44
799	435	54	44
800	437	54	43
801	429	52	50
801	428	52	51
801	427	53	53
799	426	55	53
800	426	53	54
799	425	54	54
800	425	53	54
800	424	54	55
800	424	53	56
800	426	54	53
801	426	52	53
800	426	53	53
801	426	53	53
801	428	52	52
800	427	54	53
801	425	53	54
801	425	53	54
801	427	52	53
802	428	51	52
801	426	52	53
801	425	53	54
801	426	52	54
802	426	52	53
801	423	53	57
799	423	54	57
799	422	54	57
800	423	54	57
797	421	56	59
801	423	53	56
802	423	52	56
802	423	51	57
802	425	51	55
801	424	52	56
801	422	53	58
801	424	53	56
802	426	52	54
801	424	53	56
801	423	53	56
802	425	52	55
803	425	50	55
802	425	51	54
803	425	51	54
802	426	51	54
802	424	51	56
802	424	51	56
800	424	53	56
801	422	53	58
801	422	52	58
802	424	52	56
801	422	53	57
801	423	53	57
800	423	53	56
801	423	53	57
800	423	54	57
800	422	53	57
800	423	54	57
800	423	53	56
798	421	55	58
800	421	54	58
800	421	54	58
801	422	53	58
798	422	56	58
798	420	56	59
798	421	55	59
800	420	53	59
800	418	54	61
799	417	54	62
800	419	54	60
800	419	53	60
801	421	53	59
801	420	52	60
802	420	52	59
801	421	52	58
801	421	53	58
801	421	53	58
802	423	52	56
800	423	54	56
801	424	53	56
802	422	52	58
801	422	53	58
800	420	54	60
798	420	56	60
802	420	52	59
797	418	56	62
799	417	55	63
800	418	54	62
800	419	54	61
801	422	52	58
799	418	55	61
801	419	53	61
800	418	54	61
798	416	56	63
796	414	57	66
799	415	54	65
799	417	55	63
797	416	56	63
797	415	57	65
797	413	56	66
797	414	57	66
797	415	57	65
795	415	58	65
798	416	56	64
795	413	59	66
797	415	57	64
796	414	57	66
797	413	56	67
797	414	56	66
799	415	54	65
800	416	54	63
800	416	54	63
799	417	54	63
799	416	55	63
800	416	54	64
798	413	55	66
798	415	56	65
797	412	56	68
796	413	58	66
795	412	58	68
794	411	59	69
795	410	59	69
794	410	59	69
793	410	60	69
791	409	63	70
791	408	63	71
790	407	64	73
788	405	66	74
785	404	69	75
787	406	66	74
791	406	63	74
786	403	68	77
784	400	70	79
784	401	70	79
788	407	66	72
792	409	62	71
786	406	68	74
786	405	67	74
789	408	64	71
792	411	62	69
787	406	66	74
787	406	67	73
791	411	62	69
793	411	60	69
791	410	62	69
786	404	68	75
787	407	66	73
788	405	65	75
789	406	65	74
783	401	70	78
780	397	73	82
783	398	71	81
784	397	70	83
780	395	73	84
779	396	74	84
782	396	71	83
783	399	70	80
784	402	69	78
784	402	69	78
784	401	70	78
783	399	70	80
783	397	70	83
781	388	72	91
774	385	79	95
772	389	82	90
775	390	79	89
783	393	71	87
781	397	73	82
779	402	74	77
781	396	73	84
782	394	72	85
782	395	71	84
778	397	75	83
773	397	81	82
773	390	80	89
776	387	77	92
771	383	82	97
