0.519755
0.026598
0.026905
0.026675
0.027054
0.027381
0.027931
0.029036
0.027526
0.029401
0.030027
0.027226
0.032701
0.028677
0.028713
0.028186
0.027591
0.028068
0.028166
0.028357
0.028507
0.027035
0.027784
0.027896
0.027918
0.028597
0.031261
0.028795
0.027472
0.027329
0.027313
0.026958
0.027741
0.027160
0.027663
0.027648
0.027158
0.027487
0.027154
0.028289
0.027992
0.027945
0.027681
0.030329
0.030284
0.029866
0.030958
0.029935
0.029856
0.029785
0.030418
0.030639
0.031001
0.030360
0.030132
0.029818
0.030728
0.032479
0.041580
0.030770
0.031083
0.029954
0.029369
0.029733
0.029534
0.029663
0.031210
0.029771
0.032277
0.032176
0.031710
0.033882
0.034132
0.032715
0.031958
0.032518
0.031109
0.031274
0.032580
0.033748
0.032196
0.032117
0.031816
0.031307
0.031687
0.031675
0.030860
0.032470
0.029242
0.031814
0.032871
0.031534
0.029811
0.031223
0.031010
0.031531
0.033501
0.028883
0.030962
0.031320
