14.912320
0.028512
0.027025
0.026556
0.026903
0.027598
0.028985
0.028932
0.027807
0.027799
0.027923
0.027574
0.028408
0.029292
0.029310
0.027518
0.031677
0.029474
0.027899
0.027478
0.027905
0.027801
0.027707
0.028372
0.030355
0.028489
0.028431
0.027378
0.028267
0.027990
0.028056
0.028267
0.028647
0.029409
0.028925
0.028687
0.028654
0.029597
0.029455
0.029770
0.029039
0.028880
0.029024
0.030159
0.028599
0.030330
0.033736
0.032136
0.033478
0.033813
0.034938
0.033445
0.034611
0.033775
0.033753
0.031327
0.031985
0.032247
0.033317
0.033572
0.033841
0.032522
0.033570
0.033241
0.033445
0.037165
0.034145
0.033325
0.032064
0.031620
0.031730
0.032859
0.034073
0.032132
0.032597
0.033790
0.034633
0.033779
0.032954
0.034399
0.036417
0.034067
0.033390
0.035480
0.033844
0.034911
0.033840
0.034281
0.035836
0.034401
0.036317
0.035351
0.044577
0.035405
0.035427
0.035769
0.035727
0.035886
0.034875
0.035236
