941	1553	177	203
947	1556	179	203
956	1554	180	200
960	1556	180	200
969	1553	182	204
983	1556	175	193
989	1550	177	200
999	1546	171	200
1007	1546	163	198
1011	1544	161	198
1015	1547	163	197
1021	1546	156	191
1033	1548	147	192
1036	1548	149	191
1048	1551	143	187
1052	1547	151	189
1059	1543	158	196
1060	1540	169	202
1071	1538	176	203
1072	1538	184	206
1075	1544	189	198
1082	1545	188	197
1091	1546	186	191
1097	1549	189	191
1106	1547	202	191
1114	1542	201	196
1126	1539	197	201
1132	1534	209	211
1145	1535	219	206
1145	1532	228	208
1156	1530	226	209
1161	1529	227	212
1171	1527	230	215
1175	1529	223	214
1192	1527	228	212
1215	1523	207	211
1234	1520	201	213
1239	1520	200	214
1251	1520	206	209
1258	1517	213	215
1272	1512	210	221
1284	1514	208	216
1293	1510	201	212
1301	1506	206	216
1317	1495	206	232
1330	1504	195	220
1343	1494	215	227
1351	1501	207	226
1364	1497	215	220
1371	1492	210	229
1386	1493	198	232
1391	1497	195	225
1401	1497	191	216
1405	1493	197	226
1424	1493	187	222
1431	1492	191	223
1440	1488	217	225
1448	1483	206	227
1457	1482	213	230
1463	1479	210	233
1477	1480	205	228
1480	1473	210	232
1488	1480	215	226
1501	1473	217	230
1520	1467	200	231
1526	1465	198	231
1535	1464	221	234
1541	1460	209	236
1546	1459	234	233
1556	1469	206	224
1563	1464	230	225
1566	1458	233	236
1576	1458	251	233
1592	1459	235	230
1622	1445	232	236
1637	1451	228	228
1648	1444	241	234
1656	1451	256	231
1670	1455	246	228
1683	1452	258	220
1694	1450	251	222
1706	1449	240	222
1705	1442	253	222
1742	1442	234	224
1762	1444	211	211
1772	1440	218	217
1786	1436	220	224
1795	1435	206	218
1806	1432	204	218
1815	1432	195	225
1825	1437	184	210
1832	1439	183	209
1840	1439	190	206
1848	1437	184	213
1874	1436	165	210
1877	1434	172	209
1886	1432	169	232
1890	1431	174	214
1895	1428	175	223
1899	1423	174	229
