0.529197
0.026170
0.031561
0.029367
0.031526
0.030029
0.030736
0.031549
0.030748
0.030959
0.030938
0.031226
0.029943
0.030554
0.030244
0.031343
0.030599
0.031399
0.031681
0.032943
0.030262
0.031856
0.031966
0.029523
0.031010
0.030110
0.031331
0.037277
0.031150
0.032090
0.031335
0.032380
0.032148
0.034213
0.032491
0.031977
0.032347
0.031818
0.032094
0.035700
0.031578
0.031953
0.033633
0.032286
0.030030
0.030641
0.032758
0.031816
0.031434
0.030938
0.031971
0.031856
0.030165
0.032156
0.031764
0.030677
0.032575
0.031474
0.032106
0.033267
0.036411
0.033424
0.031179
0.031879
0.030531
0.032900
0.033743
0.032238
0.033138
0.032476
0.033545
0.032546
0.033705
0.032629
0.032278
0.032694
0.032995
0.033618
0.032919
0.033612
0.034384
0.032580
0.032982
0.037680
0.034318
0.033366
0.034117
0.034573
0.038064
0.035933
0.034044
0.034633
0.033880
0.033208
0.033767
0.031561
0.032990
0.033825
0.032731
0.032187
0.032316
