355	332	404	169
358	341	405	158
391	353	276	140
402	366	291	146
412	365	295	150
394	363	381	158
431	362	256	167
412	371	242	159
404	371	256	153
403	372	243	146
393	364	263	151
400	361	265	161
413	351	245	154
416	346	245	210
387	347	263	185
359	332	305	198
373	325	221	201
369	335	207	199
332	317	310	213
293	312	260	191
320	308	203	244
289	314	217	223
248	313	245	214
247	311	233	213
232	323	259	209
226	328	318	183
244	333	313	184
234	336	314	189
233	342	326	169
249	347	251	149
243	341	232	160
200	338	266	167
227	332	211	155
229	333	214	164
223	335	232	153
212	329	235	150
221	335	229	138
230	341	219	136
233	336	241	131
236	336	213	139
232	333	215	130
236	338	211	126
239	332	216	130
261	337	191	120
282	339	160	117
284	338	155	123
253	341	192	114
271	343	145	115
267	351	145	112
264	352	148	119
259	347	155	125
257	348	158	125
256	355	153	117
250	353	156	124
246	352	163	131
226	351	199	130
238	353	157	144
242	354	152	145
235	354	159	142
233	357	161	138
236	356	158	137
234	357	156	134
236	359	155	135
236	365	151	132
232	372	153	131
227	373	156	137
210	377	178	133
203	378	166	134
186	381	166	152
183	384	165	141
179	383	164	149
183	382	161	149
197	385	147	147
196	388	148	147
198	388	144	148
202	397	140	141
199	398	132	146
193	399	142	152
180	400	159	151
175	404	142	157
172	406	141	156
168	407	145	155
160	406	154	154
167	407	147	154
167	405	147	154
161	403	154	156
171	405	142	156
173	408	138	154
172	417	139	149
171	420	138	143
172	420	147	151
167	422	171	160
146	425	164	163
149	426	151	171
125	427	178	166
123	430	170	168
117	430	183	166
112	429	184	165
115	427	184	165
123	425	178	170
