537	225	199	422
570	224	162	430
566	233	157	429
581	237	154	416
582	235	147	438
577	230	146	438
593	229	137	438
579	226	149	429
586	232	147	429
576	225	150	436
568	229	158	447
569	228	162	434
554	221	188	445
546	220	197	423
551	221	195	410
556	220	189	408
568	220	172	404
562	220	157	408
573	226	144	414
553	227	173	399
556	219	170	396
555	228	174	377
556	232	165	373
572	227	149	365
564	225	161	380
552	242	173	349
564	243	202	359
596	245	159	353
604	247	152	346
606	242	136	343
607	246	127	332
607	238	129	333
599	232	141	338
588	231	139	335
565	230	154	342
564	231	138	339
529	241	183	328
540	237	166	349
536	229	168	343
519	232	178	346
509	239	156	336
459	246	178	329
426	243	227	337
404	241	202	344
398	240	176	345
381	237	179	349
359	233	189	353
357	231	173	353
351	226	163	357
333	232	154	356
329	228	151	347
307	226	169	341
318	225	151	357
305	227	142	356
306	226	139	359
300	228	156	350
308	228	141	350
310	218	161	338
323	218	174	372
325	221	175	358
337	228	156	354
339	228	152	370
373	250	121	337
381	233	135	352
400	233	138	338
405	238	176	337
426	244	169	336
464	231	133	341
490	232	123	330
509	226	126	341
520	230	129	331
525	239	150	341
540	243	171	336
558	253	156	332
563	246	163	334
568	227	179	359
599	219	169	383
616	218	164	352
638	215	138	366
645	224	138	360
654	219	160	365
654	220	156	369
655	217	164	370
656	214	152	391
676	214	167	407
662	220	169	395
672	217	177	413
685	225	152	403
670	236	159	388
687	244	155	397
670	230	181	459
682	232	156	458
669	230	167	462
677	227	172	463
680	229	164	465
667	229	183	467
661	230	186	464
679	230	183	469
696	231	179	474
713	230	192	484
729	219	205	494
733	222	222	496
751	220	200	491
756	214	215	502
758	205	218	512
746	215	207	504
718	214	212	505
689	211	210	508
673	207	209	512
619	213	251	507
630	220	220	500
601	222	220	495
562	217	246	500
602	217	205	489
604	217	198	499
594	215	227	495
594	212	209	496
619	213	171	482
650	219	158	466
648	220	171	465
659	217	161	462
671	218	158	450
669	218	153	464
664	224	145	451
647	223	157	470
585	222	207	475
578	224	216	482
578	223	210	483
594	220	188	476
625	222	161	468
632	217	154	477
638	213	162	490
652	217	159	482
666	219	149	472
687	227	132	432
698	221	142	446
696	221	142	436
689	227	150	437
688	226	150	428
672	227	167	407
652	227	183	391
693	228	145	393
696	229	127	393
690	226	135	391
689	221	137	378
685	230	167	358
686	244	167	344
684	251	135	324
675	247	133	316
664	239	130	322
640	247	137	310
637	236	136	322
624	228	136	330
628	233	135	327
626	242	127	323
628	250	121	320
625	249	124	322
625	242	126	337
644	239	104	345
649	238	112	343
655	241	118	344
665	252	130	331
662	246	108	330
654	249	110	315
644	254	114	306
617	251	150	311
592	235	152	320
591	227	142	342
561	222	157	333
567	225	162	343
560	221	167	349
546	232	178	331
560	228	159	349
569	230	147	353
572	228	149	362
570	227	152	369
580	230	149	368
593	228	150	377
612	235	141	372
621	231	143	364
636	229	133	368
640	228	136	367
649	231	132	362
648	233	136	366
650	220	152	384
650	212	160	398
662	225	160	373
676	239	173	369
729	236	166	362
765	236	130	363
777	228	128	361
787	232	138	357
783	225	153	368
795	223	193	374
811	221	173	385
819	228	184	386
821	225	202	386
827	227	179	378
833	226	171	374
833	220	182	376
825	225	222	380
835	227	178	376
838	228	193	378
842	237	169	365
823	225	170	394
817	230	157	385
797	224	162	389
783	224	147	390
753	220	190	411
728	224	177	383
681	226	204	387
686	227	168	385
687	220	148	397
693	231	142	364
644	231	136	352
629	230	151	363
604	230	160	364
588	233	161	362
571	244	146	345
553	248	151	335
541	248	145	334
516	236	170	346
506	238	164	341
488	238	160	339
492	236	150	349
478	232	150	352
493	233	146	353
488	235	143	355
492	240	157	350
488	240	160	364
494	239	142	368
513	233	142	366
509	238	138	358
511	244	141	383
514	238	144	415
508	235	154	442
510	235	158	439
506	228	157	446
495	225	171	449
496	225	164	451
486	224	182	452
485	222	190	456
504	221	189	456
494	217	194	474
497	214	191	495
486	217	194	495
489	216	197	500
501	216	177	498
505	218	174	481
503	219	185	476
505	221	168	470
499	224	163	458
494	228	196	458
510	218	176	460
511	220	179	425
527	214	163	432
527	210	173	441
539	218	161	431
535	218	169	426
545	215	161	422
554	218	147	391
549	216	170	386
557	222	147	379
556	221	160	378
552	244	161	362
536	244	185	355
570	243	171	357
585	229	159	370
592	231	147	347
599	227	154	329
593	224	158	342
596	225	144	341
611	226	147	336
612	222	148	344
626	218	133	334
640	229	116	332
644	224	128	342
655	234	136	339
671	242	146	337
686	244	149	337
708	246	139	328
736	251	133	340
738	253	190	322
757	242	209	345
759	229	229	339
781	226	221	340
796	221	230	346
824	231	218	344
842	228	196	347
863	224	182	336
860	224	206	348
867	242	184	326
887	226	174	349
921	231	148	337
935	247	138	315
941	244	156	317
967	250	155	314
989	233	138	331
1001	243	143	333
1022	239	137	351
1023	236	157	347
1025	246	175	348
1029	253	188	358
1020	253	193	362
1030	258	158	341
1030	260	139	347
1007	255	151	355
999	249	147	364
979	244	157	363
934	241	185	369
904	242	179	358
905	252	202	317
894	236	182	354
896	240	158	344
877	236	158	343
888	253	143	315
871	243	152	341
881	235	168	357
887	235	171	364
889	249	176	346
889	247	170	347
879	238	150	347
863	225	148	365
854	215	162	379
831	223	184	361
816	227	163	329
802	230	151	328
789	229	146	358
781	240	124	322
753	235	138	353
729	231	152	358
702	249	158	324
706	242	119	319
692	234	133	324
659	240	146	330
624	238	167	334
606	233	154	334
586	234	158	345
580	249	130	332
554	247	159	329
512	251	175	337
512	244	159	351
507	253	144	347
491	242	142	356
500	235	145	354
508	232	148	365
504	239	133	358
506	236	137	351
522	240	132	338
508	249	151	326
486	251	198	326
477	242	175	322
478	252	171	314
466	245	164	320
456	248	153	323
458	246	138	317
466	246	130	324
463	242	130	348
466	240	134	346
469	235	143	351
471	230	137	355
487	233	142	362
489	240	129	351
517	239	141	354
509	239	150	351
515	239	185	351
532	235	173	358
552	243	168	348
602	245	144	348
597	243	154	346
602	240	147	352
604	233	154	359
600	232	159	357
619	222	145	367
612	234	159	355
636	234	151	361
618	237	148	355
614	239	150	346
610	243	144	345
616	236	132	337
616	238	135	316
615	241	131	307
611	239	135	310
607	243	131	304
614	244	119	301
621	251	105	295
620	247	94	275
624	260	85	258
625	259	91	259
619	258	90	265
614	250	98	278
604	249	100	280
594	249	108	279
618	249	93	272
615	249	103	265
617	255	106	260
619	248	109	282
614	233	119	296
612	232	114	286
611	234	130	298
613	236	105	301
633	235	106	314
632	234	106	326
620	230	121	331
614	235	132	329
604	232	155	324
604	223	135	348
608	235	128	342
610	239	116	339
593	252	131	333
570	256	157	330
571	257	168	335
591	258	148	343
616	251	131	362
632	243	136	381
636	228	143	400
639	220	158	412
653	221	158	410
659	224	167	402
662	222	184	407
675	232	182	401
703	232	140	394
713	226	156	398
731	220	154	401
755	232	165	389
768	231	204	398
767	239	260	382
795	232	252	384
842	223	217	390
861	219	229	394
881	217	218	399
908	228	203	388
929	227	182	391
946	231	166	373
953	231	159	373
970	228	149	375
974	231	148	375
980	238	152	370
985	236	145	369
980	235	150	374
979	222	152	396
975	210	142	406
965	217	144	400
957	224	152	393
934	220	177	403
933	224	164	387
923	229	138	388
894	222	165	392
852	222	188	400
848	213	178	386
838	229	161	370
798	231	207	364
776	215	163	388
762	214	160	384
757	222	154	381
741	222	156	380
683	234	191	366
652	247	199	352
653	242	181	363
638	238	171	362
635	224	179	380
619	223	163	374
610	234	140	358
613	221	136	367
599	220	134	367
594	226	144	356
596	225	141	361
585	220	147	376
585	228	158	366
590	236	145	362
583	230	168	358
573	244	155	356
570	251	142	335
566	254	117	312
554	248	160	323
552	248	151	327
545	250	158	313
547	244	157	310
547	245	118	300
556	243	122	300
552	246	109	291
544	247	115	283
545	242	99	276
551	249	92	280
544	247	89	279
545	248	83	273
543	246	85	267
542	245	90	264
540	247	93	262
552	250	94	255
551	250	93	254
563	246	100	269
576	243	114	258
571	249	121	229
591	253	132	241
603	250	114	248
613	257	123	258
624	257	110	259
625	257	97	256
634	257	112	266
635	257	106	273
627	250	97	286
622	253	101	287
618	252	104	284
603	251	120	298
595	251	123	303
583	247	122	303
614	251	117	296
608	254	101	292
620	249	108	305
632	243	140	311
636	254	121	290
613	243	115	279
617	242	110	307
602	247	128	308
613	241	109	310
577	237	138	322
559	237	157	323
565	240	131	318
569	238	119	322
575	238	109	331
553	235	131	336
525	237	171	351
545	226	152	367
536	227	176	367
550	225	158	365
545	235	154	371
553	232	143	385
550	224	155	397
536	231	170	393
521	225	193	400
518	234	205	399
558	232	165	409
562	231	160	419
561	236	178	414
560	237	192	414
561	222	196	421
573	244	188	393
590	245	175	385
577	240	201	392
557	236	222	395
546	239	197	370
549	244	149	360
542	248	153	348
531	248	148	352
502	249	173	356
506	240	174	367
534	245	145	364
535	258	147	353
539	242	162	387
546	235	163	390
566	241	156	379
575	233	156	390
560	227	192	399
600	242	147	371
597	233	154	370
596	231	158	373
612	231	138	382
602	237	143	364
623	237	129	350
630	245	114	321
625	245	120	321
615	244	129	311
620	239	121	329
622	239	109	315
619	237	119	330
614	240	130	321
602	241	131	323
594	239	142	330
575	242	155	332
544	240	172	337
521	243	202	333
498	240	148	342
478	242	135	325
472	241	121	313
449	233	139	352
420	232	178	355
396	236	187	343
352	234	202	349
341	240	196	353
357	246	160	336
333	232	183	351
341	228	215	366
353	227	164	366
338	227	174	370
337	229	168	364
329	232	169	344
329	225	171	354
338	238	163	346
333	235	178	353
390	233	134	349
417	227	121	352
430	228	128	342
443	226	134	357
450	231	158	361
461	227	160	329
480	232	165	360
518	228	130	355
533	242	136	341
536	226	153	349
529	234	207	343
547	238	223	353
581	240	170	355
595	250	178	326
619	250	187	353
631	241	207	354
651	242	177	345
674	239	151	338
653	230	140	289
683	231	150	359
678	253	128	280
689	254	105	314
681	258	115	308
669	253	124	323
657	241	126	321
661	245	147	321
665	258	152	304
664	259	139	298
662	256	104	299
663	256	89	298
659	259	90	290
680	256	88	283
675	253	80	286
678	248	105	288
664	246	110	284
665	250	100	283
657	251	123	273
661	252	111	273
665	245	98	267
672	253	82	252
671	257	78	254
669	254	88	253
672	259	82	240
662	251	106	258
676	251	107	260
687	241	93	273
691	243	89	277
693	244	92	273
689	249	97	272
681	244	108	279
680	236	111	282
675	231	124	291
681	235	118	299
685	234	131	306
687	230	131	321
686	233	122	320
681	229	132	324
674	237	143	340
677	250	150	329
671	248	151	333
656	231	163	355
652	222	169	370
659	214	158	369
639	232	158	335
639	220	149	343
644	226	151	357
657	221	127	363
652	225	143	370
639	214	134	370
634	216	137	368
627	219	152	372
