0.519305
0.025492
0.028063
0.029559
0.029271
0.033459
0.033307
0.031811
0.031916
0.031482
0.031354
0.032386
0.033491
0.032712
0.033111
0.034223
0.033826
0.032926
0.033373
0.032470
0.033315
0.032937
0.039447
0.032485
0.032991
0.031487
0.031642
0.031472
0.032724
0.033057
0.033415
0.050575
0.032495
0.034096
0.031863
0.036280
0.035443
0.033247
0.031200
0.032258
0.032775
0.029695
0.030900
0.030581
0.031592
0.030618
0.031771
0.031384
0.031366
0.037269
0.032626
0.032762
0.030168
0.030428
0.031071
0.030718
0.032718
0.031566
0.030035
0.033487
0.034644
0.033244
0.034145
0.034475
0.032620
0.035345
0.037436
0.033298
0.033470
0.032338
0.032830
0.032553
0.032635
0.031842
0.033491
0.034093
0.033808
0.033584
0.033247
0.032902
0.032858
0.033058
0.033898
0.034891
0.034431
0.034536
0.034225
0.034747
0.032626
0.033219
0.033910
0.034561
0.033935
0.035032
0.036058
0.034763
0.033049
0.035752
0.033208
0.034426
