455	88	61	170
458	88	64	179
459	91	63	180
459	91	65	175
460	90	67	174
458	88	63	167
459	85	61	167
452	85	73	178
451	89	82	179
451	83	84	191
460	88	80	195
461	92	91	214
466	94	79	168
468	93	78	170
469	89	81	178
473	86	80	188
476	93	77	202
475	95	75	197
479	98	75	198
479	99	81	207
480	101	75	183
480	102	76	179
482	99	79	187
483	103	77	187
488	106	57	206
489	112	61	215
492	113	59	231
495	117	55	200
497	119	52	190
499	116	53	203
503	114	48	186
506	104	46	199
512	113	39	203
518	115	37	214
523	116	38	240
523	119	41	225
524	125	44	215
523	127	47	210
524	127	48	217
525	124	44	209
525	129	45	224
526	135	45	249
529	141	43	248
528	143	49	242
526	151	53	226
527	152	52	232
524	158	61	213
524	160	59	217
529	166	51	239
528	175	55	252
533	179	58	289
537	182	57	310
541	189	66	356
555	228	57	230
556	245	74	206
568	197	73	258
583	206	73	242
596	202	70	272
608	207	65	314
613	210	72	334
627	223	56	348
633	232	55	233
629	234	76	263
642	237	71	248
671	236	57	245
672	237	67	285
695	247	57	327
702	247	61	356
712	270	67	314
725	270	68	312
728	293	76	261
736	272	74	285
740	272	75	251
743	274	68	269
750	279	73	285
758	280	71	296
768	282	75	303
771	283	64	313
774	279	63	281
779	279	61	287
777	276	67	230
769	270	76	267
750	265	95	282
758	263	87	293
776	248	66	285
773	242	68	261
774	230	67	244
766	220	72	224
758	203	80	229
765	195	70	216
764	187	67	242
759	179	72	225
763	169	61	256
765	165	55	212
768	151	54	198
769	145	53	190
769	129	49	192
767	121	50	194
752	122	56	183
747	130	62	177
751	134	57	174
