0.546393
0.028656
0.031440
0.032947
0.035933
0.034987
0.034049
0.039531
0.033188
0.033190
0.033087
0.033056
0.033474
0.033798
0.036654
0.037054
0.036396
0.036266
0.037995
0.035736
0.038373
0.037195
0.039581
0.034040
0.035334
0.037734
0.033115
0.033168
0.033712
0.032554
0.035787
0.036131
0.036097
0.038549
0.033695
0.035405
0.034617
0.031327
0.034273
0.034294
0.035915
0.032435
0.031251
0.035239
0.034963
0.036486
0.033509
0.035303
0.036126
0.033616
0.042344
0.035524
0.035912
0.035113
0.036567
0.036775
0.036655
0.035452
0.035379
0.036002
0.035638
0.037425
0.036634
0.037265
0.033972
0.035755
0.036952
0.035938
0.036138
0.034983
0.034810
0.037408
0.036882
0.036715
0.035170
0.034227
0.036619
0.043450
0.037873
0.039768
0.038137
0.038446
0.037662
0.039912
0.035947
0.035286
0.035169
0.036532
0.036470
0.036038
0.036265
0.036629
0.042523
0.036547
0.037828
0.042603
0.039835
0.038566
0.041743
0.040640
0.039989
