355	231	169	333
331	230	189	340
330	230	180	349
330	231	169	345
325	229	173	351
327	215	169	364
336	221	147	355
334	218	138	360
327	216	126	359
316	223	120	350
308	230	115	344
269	236	145	333
231	242	179	324
222	238	188	328
211	227	182	338
174	222	192	340
145	232	192	335
145	224	164	340
137	222	166	339
133	234	155	329
134	236	153	326
136	236	154	325
154	243	148	322
176	227	135	331
189	231	145	324
197	229	167	326
212	233	163	320
256	221	143	338
289	234	122	325
300	230	134	338
314	218	130	352
315	221	147	350
305	208	178	365
338	218	153	352
323	237	180	335
329	229	191	337
366	226	171	336
397	233	166	328
423	227	171	330
458	226	161	333
486	226	142	333
513	231	128	324
524	238	123	318
534	239	121	317
518	233	137	325
526	229	124	337
522	231	126	334
520	227	131	337
509	231	140	337
508	235	133	338
509	238	128	328
490	232	144	332
483	229	141	333
468	232	116	325
459	232	109	320
445	235	110	320
427	237	126	320
409	235	132	320
371	229	163	329
364	220	160	338
335	222	157	334
310	222	162	333
311	227	136	326
299	234	135	320
310	235	117	320
283	236	133	313
264	233	155	313
243	233	168	307
246	231	164	311
285	234	121	310
290	232	113	313
290	241	125	310
290	239	127	311
296	237	121	308
307	235	113	311
314	233	108	311
330	236	105	310
321	245	117	300
324	240	137	306
327	234	145	315
333	237	156	312
354	236	152	316
368	231	153	323
396	228	138	325
431	234	132	320
451	234	124	321
461	232	118	322
466	233	120	321
467	234	118	320
456	236	125	319
462	237	124	318
464	238	115	324
470	237	121	330
472	232	118	333
472	233	116	329
474	235	116	324
472	236	117	318
448	234	138	323
446	234	143	325
446	237	146	322
457	229	139	326
467	226	129	328
473	234	114	320
482	242	113	315
474	232	123	322
467	227	129	327
449	223	141	327
448	223	137	322
424	226	153	315
424	232	154	309
425	235	152	307
422	236	151	305
419	233	153	305
419	231	155	297
454	235	116	290
458	239	111	282
462	239	105	280
433	239	134	283
428	237	141	286
439	235	128	286
450	235	116	287
455	238	114	284
448	240	121	283
449	236	124	289
464	234	108	296
460	240	114	290
460	237	111	290
458	238	113	287
473	238	98	286
476	245	98	278
478	247	100	275
460	246	123	276
459	240	130	288
460	239	135	286
477	243	125	285
481	241	129	288
506	238	112	291
508	243	112	285
512	238	112	290
510	241	116	289
514	238	118	292
526	240	111	287
538	243	109	285
549	242	102	284
559	243	91	296
565	239	84	301
567	235	74	306
566	231	71	314
554	231	82	314
554	240	93	305
527	245	124	302
515	245	133	306
511	247	131	304
509	245	129	305
510	243	129	306
513	245	121	306
527	245	115	301
531	243	118	299
538	240	106	301
547	244	86	300
542	245	77	295
539	242	73	296
535	243	81	287
517	244	109	275
502	246	112	273
497	247	112	270
498	249	110	267
497	249	111	267
500	248	110	268
514	248	93	269
533	248	91	271
533	246	111	273
526	247	119	277
530	245	114	279
536	244	86	273
534	246	82	274
536	243	81	277
537	242	83	281
531	243	88	285
534	245	86	282
539	243	84	281
541	245	84	276
540	249	83	272
541	246	89	275
541	242	86	278
544	241	110	284
542	241	99	285
539	241	108	287
536	243	94	282
532	248	100	275
535	243	99	283
524	239	115	288
525	238	125	290
520	237	123	290
528	243	106	286
529	247	102	277
508	248	122	272
522	249	108	271
521	246	99	276
502	249	113	270
468	248	139	270
436	240	159	275
451	244	132	268
465	248	102	262
470	251	90	260
457	256	101	255
443	253	103	256
416	253	131	250
394	251	155	252
391	249	143	251
408	255	132	244
420	261	104	237
419	257	95	236
414	258	112	238
420	259	101	235
421	261	97	236
426	260	97	232
423	258	106	229
414	255	120	234
436	256	104	232
453	256	95	234
476	257	80	236
486	256	81	236
493	256	88	237
504	257	114	237
505	251	132	245
491	250	164	249
498	247	196	253
505	250	152	246
534	253	141	243
562	252	125	247
562	253	123	242
588	259	93	237
592	257	89	240
581	257	97	238
572	256	97	242
563	256	93	240
541	254	111	243
512	250	132	249
505	249	129	250
493	253	112	245
486	252	110	245
470	253	111	242
454	253	110	240
444	255	104	235
442	258	95	233
427	260	101	230
413	262	105	231
401	257	99	238
380	260	97	237
368	255	83	242
338	256	111	243
322	247	111	255
317	248	98	253
304	247	103	253
294	254	103	248
300	259	85	241
300	256	90	245
297	250	99	251
299	252	87	251
298	252	109	244
298	253	93	242
303	255	108	236
306	255	90	238
311	253	100	242
310	249	117	247
326	244	108	257
340	247	100	252
356	247	100	254
368	249	98	253
371	250	100	248
368	249	118	251
370	245	130	256
375	247	133	255
383	249	138	253
406	257	129	247
398	250	144	254
448	251	123	254
448	248	120	256
453	248	122	259
449	247	125	261
446	245	127	266
447	245	120	262
465	247	103	257
444	251	122	252
438	253	125	252
445	247	113	258
409	247	146	257
390	248	157	258
381	251	157	253
380	247	153	257
399	251	132	252
388	256	122	248
376	253	107	250
364	247	107	254
350	243	101	258
343	249	96	249
334	245	95	255
323	247	101	257
317	246	103	261
312	245	106	259
311	247	105	259
317	247	103	255
324	247	97	252
326	247	95	250
324	251	98	248
326	251	95	248
325	251	97	249
324	250	96	248
326	249	92	248
324	247	100	253
324	247	110	252
331	247	101	253
331	248	94	252
332	246	93	254
329	245	88	254
325	248	92	250
322	249	93	254
319	246	98	258
319	246	87	257
316	246	91	258
312	247	89	258
312	247	88	259
306	243	94	264
301	247	89	268
296	244	92	271
292	241	89	275
287	244	92	274
283	244	95	274
280	242	104	276
283	242	102	274
281	242	119	276
279	244	115	277
283	240	100	279
281	242	104	276
280	243	95	272
275	240	112	278
276	241	105	276
281	240	102	276
281	241	120	275
279	238	130	279
272	238	150	278
265	243	122	278
261	238	127	281
248	236	133	285
233	235	148	288
227	233	141	288
223	238	132	283
221	234	121	287
220	237	116	283
207	238	119	280
197	237	127	282
180	236	137	283
178	235	132	285
185	237	122	282
190	243	117	275
188	246	122	272
193	242	117	274
190	241	119	276
190	239	120	278
204	236	110	281
215	237	105	277
219	242	111	267
223	249	111	252
223	247	123	254
227	245	122	257
231	244	120	256
231	246	124	257
247	245	99	259
227	249	114	251
209	248	118	258
184	241	137	273
192	240	129	279
189	239	127	282
183	239	127	282
175	237	140	282
186	237	141	285
191	234	131	292
204	238	117	291
207	240	123	289
202	239	123	287
197	240	123	287
200	241	108	281
216	238	90	282
204	237	93	279
195	236	108	284
192	239	106	282
203	239	99	284
199	240	107	282
189	239	118	282
187	240	124	284
191	237	117	288
189	238	120	283
187	238	118	285
189	241	116	284
188	244	114	279
189	242	111	280
199	234	101	286
204	235	99	286
204	235	94	287
187	237	113	281
190	245	115	277
201	247	106	276
188	239	118	280
166	235	139	285
142	234	166	288
148	236	157	285
163	240	148	283
200	244	100	275
201	241	109	280
218	236	114	291
225	232	103	297
225	236	107	298
230	228	116	305
218	230	132	303
217	230	167	304
241	233	135	303
251	233	122	310
261	236	117	313
259	232	141	320
237	229	167	319
223	232	228	324
227	231	189	330
251	228	178	337
263	234	163	329
285	226	146	333
304	226	135	340
309	221	132	356
317	217	131	359
314	217	149	362
307	221	153	354
295	218	175	362
298	215	176	357
299	218	172	358
299	225	140	341
292	234	118	335
282	237	113	326
258	236	120	325
208	238	169	319
184	231	201	324
131	238	226	319
106	234	229	320
135	235	142	325
109	223	176	337
114	227	151	338
107	229	145	331
104	228	143	334
108	227	143	333
129	226	128	332
159	232	119	327
163	231	138	326
171	225	150	328
191	229	149	330
230	228	111	327
247	227	129	340
255	225	143	344
253	222	175	344
240	214	180	355
267	217	161	352
265	217	179	354
284	229	173	343
308	225	167	341
319	230	171	333
335	231	168	329
374	230	169	328
382	225	174	332
397	224	169	334
395	233	180	322
425	219	165	333
445	235	144	318
475	236	114	320
463	231	124	329
465	229	122	334
460	226	125	337
455	234	124	332
437	228	141	337
453	239	129	326
439	241	145	321
428	232	150	331
392	225	173	334
389	221	163	335
383	226	171	329
380	223	128	333
357	221	147	339
330	224	153	333
321	219	149	338
303	225	161	333
280	229	145	325
273	236	132	314
272	240	126	314
269	239	129	313
234	240	157	309
220	237	186	303
214	230	183	315
236	232	162	313
269	235	129	307
280	232	125	315
284	235	128	315
285	236	130	317
295	227	133	318
300	229	145	319
306	227	165	314
316	224	169	317
315	229	173	316
325	233	153	315
331	234	138	315
332	240	149	309
345	237	154	314
373	232	150	322
398	233	155	319
414	236	162	311
426	241	167	307
451	233	113	316
456	240	119	308
455	231	118	319
458	235	118	318
459	230	117	321
467	230	108	328
469	232	110	328
469	233	112	328
469	232	112	322
472	229	111	320
469	234	113	315
442	231	139	320
438	231	141	321
438	226	142	324
453	229	124	319
463	239	106	310
475	233	99	316
480	242	94	308
455	237	116	313
447	238	123	312
440	232	130	313
444	231	125	304
450	241	117	295
452	239	115	298
436	233	126	299
428	240	135	294
417	244	146	286
407	243	153	280
436	241	122	280
444	240	115	278
450	240	107	275
429	243	126	273
432	243	123	275
446	244	111	271
450	245	104	270
440	245	117	270
446	245	111	271
441	244	117	278
452	244	103	283
455	245	99	278
442	245	112	272
459	243	101	275
455	246	105	269
445	246	116	270
455	241	114	278
460	241	126	277
473	238	120	287
484	238	114	286
501	242	101	281
504	241	101	280
500	242	109	278
501	242	117	278
502	240	115	279
512	242	111	280
518	243	110	271
520	245	112	272
527	248	115	270
538	249	106	275
543	245	123	290
539	244	101	294
542	241	92	300
542	241	91	297
538	240	95	298
537	244	102	296
519	245	124	298
508	239	124	308
509	237	127	310
505	243	121	305
508	239	124	305
509	240	118	303
516	242	118	298
518	245	156	296
522	240	125	295
524	242	96	298
522	244	99	293
518	245	99	285
518	245	99	277
507	246	120	267
500	244	112	269
498	247	106	266
497	247	106	265
495	248	106	263
498	250	104	264
511	247	90	266
521	244	90	270
517	245	119	269
513	247	126	272
513	241	121	275
518	244	89	271
524	247	83	269
525	243	86	274
525	243	92	278
523	245	90	279
528	243	85	279
529	242	87	276
528	248	93	268
528	248	105	269
529	243	90	274
534	238	120	282
530	238	122	282
530	240	98	283
533	244	107	279
530	246	99	274
528	245	100	273
519	239	111	282
522	234	118	290
520	236	127	290
518	234	128	288
513	242	109	280
513	246	112	272
504	245	131	274
495	243	148	278
485	237	162	284
485	247	159	274
478	242	140	279
470	248	103	274
448	253	110	264
440	245	117	276
413	242	143	290
391	230	161	300
402	236	149	294
411	246	137	286
399	244	146	289
416	241	137	290
428	239	128	295
437	239	124	296
441	237	126	299
447	235	134	301
452	236	127	298
462	235	117	303
455	235	120	297
445	237	129	298
449	236	127	300
454	239	119	295
456	233	122	293
464	236	115	286
442	239	146	279
447	233	136	287
436	236	139	282
451	240	120	277
448	245	123	270
438	245	130	269
430	257	102	257
427	254	100	258
424	251	96	259
415	254	101	258
381	256	133	254
368	257	131	250
366	254	141	249
365	250	137	252
373	252	111	249
371	250	98	247
372	257	89	239
373	256	86	239
374	256	87	240
375	256	91	240
375	257	94	238
365	258	100	231
366	257	119	231
