0.524285
0.026415
0.030036
0.030271
0.029322
0.031278
0.032496
0.032558
0.032611
0.033234
0.032260
0.035686
0.033354
0.029808
0.035853
0.032704
0.031816
0.031676
0.030855
0.032428
0.032828
0.031128
0.031398
0.031173
0.031587
0.032124
0.033931
0.033962
0.035094
0.033082
0.031230
0.031820
0.032482
0.031841
0.036484
0.032750
0.034347
0.032735
0.037433
0.033441
0.033436
0.034222
0.032664
0.032710
0.033617
0.032833
0.032546
0.033093
0.034524
0.034199
0.033838
0.033869
0.033548
0.033445
0.033342
0.033837
0.034298
0.033963
0.032961
0.033355
0.034102
0.034039
0.034076
0.033993
0.032614
0.034029
0.032324
0.033256
0.033586
0.034721
0.033705
0.032282
0.033237
0.034859
0.034443
0.034774
0.034833
0.035439
0.036124
0.037063
0.043886
0.034178
0.037393
0.039258
0.041717
0.034098
0.034489
0.035542
0.034825
0.039174
0.033742
0.036233
0.038045
0.036516
0.036574
0.037493
0.034245
0.034847
0.035289
0.034041
0.034338
0.034557
0.034886
0.034587
0.034784
0.034926
0.035116
0.035608
0.033262
0.034696
0.036484
0.035936
0.034944
0.033590
0.033421
0.034823
0.034254
0.035630
0.035488
0.034350
0.037413
0.034000
0.035352
0.036956
0.035048
0.036214
0.033561
0.034014
0.034418
0.037663
0.035657
0.036343
0.033936
0.033288
0.034230
0.034361
0.034854
0.035993
0.034382
0.034365
0.034823
0.035902
0.034783
0.035449
0.035367
0.036959
0.034830
0.035080
0.035300
0.034983
0.035645
0.035001
0.035750
0.036107
0.036459
0.037672
0.037040
0.036759
0.043278
0.048470
0.046654
0.038214
0.038933
0.039075
0.040539
0.044085
0.038586
0.041416
0.043435
0.040648
0.043740
0.049097
0.047190
0.043111
0.043641
0.148056
0.140394
0.156735
0.154018
0.152478
0.151143
0.110219
0.112751
0.037317
0.039128
0.037455
0.040098
0.039688
0.040722
0.038218
0.042204
0.037921
0.039832
0.039251
0.038017
0.040488
0.039602
0.038080
0.039679
0.040397
0.039834
0.054194
0.040652
0.042507
0.046341
0.041989
0.038783
0.040400
0.038608
0.142722
0.144364
0.152190
0.155803
0.149532
0.150745
0.103270
0.123889
0.111653
0.140600
0.156238
0.152148
0.137606
0.142406
0.130003
0.045939
0.118252
0.089360
0.127321
0.138130
0.139698
0.141649
0.150136
0.151922
0.082953
0.119829
0.086408
0.137072
0.149642
0.140380
0.152209
0.140428
0.144986
0.073776
0.122054
0.146335
0.144961
0.152563
0.159024
0.153625
0.142062
0.111103
0.132745
0.050663
0.042850
0.039874
0.041320
0.041146
0.040927
0.041499
0.040129
0.041159
0.042545
0.042396
0.039949
0.039592
0.039398
0.041827
0.040357
0.038946
0.040194
0.039464
0.041781
0.040972
0.041336
0.041203
0.040242
0.039523
0.042309
0.042179
0.040017
0.039889
0.039776
0.039971
0.040231
0.042425
0.043689
0.043107
0.042892
0.040183
0.042874
0.040222
0.040329
0.041069
0.042282
0.041655
0.043113
0.041427
0.042967
0.044768
0.042853
0.042824
0.040592
0.041710
0.042682
0.041961
0.042677
0.043340
0.042237
0.042017
0.044781
0.050345
0.045094
0.044158
0.043159
0.042189
0.041379
0.041782
0.042902
0.042639
0.045124
0.046868
0.042202
0.042227
0.041620
0.042648
0.042949
0.042636
0.042966
0.043521
0.042073
0.043560
0.043850
0.043365
0.043184
0.043733
0.044449
0.042985
0.044231
0.042440
0.041974
0.043908
0.043095
0.043007
0.043322
0.043070
0.044390
0.043750
0.043799
0.043640
0.049372
0.043501
0.044194
0.043339
0.043596
0.043633
0.041875
0.046782
0.043001
0.045034
0.070263
0.042734
0.045405
0.044453
0.048167
0.045663
0.044913
0.042972
0.045905
0.043762
0.044999
0.045306
0.044795
0.044602
0.045006
0.044783
0.043608
0.045586
0.044332
0.044174
0.042757
0.043493
0.043147
0.042528
0.044221
0.045816
0.044847
0.045297
0.045678
0.044459
0.045182
0.042766
0.042818
0.044021
0.044706
0.044348
0.044039
0.044206
0.046152
0.054761
0.045089
0.044033
0.044576
0.043529
0.043144
0.043786
0.043657
0.044326
0.044600
0.043687
0.045181
0.044701
0.043947
0.045226
0.043692
0.043448
0.043868
0.043492
0.044008
0.045841
0.046934
0.045553
0.045150
0.043564
0.044219
0.043806
0.045116
0.043063
0.044946
0.043864
0.045225
0.044289
0.046634
0.043947
0.044844
0.045398
0.044350
0.044804
0.045152
0.044347
0.046782
0.047250
0.046432
0.050335
0.047449
0.047258
0.047621
0.046256
0.047155
0.045282
0.044946
0.045336
0.047425
0.047167
0.047214
0.046753
0.046102
0.047781
0.046253
0.046602
0.047275
0.047081
0.048301
0.050671
0.046957
0.047675
0.046607
0.046022
0.046866
0.045231
0.047470
0.047084
0.047563
0.047748
0.049030
0.047884
0.047433
0.048091
0.046685
0.047544
0.048155
0.047193
0.046160
0.050141
0.050824
0.048776
0.049887
0.046790
0.047792
0.047282
0.047285
0.047629
0.047982
0.048481
0.047593
0.047765
0.047664
0.049929
0.046468
0.048451
0.048682
0.048696
0.047684
0.048962
0.048908
0.048242
0.050881
0.047862
0.046320
0.049393
0.048147
0.046192
0.047528
0.048689
0.049275
0.048671
0.050034
0.048268
0.049166
0.048444
0.048648
0.048815
0.049862
0.048446
0.048118
0.050530
0.050578
0.049857
0.049190
0.049976
0.053303
0.052404
0.051122
0.050932
0.050160
0.050601
0.054337
0.051645
0.051805
0.052506
0.050208
0.051133
0.049654
0.051618
0.056691
0.059362
0.049432
0.051957
0.056115
0.058832
0.051998
0.050915
0.052734
0.051097
0.050173
0.052335
0.050465
0.048701
0.048789
0.051626
0.050815
0.049549
0.051429
0.053861
0.051239
0.050341
0.050163
0.050462
0.051113
0.052006
0.051284
0.051081
0.051562
0.051123
0.053581
0.052179
0.051790
0.051098
0.051833
0.051378
0.050889
0.050505
0.052662
0.051913
0.051751
0.050765
0.049466
0.052610
0.052899
0.051490
0.050258
0.050215
0.052906
0.051489
0.050572
0.051168
0.051455
0.052505
0.053700
0.052104
0.053713
0.053043
0.053849
0.058728
0.056132
0.055954
0.057534
0.053060
0.067355
0.057080
0.054289
0.061070
0.055151
0.054828
0.055980
0.052947
0.054094
0.055241
0.053941
0.056064
0.051509
0.052410
0.055557
0.054323
0.054076
0.053717
0.053378
0.053007
0.053627
0.054872
0.054412
0.053253
0.052273
0.053830
0.052571
0.053075
0.053517
0.056320
0.052907
0.053785
0.052666
0.053344
0.052407
0.053397
0.054301
0.052507
0.055719
0.054719
0.054378
0.062755
0.053066
0.054246
0.052581
0.057396
0.052057
0.054559
0.061502
0.054286
0.053764
0.054035
0.058083
0.054446
0.056898
0.053695
0.054232
0.062234
0.056661
0.053727
0.058860
0.053755
0.058023
0.054278
