79	90	392	446
68	89	431	446
49	91	476	434
28	90	511	456
14	96	556	479
4	98	575	497
2	97	562	483
3	102	579	474
10	97	579	455
6	117	617	390
16	131	622	330
27	99	625	320
23	138	630	275
20	99	624	261
64	145	548	211
160	125	446	268
231	129	374	268
229	111	360	311
224	101	370	328
238	96	391	348
253	96	319	333
265	96	333	358
261	91	354	390
249	99	415	407
245	89	444	394
220	94	483	385
208	89	489	390
192	95	507	399
127	98	556	401
101	99	599	403
100	114	614	356
98	107	596	375
112	115	582	352
141	100	564	343
149	96	549	374
109	99	576	404
103	103	582	380
94	98	594	411
105	101	598	417
113	103	595	409
120	109	611	438
149	101	609	430
190	124	587	414
188	120	592	423
210	133	569	415
210	99	533	440
214	108	496	423
181	96	503	431
177	99	502	416
198	94	367	429
214	101	349	424
226	97	342	430
244	100	337	414
232	115	359	383
223	135	371	364
185	145	374	363
154	127	407	393
109	98	457	482
70	113	492	442
15	98	535	515
31	106	497	467
37	139	509	471
90	223	465	392
169	361	401	256
230	400	337	212
244	415	321	198
210	418	381	182
207	412	418	192
258	406	357	218
275	438	347	185
244	422	410	196
307	425	394	195
311	444	388	184
392	421	347	218
441	408	335	232
496	404	322	245
567	429	303	205
617	411	338	234
703	398	256	238
722	399	237	256
727	397	233	266
736	398	223	260
718	390	241	278
748	384	211	269
739	377	221	281
738	367	221	287
742	369	213	284
730	399	229	256
741	407	218	249
721	407	239	262
737	405	223	257
743	389	217	277
722	400	237	269
726	403	234	265
731	408	229	261
726	401	234	274
730	401	229	247
748	396	212	236
754	407	205	228
762	413	195	223
737	404	222	238
