0.525392
0.028230
0.030312
0.030642
0.030927
0.032244
0.032336
0.032013
0.034243
0.031763
0.032097
0.032669
0.032177
0.032468
0.031218
0.032989
0.032292
0.032233
0.036616
0.033095
0.031584
0.032199
0.032397
0.031731
0.031672
0.031714
0.031895
0.033274
0.034253
0.035045
0.031985
0.032422
0.032736
0.032668
0.032017
0.031080
0.033080
0.033344
0.032499
0.031593
0.033118
0.032170
0.031574
0.032284
0.033085
0.033426
0.033087
0.034205
0.033092
0.033590
0.031807
0.032408
0.033393
0.032516
0.031792
0.034677
0.031694
0.031583
0.033574
0.033612
0.035067
0.033770
0.032792
0.033961
0.034332
0.031902
0.032100
0.033091
0.034361
0.033211
0.033312
0.032940
0.031410
0.036879
0.033633
0.034552
0.034330
0.034015
0.034241
0.033742
0.034002
0.034373
0.035735
0.035459
0.032741
0.033018
0.034145
0.034424
0.035859
0.036897
0.036666
