662	273	249	231
669	269	241	235
670	271	234	232
668	266	242	236
665	272	238	235
669	271	240	230
667	268	240	233
671	271	242	232
672	272	236	233
667	273	240	228
665	272	242	227
637	270	248	237
607	260	262	250
592	280	260	233
594	300	247	207
558	300	280	203
564	310	249	199
576	293	242	223
586	281	244	238
592	295	259	239
604	305	273	221
618	304	256	220
621	314	258	214
608	312	264	213
617	291	243	233
608	316	234	209
587	315	258	203
579	314	254	197
568	308	254	197
577	290	257	218
564	294	259	222
553	299	248	206
561	296	224	217
546	281	254	233
525	287	270	227
510	302	282	206
514	294	262	216
502	284	263	222
493	295	265	202
504	269	250	225
483	273	278	220
495	280	258	199
503	279	259	201
500	270	241	212
503	255	207	216
511	237	266	225
531	212	250	254
517	204	261	253
503	209	272	248
550	229	214	226
527	218	237	226
474	213	273	228
458	198	285	240
468	214	269	225
481	235	267	197
484	221	281	218
498	220	254	204
504	215	246	213
491	205	251	215
480	188	254	227
444	188	281	231
426	197	287	220
429	192	275	217
421	193	270	219
415	184	273	223
402	165	293	234
371	149	290	243
361	145	298	244
378	142	275	248
383	151	270	233
409	162	260	217
429	149	248	217
447	162	253	201
477	143	247	213
498	108	248	238
549	126	278	217
553	114	275	227
576	135	264	190
588	116	290	214
618	113	271	216
599	103	321	220
653	88	236	238
646	82	220	233
591	74	264	228
571	57	258	240
574	53	237	239
542	64	259	223
546	51	244	236
543	48	212	228
545	92	165	172
592	125	133	136
584	119	112	131
620	51	154	223
624	54	160	185
678	70	113	182
685	80	174	173
663	58	151	198
650	82	126	176
650	103	94	149
613	107	134	149
622	120	113	141
611	63	111	203
580	64	96	207
543	122	108	156
487	98	108	189
469	117	105	177
424	106	133	188
385	88	138	210
368	104	127	205
354	86	131	211
356	84	134	217
356	111	143	214
372	140	134	180
390	118	107	205
383	111	137	216
366	147	186	186
423	182	148	165
447	212	116	144
451	232	125	126
490	240	149	131
546	222	128	149
537	234	180	143
550	243	173	128
609	227	117	149
641	220	83	152
610	187	160	192
591	153	229	229
592	201	243	181
586	200	294	189
661	185	281	199
760	184	231	192
