0.509885
0.027405
0.026962
0.024975
0.025833
0.031076
0.031038
0.029588
0.030454
0.031905
0.030952
0.030541
0.030306
0.030869
0.031160
0.031201
0.031115
0.031071
0.031181
0.031034
0.031475
0.031604
0.032286
0.031462
0.031152
0.031746
0.032180
0.031308
0.031305
0.031443
0.032136
0.031797
0.031269
0.032580
0.032098
0.031742
0.031684
0.035889
0.034370
0.033202
0.030986
0.031925
0.030973
0.034585
0.033878
0.032423
0.033492
0.032736
0.032739
0.032797
0.035186
0.033677
0.033896
0.036302
0.034437
0.034516
0.034489
0.033512
0.033380
0.032548
0.034935
0.035013
0.033880
0.034025
0.034438
0.035975
0.034720
0.035591
0.034898
0.035220
0.035664
0.034867
0.034025
0.033709
0.033864
0.035561
0.034764
0.034529
0.033489
0.034031
0.033790
0.033200
0.033259
0.034076
0.032682
0.033895
0.035239
0.034978
0.034057
0.036020
0.032228
0.037643
0.033903
0.033159
0.033844
0.038505
0.034052
0.033098
0.033734
0.035665
0.035889
