358	144	40	97
356	147	41	94
349	152	48	89
347	155	50	87
344	167	54	74
341	155	55	89
324	144	69	102
326	140	64	107
328	154	59	98
341	167	46	88
324	177	57	79
323	173	54	85
303	182	71	76
292	181	80	83
292	177	77	86
290	170	75	95
299	176	62	106
300	178	61	103
308	201	47	88
314	215	40	75
312	218	40	73
309	210	50	95
289	194	57	102
286	207	53	96
293	230	43	71
281	232	53	71
261	221	68	97
256	221	72	100
259	243	65	81
260	251	65	76
237	256	82	68
243	245	73	83
227	228	88	100
219	223	96	107
213	220	90	107
216	221	75	106
212	234	71	101
224	238	59	99
205	243	74	92
196	236	80	104
175	231	90	145
168	227	91	158
170	227	92	153
171	225	91	159
170	231	88	150
159	238	96	147
158	230	96	151
154	230	87	153
142	223	91	160
141	228	87	152
121	222	101	155
122	234	106	148
109	239	104	136
120	258	91	118
124	274	96	104
134	277	99	102
135	277	121	100
146	288	127	89
153	290	123	88
161	290	113	92
162	291	110	92
162	278	124	100
178	286	125	95
186	278	123	101
202	299	113	76
193	286	132	90
221	301	117	74
238	304	114	68
253	298	120	76
263	301	120	76
268	296	133	82
283	299	125	79
295	298	117	83
306	297	112	91
318	300	103	84
318	295	113	88
324	295	111	75
321	288	117	87
339	293	98	84
325	290	116	85
329	290	114	93
335	287	113	96
327	287	112	100
326	291	99	107
324	301	94	92
304	303	103	86
312	309	85	83
295	297	97	106
283	291	100	118
282	293	104	99
272	287	95	107
248	284	126	123
247	300	124	119
245	302	110	112
245	298	64	113
245	275	97	139
246	271	78	143
247	274	74	139
252	260	60	141
254	240	57	151
253	220	53	160
