0.549798
0.029374
0.032007
0.034965
0.036725
0.037070
0.035050
0.035294
0.035885
0.033973
0.034964
0.031966
0.033816
0.037449
0.033874
0.041054
0.036673
0.032698
0.035010
0.031757
0.032373
0.034525
0.036273
0.034240
0.035791
0.035317
0.035284
0.034451
0.033323
0.074774
0.122908
0.129650
0.135592
0.147882
0.132795
0.141765
0.132562
0.125511
0.123970
0.127797
0.132504
0.136459
0.135031
0.135369
0.134628
0.075942
0.118907
0.122829
0.123471
0.137209
0.137028
0.132727
0.135869
0.136810
0.078581
0.118814
0.124780
0.126517
0.132568
0.134828
0.134227
0.136250
0.137869
0.082173
0.114712
0.125258
0.126006
0.136369
0.137328
0.138716
0.138674
0.139254
0.071263
0.111739
0.122422
0.121799
0.135081
0.138760
0.136624
0.136518
0.136787
0.083090
0.121903
0.033921
0.033360
0.033015
0.033731
0.033066
0.033534
0.034643
0.033634
0.033235
0.035697
0.034665
0.034208
0.032920
0.035449
0.034652
0.039181
0.036781
0.035049
