0.520006
0.029447
0.033315
0.035136
0.035885
0.034532
0.035528
0.035809
0.037801
0.041070
0.035952
0.034411
0.038332
0.037488
0.035468
0.036942
0.033548
0.034155
0.033502
0.036017
0.032966
0.033371
0.033919
0.035548
0.033830
0.032305
0.036267
0.033782
0.034755
0.032702
0.031583
0.032265
0.032130
0.031814
0.031810
0.033977
0.037490
0.038490
0.034713
0.033221
0.033292
0.034506
0.033619
0.033405
0.034659
0.034392
0.034772
0.033289
0.033501
0.034748
0.034761
0.035604
0.036300
0.035001
0.034539
0.036356
0.034307
0.033910
0.033906
0.034594
0.034838
0.035739
0.040068
0.034174
0.037413
0.065268
0.035024
0.035060
0.042280
0.042872
0.033779
0.034010
0.033827
0.036926
0.130628
0.124011
0.144550
0.134521
0.145493
0.145808
0.129553
0.074499
0.119872
0.059420
0.124606
0.154039
0.148356
0.146422
0.146205
0.146988
0.098687
0.115431
0.137758
0.158386
0.135632
0.148553
0.133285
0.138098
0.125553
0.046798
0.126432
0.037549
0.039440
0.123530
0.130509
0.148201
0.147659
0.135467
0.148288
0.107238
0.079818
0.070769
0.116104
0.121413
0.134364
0.135780
0.147675
0.145835
0.134919
0.076773
0.125147
0.070942
0.130166
0.146383
0.147738
0.136824
0.136304
0.151128
0.096743
0.073731
0.073164
0.034991
0.035826
0.037323
0.036556
0.034957
0.035318
0.035273
0.035180
0.034598
0.034305
0.039813
0.035700
0.034905
0.034122
0.034685
0.035336
0.035978
0.035936
0.037461
0.038687
0.038053
0.036696
0.037565
0.038375
0.037218
0.044175
0.039068
0.039669
0.040283
0.037982
0.038213
0.037187
0.036088
0.037161
0.038646
0.038801
0.037678
0.039117
0.037708
0.037379
0.035338
0.037105
0.037277
0.036232
0.036450
0.037102
0.036947
0.036607
0.036873
0.038535
0.037143
0.037747
0.036742
0.037553
0.037455
0.038492
0.039960
0.039137
0.041336
0.039415
0.037675
0.039809
0.041646
0.037287
0.038397
0.036655
0.044289
0.038231
0.038619
0.037973
0.037391
0.037398
0.039005
0.038555
0.036651
0.039121
0.038540
0.037693
0.038129
0.039355
0.036820
0.042394
0.038769
0.038744
0.041150
0.039203
0.039533
0.040013
0.041447
0.041797
