0.582016
0.027347
0.030099
0.029805
0.029618
0.029697
0.032001
0.030856
0.030774
0.030507
0.035705
0.031534
0.029962
0.030002
0.031075
0.033269
0.031272
0.030754
0.031393
0.031007
0.031221
0.032638
0.031255
0.031402
0.032711
0.030975
0.031834
0.031630
0.031611
0.031964
0.033494
0.031908
0.032612
0.032067
0.031957
0.031625
0.032300
0.031473
0.030714
0.032096
0.031674
0.030173
0.032365
0.033102
0.033211
0.034016
0.033258
0.031907
0.031979
0.032682
0.031908
0.033384
0.031905
0.031988
0.033751
0.034578
0.032200
0.034445
0.033229
0.034554
0.033603
0.033832
0.037694
0.032867
0.033212
0.032493
0.032988
0.032098
0.032189
0.031923
0.032856
0.032209
0.032585
0.035310
0.033919
0.032460
0.033087
0.033247
0.033115
0.030918
0.033470
0.033842
0.031761
0.031755
0.031956
0.033059
0.032544
0.033269
0.033180
0.034539
0.036718
0.033942
0.033304
0.032988
0.033004
0.034092
0.035589
0.035660
0.035810
0.037333
0.034537
0.033950
0.036070
0.034963
0.035439
0.034417
0.034253
0.035025
0.034675
0.035296
0.035739
0.036065
0.036456
0.035680
0.035843
0.037162
0.033031
0.033466
0.033238
0.034225
0.034635
0.035164
0.034596
0.036507
0.039039
0.039803
0.036640
0.035938
0.037333
0.037506
0.037501
