822	265	32	100
823	266	32	99
822	267	36	99
823	266	36	99
825	266	38	101
826	270	37	98
827	275	39	95
824	278	46	93
826	283	47	88
832	284	44	92
829	284	50	94
833	284	50	95
837	288	51	96
841	295	48	103
843	299	45	110
834	308	47	105
824	305	59	106
830	310	53	105
836	307	40	108
824	315	57	103
816	307	47	92
811	295	53	114
793	292	60	107
783	283	74	115
773	277	58	105
761	268	44	111
739	249	58	126
724	243	50	115
706	234	51	121
688	223	53	121
674	229	44	77
662	221	46	80
646	206	47	89
637	197	48	80
628	187	49	106
624	178	42	112
618	189	43	91
623	179	41	82
630	169	31	80
635	163	33	99
649	162	29	77
655	153	32	76
660	150	38	67
669	152	39	55
671	150	56	72
670	145	63	89
693	135	44	89
699	134	46	95
704	141	55	90
708	139	65	95
711	141	65	90
720	146	51	65
723	143	53	70
731	146	46	69
733	147	46	63
743	156	42	57
749	161	39	54
752	161	38	63
755	163	38	56
752	173	44	50
757	166	48	85
760	172	36	54
761	177	38	50
751	173	49	71
756	164	58	91
755	162	55	85
754	168	53	74
751	167	52	64
749	171	45	67
739	158	44	87
727	161	44	69
700	157	76	81
696	158	49	88
686	172	53	83
674	187	77	83
666	213	86	83
659	247	69	76
651	258	65	84
636	263	80	106
643	280	84	104
653	311	96	71
684	326	73	72
701	335	69	97
717	346	88	120
738	370	106	127
776	384	99	119
811	413	95	104
839	426	111	107
875	424	107	127
905	449	126	117
930	464	129	134
981	475	124	153
996	494	143	194
1017	507	199	213
1042	544	215	175
1137	533	133	186
1191	546	89	173
1190	548	89	171
1183	579	96	141
1192	590	87	130
1201	600	79	120
1182	610	98	109
1178	605	102	114
1177	605	103	115
1173	601	106	118
1171	600	109	119
1169	603	110	117
1174	601	105	118
1170	598	110	122
1175	599	104	121
1172	598	108	121
