0.512786
0.029004
0.031521
0.031184
0.031971
0.031604
0.032689
0.032940
0.035717
0.034523
0.037398
0.035316
0.034107
0.035375
0.033205
0.035947
0.037863
0.039191
0.040353
0.040375
0.035406
0.037072
0.035118
0.038635
0.038601
0.036536
0.037733
0.034528
0.035690
0.035281
0.036750
0.035738
0.034489
0.035151
0.034163
0.033639
0.035898
0.037313
0.035471
0.033242
0.035944
0.035134
0.035337
0.038957
0.036950
0.037962
0.035948
0.036420
0.036519
0.035257
0.034760
0.035771
0.037907
0.036891
0.035929
0.033242
0.034522
0.039995
0.034328
0.035147
0.035890
0.035059
0.034657
0.036498
0.037704
0.040996
0.036782
0.032486
0.032706
0.032710
0.035483
0.034149
0.033767
0.034478
0.033977
0.033738
0.065884
0.037270
0.034357
0.033309
0.035405
0.033813
0.035810
0.034862
0.034900
0.036198
0.035365
0.035197
0.036743
0.036234
