148	274	160	190
133	288	176	187
121	302	189	189
114	306	182	181
112	311	176	184
124	310	176	188
133	309	170	196
142	308	161	203
145	306	175	201
143	305	182	193
142	305	204	200
140	305	198	190
144	303	197	193
158	287	182	198
157	268	173	204
163	255	172	201
166	244	168	203
170	228	176	207
161	222	194	200
158	217	205	191
150	215	209	198
143	210	195	199
139	196	195	199
140	187	183	203
135	182	186	212
133	181	184	216
134	182	191	228
130	186	206	226
124	189	217	218
116	197	229	222
120	198	216	224
131	196	190	227
141	193	190	231
151	191	199	238
160	194	202	221
173	198	202	217
182	211	209	231
188	221	209	236
194	222	213	236
207	223	208	232
216	223	203	229
229	221	186	227
242	215	198	231
258	219	197	239
263	218	201	246
267	223	213	244
280	231	216	234
287	236	200	227
290	237	195	229
308	241	194	221
315	231	187	224
320	223	190	226
328	222	190	231
333	223	193	257
334	227	214	236
328	230	224	235
327	231	196	249
324	230	193	233
332	222	198	240
334	210	195	241
348	196	196	246
357	191	188	239
354	188	206	240
364	191	202	239
362	193	200	234
365	194	215	234
377	191	187	233
392	183	174	237
400	173	159	246
406	172	162	255
412	178	186	247
417	175	189	244
421	175	189	244
415	179	216	244
437	189	199	237
441	181	179	241
447	175	166	236
457	164	162	253
463	162	163	244
466	160	180	254
462	165	185	242
459	170	199	245
453	173	197	242
454	177	193	234
458	173	185	243
462	168	170	239
467	167	157	215
470	163	168	215
468	149	177	231
452	149	180	227
452	141	207	231
