152	215	59	157
140	215	87	158
157	205	68	166
174	219	50	153
173	206	59	168
167	200	62	176
178	206	47	162
166	216	57	149
139	220	94	150
142	224	87	147
147	214	65	156
139	220	57	153
141	216	49	154
115	231	59	145
114	234	54	145
90	235	84	142
111	238	48	125
116	221	57	160
98	226	74	177
89	240	96	168
73	263	102	153
118	257	48	133
116	255	47	144
116	260	46	133
85	277	87	123
80	277	76	123
88	262	64	136
95	277	52	121
89	285	43	120
90	288	55	118
86	290	63	121
95	293	55	127
88	298	60	115
96	253	51	165
105	280	38	149
100	277	51	157
102	334	59	104
91	323	76	120
90	311	75	129
107	311	65	117
112	299	71	117
115	313	70	108
134	310	54	99
127	306	74	115
121	308	86	113
148	304	90	107
153	305	78	108
151	293	92	115
181	294	96	137
184	288	86	134
205	280	103	108
223	278	77	103
239	279	70	106
230	270	96	115
244	261	91	115
268	256	50	109
283	251	35	111
277	251	49	106
272	259	53	100
271	258	57	100
263	253	53	110
255	251	49	113
241	252	73	114
230	254	56	117
223	258	44	97
209	259	65	105
197	262	62	89
188	258	66	102
161	262	81	116
158	257	69	125
155	250	80	129
154	240	81	133
172	235	68	138
186	237	59	131
193	240	57	131
196	239	63	131
211	233	48	141
212	229	52	151
216	233	59	145
223	237	65	134
225	235	73	135
251	224	54	140
249	222	65	146
272	211	45	156
284	194	44	168
290	192	46	169
294	207	58	150
313	216	50	116
329	198	36	129
341	168	52	160
345	171	58	156
356	197	53	126
370	200	54	128
384	205	52	135
374	198	69	144
406	203	46	135
419	200	46	136
426	200	50	133
437	204	55	132
453	203	47	130
467	209	45	119
477	203	46	124
483	219	61	112
480	223	47	95
468	222	95	104
461	216	76	112
452	219	51	108
431	230	58	92
407	213	71	122
385	226	51	115
368	227	56	111
352	219	66	122
304	250	73	118
301	251	46	117
285	266	60	98
308	247	53	113
322	252	56	102
343	239	44	107
349	235	40	117
354	234	38	110
364	235	48	108
368	225	52	117
388	235	44	85
396	231	40	95
407	230	37	97
410	228	44	103
421	217	36	110
429	204	35	122
435	202	42	119
433	215	52	106
445	224	50	93
462	230	49	113
469	236	55	121
475	252	55	130
476	257	57	150
475	265	78	163
480	279	105	178
509	298	122	165
552	334	97	158
578	341	115	150
628	352	111	176
687	376	112	184
777	379	77	180
767	362	108	200
789	378	95	192
800	365	83	203
805	380	81	188
803	383	87	195
788	345	112	228
776	348	127	227
775	354	126	216
776	358	128	219
775	359	138	209
778	355	125	198
770	361	109	212
772	364	104	206
767	361	109	215
767	352	134	217
736	355	132	222
741	371	93	192
730	371	116	198
732	364	107	213
735	363	102	211
740	357	103	214
738	356	100	216
741	348	103	223
739	348	111	221
738	341	117	228
747	339	111	227
777	342	89	213
794	333	81	228
826	340	60	215
832	347	62	206
834	348	69	202
859	348	63	158
873	333	66	176
885	331	68	191
892	329	72	197
903	338	85	188
906	339	92	198
923	328	89	196
923	330	110	201
942	328	93	205
969	338	64	189
975	334	65	202
981	331	68	196
978	340	73	192
962	349	79	175
955	364	97	152
944	379	104	142
922	374	90	152
883	370	133	163
875	370	77	167
845	374	82	169
808	362	100	185
786	364	88	168
763	360	111	178
732	343	111	212
