1.158487
0.030081
0.029575
0.030093
0.027608
0.027560
0.029395
0.033376
0.034889
0.039428
0.034081
0.035093
0.032049
0.032379
0.034980
0.033202
0.031969
0.033754
0.033261
0.032327
0.034760
0.033037
0.078994
0.121371
0.130064
0.146219
0.146504
0.146459
0.149085
0.097624
0.122239
0.135143
0.136972
0.135804
0.135329
0.149280
0.149500
0.132230
0.057784
0.093245
0.125479
0.126686
0.137194
0.136661
0.134205
0.134354
0.146544
0.067649
0.116825
0.118765
0.121385
0.135700
0.136414
0.134737
0.135870
0.134697
0.093985
0.117365
0.132521
0.131942
0.148178
0.146899
0.144824
0.147952
0.130712
0.128783
0.035425
0.033452
0.033489
0.033895
0.033175
0.034051
0.031859
0.031729
0.033731
0.032655
0.033686
0.033600
0.035131
0.033403
0.033777
0.034205
0.032681
0.032916
0.033566
0.032684
0.032955
0.032490
0.036775
0.034180
0.036840
0.034294
0.033201
0.034158
0.033901
0.032880
0.034198
0.034251
0.032230
0.033590
0.032825
0.033223
0.033428
0.032464
0.033943
0.039472
0.036325
0.035288
0.036135
0.034433
0.034621
0.032833
0.034385
0.035096
0.033718
0.035389
0.034888
0.034663
0.035297
0.034745
0.033761
0.033518
0.036302
0.034238
0.035938
0.035511
0.035044
0.035389
0.034370
0.033266
0.036735
0.036851
0.035948
0.034211
0.034422
0.036495
0.038161
0.036792
0.035870
0.034541
0.036406
0.036388
0.035611
0.037485
0.039598
0.036840
0.036885
0.036238
0.036686
0.036781
0.038765
0.035485
0.036463
0.037347
0.036091
0.036699
0.036616
0.035309
0.036405
0.036945
0.036785
0.036802
0.037083
0.036470
0.037281
0.037868
0.035881
0.035346
0.037966
0.040512
0.037391
0.035524
0.037178
0.036730
0.035999
0.036416
0.036309
0.037143
0.036441
0.035286
0.035619
0.037192
0.037271
0.038655
0.038542
0.038903
0.038001
0.037862
0.038268
0.037155
0.038951
0.036536
0.038082
0.038273
0.040899
0.037402
0.036902
0.036302
0.038551
0.036022
0.038390
0.038785
0.040532
0.036495
0.037962
0.038044
0.037935
0.038251
0.037478
0.036620
0.036117
0.037612
0.037644
0.038390
0.038321
0.038245
0.038414
0.037858
0.035975
0.038240
0.036455
0.038368
0.037424
0.036964
0.037381
0.037798
0.037730
0.037656
0.038234
0.036422
0.038979
0.038697
0.038870
0.038052
0.038432
0.037467
0.037434
0.039331
0.037757
0.038896
0.039632
0.038299
0.038890
0.038064
0.039464
0.039550
0.038867
0.038655
0.038803
0.038544
0.038471
0.039598
0.039716
0.039459
0.039182
0.040591
0.037880
0.039503
0.041030
0.038821
0.038592
0.041655
0.040347
0.041223
0.040806
0.040514
0.039408
0.043112
0.046486
0.049525
0.042537
0.043911
0.042459
0.043909
0.043251
0.044551
0.044323
0.041975
0.045061
0.051570
0.061055
0.057887
0.042037
0.042632
0.042590
0.044062
0.041840
0.041068
0.042084
0.039401
0.040341
0.043919
0.039691
0.040905
0.039640
0.039676
0.042521
0.040489
0.041558
0.041724
0.040706
0.042211
0.040729
0.041930
0.043048
0.040993
0.040642
0.041392
0.041350
0.042503
0.042323
0.043270
0.040772
0.042407
0.040842
0.041995
0.044671
0.040701
0.041812
0.042020
0.041636
0.041658
0.043757
0.041406
0.041611
0.040892
0.041485
0.041628
0.041426
0.041721
0.041436
0.041567
0.043679
0.042865
0.040302
0.042018
0.042117
0.042010
0.041764
0.042292
0.044312
0.041087
0.040715
0.042961
0.041456
0.043060
0.043799
0.043106
0.042163
0.044066
0.043841
0.044564
0.045277
0.042934
0.043224
0.044910
0.045054
0.042592
0.045093
0.042993
0.044867
0.047521
0.045705
0.046178
0.044513
0.044729
0.045254
0.045971
0.048721
0.041986
0.043701
0.045012
0.043223
0.044062
0.045155
0.044736
0.046416
0.045454
0.044190
0.044399
0.042176
0.044161
0.044744
0.045188
0.045853
0.044487
0.045830
0.042485
0.043413
0.044019
0.050275
0.044664
0.046419
0.043750
0.052479
0.051088
0.049324
0.044877
0.046514
0.054337
0.044759
0.044465
0.047360
0.045946
0.045248
0.044114
0.044706
0.042708
0.044880
0.044754
0.045186
0.044829
0.043978
0.045727
0.045831
0.044197
0.045613
0.046283
0.044889
0.043550
0.043365
0.046380
0.045182
0.048556
0.045532
0.046230
0.046369
0.046608
0.044499
0.044770
0.044888
0.046399
0.045404
0.046217
0.046230
0.044524
0.044116
0.045140
0.043634
0.046041
0.046369
0.046085
0.047090
0.047365
0.044096
0.045165
0.043687
0.046775
0.045398
0.045995
0.045854
0.046591
0.046573
0.046659
0.047153
0.046553
0.045765
0.046966
0.046717
0.048358
0.046546
0.046461
0.047891
0.057791
0.049031
0.048311
0.047257
0.047383
0.046681
0.046727
0.046033
0.050878
0.047296
0.047014
0.048541
0.048925
0.048249
0.047536
0.045105
0.047560
0.046227
0.046896
0.048646
0.048676
0.045666
0.046894
0.047051
0.046412
0.076817
0.047573
0.048320
0.049007
0.047497
0.049111
0.049397
0.048000
0.048135
0.046870
0.046809
0.048517
0.047539
0.049770
0.048861
0.050308
0.049597
0.048117
0.048245
0.048694
0.049607
0.047368
0.047317
0.049932
0.046984
0.047834
0.050418
0.050389
0.050740
0.049217
0.048946
0.049916
0.049978
0.050744
0.048586
0.047332
0.051994
0.049289
0.048924
0.048733
0.048508
0.049100
0.048245
0.049297
0.048172
0.048956
0.049173
0.050553
0.050863
0.049504
0.052655
0.050812
0.049642
0.048558
0.048557
0.048236
0.047068
0.049044
0.050390
0.049784
0.049806
0.048913
0.050990
0.051597
0.048864
0.050986
0.050759
0.054959
0.054340
0.052310
0.050055
0.055260
0.051537
0.060970
0.055552
0.050776
0.059480
0.059607
0.052869
0.053733
0.053071
0.070034
0.054611
0.059896
0.059866
0.060990
0.056254
0.055951
0.054648
0.053512
0.054789
0.054556
0.055549
0.060715
0.052961
0.053688
0.054715
0.053318
0.054290
0.053483
0.053544
0.053097
0.053253
0.054541
0.053409
0.053988
0.052180
0.051777
0.054668
0.052130
0.052080
0.055334
0.051307
0.052083
0.050837
0.052018
0.052624
0.051263
0.051295
0.052482
0.051864
0.055019
0.053648
0.052306
0.052781
0.053624
0.053264
0.052616
0.052884
0.052097
0.054279
0.051215
0.054559
0.052881
0.052089
0.055464
0.053679
0.054628
0.054305
0.056718
0.051995
0.052324
0.052715
0.053964
0.052310
0.054347
0.051896
0.053554
0.052070
0.056728
0.057362
0.057026
0.057467
0.058251
0.055201
0.056432
0.055718
0.056819
0.055624
0.055167
0.053726
0.058998
0.057664
