64	219	235	180
51	216	246	180
47	209	246	180
49	206	244	181
50	213	244	171
38	240	256	137
91	215	183	171
91	195	151	155
79	198	188	164
54	218	162	137
13	208	193	139
0	201	218	144
21	198	197	147
41	199	182	156
43	216	170	155
35	222	188	142
41	225	168	148
28	220	182	141
26	208	183	143
27	205	179	149
19	197	172	161
12	193	172	163
6	192	172	163
0	198	166	151
7	212	154	113
38	208	119	111
59	205	92	108
73	205	91	115
85	219	83	106
82	227	87	103
82	232	85	101
78	235	120	99
79	237	128	103
81	224	130	116
80	212	110	129
76	208	122	136
77	205	121	140
75	203	125	142
75	202	119	147
73	196	109	153
76	193	106	153
77	186	117	163
73	189	148	158
68	185	156	160
69	180	164	162
64	187	165	152
56	170	199	161
50	170	208	161
43	164	247	157
23	160	276	152
27	153	277	157
32	151	287	149
33	148	293	156
35	151	310	149
55	156	321	128
68	161	301	148
77	160	324	166
100	180	304	153
100	200	319	152
159	208	261	155
166	212	257	156
311	230	109	136
284	238	148	124
346	244	94	116
344	250	100	109
341	254	102	102
335	254	108	100
335	250	117	98
331	247	114	97
325	245	113	98
321	247	110	96
314	249	115	99
311	252	108	98
290	261	132	84
293	227	160	115
335	220	196	94
359	203	249	140
363	200	258	143
362	203	266	147
375	221	257	131
354	237	271	124
356	246	279	126
350	254	284	128
350	259	287	126
352	255	273	124
355	246	261	125
363	231	226	136
359	208	243	146
354	203	232	147
351	200	233	146
351	193	234	148
354	190	232	149
351	190	236	149
349	192	235	149
350	201	227	147
352	226	227	141
353	235	230	138
371	240	193	134
387	241	165	129
408	228	129	139
415	212	115	145
417	205	115	148
406	206	113	146
399	221	107	135
388	220	105	137
372	224	100	133
328	234	140	124
315	239	177	114
302	262	233	98
312	264	232	92
