0.556906
0.017568
0.018217
0.017318
0.017256
0.017072
0.019336
0.018130
0.018320
0.019467
0.018440
0.019482
0.018347
0.018468
0.018556
0.018505
0.019627
0.018644
0.018721
0.018751
0.020872
0.019808
0.019814
0.018768
0.020550
0.021960
0.022091
0.021036
0.022159
0.022166
0.020365
0.023740
0.019366
0.023514
0.020746
0.019415
0.020394
0.019226
0.019332
0.022147
0.024296
0.020430
0.019314
0.020413
0.019372
0.019342
0.020753
0.019681
0.020943
0.019702
0.020971
0.023926
0.022705
0.019687
0.020804
0.019698
0.019749
0.019806
0.019839
0.022650
0.025958
0.019746
0.021107
0.021170
0.021129
0.020142
0.021421
0.024233
0.020196
0.021382
0.020339
0.021517
0.020287
0.021410
0.021489
0.021594
0.020319
0.021722
0.021935
0.021776
0.025593
0.021827
0.021903
0.021814
0.021823
0.021886
0.021943
0.020753
0.020842
0.020813
0.020876
0.020917
0.021036
0.022420
0.021065
0.022350
0.021244
0.022582
0.022633
0.021213
0.027606
0.021357
0.021477
0.022838
0.021358
0.022712
0.021481
0.022808
0.021431
0.022980
0.021674
