358	144	40	97
359	151	40	91
351	156	47	86
348	165	50	76
348	167	51	74
347	166	50	77
330	152	62	88
325	150	69	99
322	156	69	96
324	167	65	90
316	171	66	87
306	171	73	89
294	171	84	89
293	176	81	85
288	177	84	88
288	171	82	97
296	180	70	106
300	183	61	105
301	194	56	97
304	195	50	98
306	199	47	93
296	202	56	94
289	202	56	98
285	207	55	99
283	221	53	85
281	227	52	79
270	229	61	87
267	232	62	90
255	243	69	82
253	247	71	81
245	254	77	71
239	252	80	73
235	244	82	82
219	232	89	95
214	232	90	96
205	223	88	105
212	234	75	101
210	244	74	93
219	259	57	76
214	251	61	84
200	245	66	86
189	239	72	92
179	234	81	113
174	234	74	127
166	243	79	146
166	245	76	143
158	242	83	147
154	241	83	150
145	234	84	156
143	231	85	161
131	228	89	160
122	233	94	157
114	238	91	144
112	245	98	138
117	253	104	132
129	269	103	113
136	283	122	94
140	285	134	95
145	292	134	86
151	289	123	92
161	281	119	97
165	274	123	106
173	278	134	102
170	272	144	104
173	277	148	102
179	285	149	91
218	297	121	82
234	300	119	78
258	294	117	81
264	299	123	81
278	294	125	84
282	297	128	79
287	298	131	78
305	296	115	76
314	294	112	81
315	290	117	87
322	291	117	83
319	287	123	90
109	302	107	99
115	298	102	101
133	294	91	110
139	295	88	107
150	293	82	110
160	301	72	103
169	308	66	96
178	305	54	100
187	311	49	97
189	316	49	89
194	308	49	101
202	305	48	106
294	286	63	102
229	307	47	103
245	313	43	98
246	318	43	94
246	316	42	94
239	313	57	99
241	307	57	103
244	293	53	115
242	281	62	118
247	249	59	138
250	238	52	141
