420	151	87	320
413	155	97	323
413	150	102	316
411	153	106	321
400	154	115	325
406	148	99	329
387	155	118	332
369	156	127	316
370	160	110	328
365	157	95	327
334	161	111	313
305	165	136	326
272	151	151	333
254	166	165	315
265	159	159	321
259	152	167	325
308	158	133	319
324	152	112	303
334	168	119	307
348	157	112	306
368	163	93	316
371	166	112	310
377	159	106	320
387	159	107	315
392	159	106	312
396	155	101	324
394	154	105	324
398	151	102	323
400	158	106	329
410	152	101	331
413	158	107	327
416	158	115	330
434	145	106	327
435	153	105	321
432	152	105	327
424	152	108	327
412	148	119	321
404	159	120	327
409	152	100	326
406	150	103	321
412	159	102	324
420	152	93	319
435	160	84	314
440	161	96	309
446	164	105	301
457	161	98	316
458	161	102	311
466	159	94	308
466	154	94	301
469	157	86	303
453	169	101	300
451	164	92	299
440	166	92	295
429	164	97	290
423	161	95	300
417	157	95	305
411	160	96	304
405	160	96	305
399	150	103	309
400	152	100	320
397	153	100	321
389	156	109	318
388	156	109	320
385	155	110	321
376	157	114	328
374	154	113	336
368	145	116	334
369	155	110	330
365	154	125	333
366	149	130	334
377	153	126	331
399	149	118	339
419	152	103	327
433	153	95	321
437	161	100	317
448	157	103	313
464	153	90	317
477	154	87	316
483	157	96	317
492	157	103	323
505	159	101	316
513	155	107	322
522	161	120	315
548	156	100	315
560	153	110	318
569	153	109	315
582	160	97	327
570	146	125	330
568	161	131	320
562	154	114	316
550	160	111	314
536	148	106	315
508	156	127	320
501	160	111	325
496	153	102	321
487	152	95	314
477	148	94	312
468	152	101	319
458	152	103	317
450	154	104	316
454	159	93	319
447	158	98	314
444	145	97	321
433	148	100	331
433	146	96	344
424	143	98	347
421	138	94	349
411	139	100	357
404	140	104	352
401	142	107	355
397	146	119	358
411	140	112	363
408	141	124	362
408	141	141	365
420	137	142	371
445	138	122	369
465	136	118	366
479	141	114	371
483	134	115	370
499	142	110	375
507	137	107	376
504	130	115	373
515	124	111	384
524	126	107	400
529	125	101	403
536	133	97	396
544	126	92	397
535	124	107	397
532	125	111	397
527	134	115	387
522	131	116	373
514	136	112	383
499	131	130	374
485	120	127	382
478	137	115	372
479	142	107	363
473	130	106	371
472	133	99	373
462	135	103	368
452	143	109	356
443	145	113	346
448	141	99	348
435	147	106	349
425	151	104	337
409	161	113	345
402	144	105	343
395	146	100	334
379	148	109	347
366	146	110	342
347	137	125	341
318	153	141	336
295	144	140	342
289	148	123	350
280	144	125	348
277	135	117	351
267	135	123	349
274	158	118	343
270	145	132	339
279	157	130	338
293	143	132	345
296	156	144	337
317	149	146	335
329	148	162	343
352	161	142	358
383	142	120	340
405	157	108	343
411	156	115	341
423	154	107	352
424	160	111	348
421	149	116	346
439	154	89	341
438	154	109	342
441	159	106	337
448	164	107	329
449	155	119	325
450	158	110	331
444	159	123	315
449	170	115	314
452	165	106	315
456	160	109	313
455	159	111	309
453	158	109	315
454	158	102	311
455	161	93	315
449	165	93	298
440	166	90	295
433	167	88	291
421	166	92	289
410	162	102	289
401	160	105	297
398	158	101	295
386	172	115	284
386	169	103	275
388	168	91	283
379	164	102	288
375	162	104	289
367	166	106	295
364	158	100	304
364	157	86	312
356	154	89	305
349	155	90	308
338	161	94	312
327	153	94	304
326	159	94	307
314	155	110	308
321	159	108	310
315	161	129	318
340	161	113	306
368	152	98	306
374	156	113	310
390	159	108	308
398	160	134	312
419	164	126	307
428	162	116	302
425	158	126	305
420	163	125	308
412	162	137	306
395	161	150	306
388	155	136	309
391	159	119	312
382	157	111	317
359	150	123	323
351	162	115	322
342	147	111	317
334	153	107	318
341	160	98	318
337	157	104	325
332	148	116	331
339	147	105	345
341	147	107	334
344	146	103	339
346	152	103	348
356	140	100	356
359	144	106	350
354	139	115	361
359	151	115	349
369	143	112	359
366	143	106	364
370	136	108	368
373	132	110	371
380	136	108	372
381	141	105	377
377	132	114	380
382	141	114	374
388	135	112	369
377	142	119	371
375	136	114	373
383	147	101	369
384	136	99	367
382	135	97	371
379	139	106	370
380	144	103	362
376	141	109	347
374	139	105	349
373	146	103	347
359	145	114	350
353	148	110	345
351	144	106	345
353	153	101	334
352	148	100	341
354	155	97	333
355	154	98	334
350	151	107	326
356	146	100	330
347	154	112	325
330	155	131	324
321	163	138	306
319	161	149	317
328	156	139	322
320	157	146	321
345	151	115	322
325	163	133	315
351	160	104	295
366	159	87	309
367	165	87	303
361	165	107	300
372	154	98	307
377	163	99	297
379	158	97	301
384	162	89	299
384	167	94	301
385	163	92	293
386	162	92	291
391	165	89	298
380	168	101	292
376	160	101	300
377	162	85	298
374	160	87	297
358	166	95	296
354	165	90	302
337	170	99	298
328	164	97	297
312	169	110	301
292	160	120	304
292	159	110	317
280	160	107	317
268	169	112	308
248	165	127	310
225	156	152	315
255	148	126	310
234	163	150	313
244	165	133	308
238	169	155	300
235	169	190	307
247	177	208	295
286	166	184	306
301	158	196	295
350	169	155	304
384	161	116	302
398	172	103	293
401	178	98	289
399	167	100	297
392	163	107	300
378	162	117	300
366	169	115	305
343	168	123	292
345	159	96	310
327	159	98	304
316	159	93	310
307	168	95	313
300	157	89	315
290	161	102	319
284	156	100	317
294	161	89	309
305	164	82	306
308	170	84	310
319	166	90	303
326	167	103	304
338	162	107	309
355	165	108	309
383	173	88	307
398	159	82	309
405	170	90	296
413	170	98	303
433	166	96	301
451	168	91	299
464	166	91	308
473	169	113	303
489	168	105	300
499	173	118	294
509	171	117	311
517	161	114	307
519	162	112	322
515	159	112	312
521	172	113	310
516	166	106	313
507	164	110	313
493	162	106	315
472	170	120	307
471	161	98	292
461	180	102	286
457	168	91	294
453	170	87	293
457	162	82	292
457	174	88	292
465	170	91	285
467	172	102	286
478	169	107	295
495	168	103	301
522	163	84	295
542	170	77	288
549	165	97	293
556	173	102	294
565	164	108	295
566	161	116	300
572	158	114	290
576	168	108	296
570	164	112	300
562	169	98	285
563	168	81	290
542	164	101	297
524	172	112	295
512	158	108	298
503	168	103	302
488	159	105	305
475	170	96	295
458	167	98	288
448	170	97	297
448	168	85	293
449	165	79	289
447	167	82	294
445	171	89	293
449	176	91	292
463	165	80	292
469	167	85	301
480	158	86	302
487	165	93	301
494	168	91	303
503	160	90	300
497	158	97	313
491	156	102	307
495	164	97	312
493	167	89	313
490	158	87	320
486	162	91	320
488	155	82	330
489	154	79	330
488	159	84	333
487	156	84	332
489	160	84	334
486	158	87	328
484	158	88	331
480	156	93	333
484	151	92	325
489	163	93	319
490	159	96	317
498	167	102	314
494	168	111	306
504	161	82	300
501	160	80	299
491	167	89	301
478	171	92	291
467	168	94	301
458	170	93	288
454	175	82	286
442	165	89	288
432	171	89	292
420	171	87	286
404	168	102	290
396	163	96	300
398	167	81	294
390	172	85	287
385	170	82	285
378	166	80	288
371	162	77	287
362	164	81	292
343	170	95	286
333	170	96	297
321	159	95	299
315	162	94	305
317	156	84	302
305	165	93	304
297	164	90	308
290	159	84	309
283	162	84	305
270	157	89	315
262	167	89	304
256	160	90	311
245	157	100	310
241	155	111	310
243	162	104	309
251	161	100	313
267	157	94	304
275	161	95	308
281	154	110	311
307	161	89	311
309	157	92	305
318	157	96	306
312	154	113	307
325	164	98	302
331	159	111	301
351	170	89	299
362	173	91	286
367	170	98	290
373	166	103	297
381	163	109	303
391	167	92	297
401	170	89	289
406	169	86	290
409	165	86	293
413	169	80	289
411	175	78	279
407	168	82	278
404	171	86	282
400	168	87	275
385	171	104	276
387	170	101	272
394	165	94	272
396	174	88	277
395	176	87	272
396	170	78	274
388	171	82	279
379	172	84	279
369	175	92	278
363	176	88	289
351	168	92	287
343	171	93	291
337	169	93	291
334	169	97	293
323	169	103	292
312	171	113	297
321	163	100	304
327	161	107	303
339	172	101	300
356	165	101	298
378	169	87	301
385	167	96	292
403	173	91	302
412	169	100	293
427	171	96	298
438	169	100	297
457	163	95	296
476	164	92	303
487	163	93	302
497	165	109	304
508	158	114	309
518	168	112	300
524	161	109	300
535	172	102	295
535	164	109	299
532	167	115	293
543	175	106	278
545	163	115	284
561	169	96	284
554	181	121	279
564	175	112	271
569	177	94	281
564	170	86	271
555	172	88	270
532	171	108	269
515	177	106	280
509	171	94	272
502	169	98	273
489	166	91	274
487	175	74	273
475	172	78	271
475	168	72	271
470	173	76	272
477	178	74	268
477	174	74	272
488	170	84	275
495	167	92	278
498	168	86	279
500	170	92	280
502	170	95	288
499	162	98	285
505	170	92	295
503	170	96	284
501	168	96	290
505	165	87	288
500	162	90	279
496	171	89	276
496	176	84	273
494	173	84	278
487	172	90	278
485	165	87	274
476	165	82	275
466	170	89	268
456	174	90	272
449	167	84	269
438	171	106	269
420	174	118	268
400	171	109	268
388	180	94	276
375	170	92	273
365	169	89	272
358	167	84	278
351	176	84	274
339	178	88	278
325	174	91	281
313	171	90	280
307	164	86	285
295	160	96	286
298	164	81	293
289	169	85	288
282	164	86	292
282	167	89	284
290	169	77	283
298	167	77	289
299	166	91	286
306	163	87	286
308	165	93	292
320	162	95	286
330	166	93	283
340	161	89	287
348	164	101	285
363	165	94	291
373	161	97	278
392	177	82	272
405	171	74	276
413	169	79	277
422	167	82	283
428	168	85	281
436	168	88	277
448	167	84	280
460	172	81	274
467	168	82	277
477	178	79	274
475	174	87	273
477	166	78	278
481	173	78	277
486	171	75	278
494	166	75	282
498	171	80	278
510	171	72	279
519	168	64	277
525	171	71	276
530	178	80	277
530	169	100	274
529	167	101	274
536	168	110	276
544	177	106	268
545	168	103	267
544	175	102	270
543	167	102	272
539	176	101	267
541	168	103	272
539	179	103	267
546	168	89	268
534	169	104	267
536	174	84	272
528	178	95	264
519	174	104	269
518	172	98	255
506	170	100	265
505	167	85	269
499	175	84	266
488	175	88	266
487	172	86	258
481	172	83	258
472	178	91	255
469	165	90	259
480	169	79	256
478	181	77	252
481	187	80	250
483	188	84	253
482	179	97	262
493	173	92	278
498	173	84	275
503	171	84	269
501	174	83	277
506	174	81	273
505	173	79	272
504	169	77	279
503	173	79	276
496	175	87	271
490	174	89	269
485	179	86	273
479	170	85	270
468	173	91	271
463	174	94	268
464	176	85	262
459	177	83	264
458	170	80	267
459	172	76	259
457	181	80	257
463	175	78	261
463	175	86	258
468	179	85	262
468	173	91	269
470	172	94	270
478	165	86	274
481	170	84	274
481	165	88	282
481	166	91	282
490	169	84	282
496	167	84	289
490	165	96	291
487	159	96	298
480	162	98	297
489	170	82	300
