64	219	235	180
62	219	243	175
68	210	235	178
88	205	206	178
75	210	212	175
93	227	208	149
100	177	183	185
97	190	139	171
56	200	136	167
7	205	170	158
12	208	185	142
14	205	190	141
7	203	202	135
32	200	178	159
40	212	165	154
34	217	184	145
20	221	191	145
14	213	198	141
15	204	193	153
4	204	207	153
4	201	191	150
1	194	182	153
9	194	168	154
4	196	164	149
0	203	163	125
10	199	147	123
16	203	138	120
33	205	132	122
43	216	126	113
55	226	114	110
59	230	108	108
68	234	107	106
77	236	118	104
71	222	130	118
53	216	132	128
73	205	114	143
82	201	113	147
84	205	114	149
77	201	113	149
80	205	96	145
77	204	107	149
76	188	118	164
78	193	138	166
73	190	149	162
79	181	147	164
64	196	156	147
63	181	167	156
69	169	180	170
56	178	200	157
38	166	239	162
27	164	264	160
36	163	254	152
36	167	263	146
33	168	284	144
47	169	288	148
57	172	299	143
57	191	324	141
60	171	352	174
76	205	343	159
75	217	348	161
87	229	337	154
89	230	340	151
87	236	355	142
95	244	358	135
73	243	382	134
60	252	396	118
33	241	426	128
65	235	397	125
42	229	424	135
45	229	409	125
38	238	413	130
13	231	441	138
29	230	410	137
45	248	378	114
37	224	404	132
37	217	436	135
153	182	474	170
193	190	426	156
223	191	405	161
202	205	423	155
209	226	403	143
205	240	418	139
116	239	399	149
71	261	441	135
41	255	478	138
46	243	487	143
33	232	494	147
30	214	495	163
44	190	518	178
20	194	510	166
24	194	508	159
15	183	535	174
21	186	551	174
13	188	547	169
36	201	530	168
31	220	538	171
30	232	510	159
45	240	491	150
37	234	510	154
80	230	476	145
53	217	503	146
95	207	453	154
109	221	424	142
104	215	405	152
118	212	378	148
120	224	352	141
123	230	340	137
129	229	345	136
122	256	320	112
135	254	290	110
