0.562830
0.016978
0.016468
0.015467
0.015774
0.015553
0.016557
0.017829
0.016840
0.016555
0.016777
0.017779
0.017636
0.016573
0.017787
0.016871
0.017916
0.016925
0.018187
0.018118
0.019156
0.018079
0.018004
0.016939
0.018223
0.017187
0.018390
0.018322
0.018351
0.017187
0.017419
0.017366
0.018765
0.017545
0.017632
0.018999
0.018800
0.017617
0.018791
0.017338
0.023994
0.017861
0.017854
0.019135
0.019064
0.017735
0.019088
0.017961
0.017861
0.019053
0.018050
0.018064
0.019421
0.018063
0.018130
0.018297
0.018098
0.018306
0.018341
0.018395
0.024548
0.018318
0.018465
0.018338
0.019067
0.019848
0.019847
0.018628
0.018716
0.019630
0.018464
0.018467
0.020292
0.020294
0.020293
0.018862
0.020264
0.020204
0.020162
0.018873
0.025301
0.019038
0.019116
0.020110
0.020023
0.018821
0.020273
0.020736
0.020806
0.019181
0.020170
0.019501
0.020778
0.019358
0.020887
0.019467
0.020924
0.020833
0.019210
0.019270
0.024693
0.019741
0.019338
0.021221
0.020797
0.019510
0.019545
0.019531
0.019889
0.019538
0.021097
0.021067
0.021147
0.021075
0.021226
0.020040
0.021364
0.020111
0.021308
0.020053
0.026265
0.019982
0.021470
0.020499
0.021802
0.021914
0.021903
0.020500
0.021979
0.022038
0.021964
0.022173
0.020576
0.020648
0.020672
0.022048
0.022092
0.022295
0.022079
0.022274
0.027266
0.020887
0.020984
0.022439
0.022412
0.020998
0.022514
0.020709
0.021174
0.022183
0.021140
0.022528
0.022868
0.021182
0.022785
0.021267
0.022723
0.021325
0.021096
0.022456
0.026520
0.022995
0.022589
0.021249
0.021341
0.021777
0.023171
0.021543
0.023312
0.021834
0.021827
0.023184
0.023326
0.023499
0.023475
0.023132
0.022052
0.021802
0.023225
0.023214
0.028233
0.021870
0.023324
0.022636
0.022315
0.023312
0.023461
0.022072
0.023474
0.022126
0.022085
0.022671
0.024145
0.024060
0.022714
0.022574
0.022639
0.024092
0.022730
0.022720
0.029199
0.024158
0.024242
0.022867
0.022820
0.024612
0.022887
0.024682
0.022713
0.023232
0.024605
0.023181
0.024682
0.023184
0.025723
0.024933
0.023367
0.023508
0.023479
0.024975
0.029851
0.023856
0.023585
0.025110
0.025265
0.023703
0.025153
0.023633
0.025381
0.023943
0.023763
0.025121
0.023784
0.023917
0.023848
0.023623
0.025236
0.023745
0.025630
0.023727
0.028691
0.024196
0.024183
0.024144
0.024229
0.024170
0.024311
0.025704
0.024430
0.024542
0.025787
0.024446
0.024423
0.024443
0.024338
0.025928
0.025898
0.024582
0.025861
0.024603
0.029693
0.024507
0.026109
0.024559
0.026111
0.026558
0.026419
0.026338
0.026361
0.025003
0.026423
0.026378
0.025067
0.026495
0.026605
0.026440
0.026384
0.026718
0.025067
0.025145
0.031741
0.025339
0.026886
0.027112
0.025332
0.025317
0.026736
0.026761
0.026689
0.026785
0.027146
0.027055
0.026856
0.027054
0.025703
0.025820
0.027321
0.025832
0.027566
0.027303
0.030679
0.027535
0.027218
0.025916
0.027302
0.027397
0.027222
0.027405
0.027318
0.027370
0.026204
0.026241
0.027446
0.027435
0.026181
0.026239
0.027394
0.027585
0.027802
0.027889
0.032600
0.028001
0.027707
0.027669
0.028028
0.026502
0.028265
0.027993
0.028083
0.026765
0.028271
0.026882
0.026948
0.028601
0.026798
0.028489
0.027061
0.026741
0.028410
0.028867
0.033739
0.027128
0.028107
0.027026
0.027316
0.027051
0.028694
0.027222
0.027369
0.027395
0.027394
0.027270
0.027439
0.028702
0.028988
0.027683
0.029037
0.027634
0.027709
0.027740
0.034244
0.027485
0.028965
0.027904
0.029414
0.027929
0.029276
0.028004
0.029380
0.028082
0.027876
0.029162
0.029120
0.029358
0.029397
0.029394
0.029374
0.029285
0.029620
0.029587
0.034636
0.029698
0.029373
0.028423
0.029673
0.028301
0.028655
0.028360
0.028345
0.028306
0.028295
0.028441
0.028441
0.029730
0.028201
0.029746
0.029726
0.029638
0.030163
0.030241
0.035208
0.030234
0.030398
0.030223
0.029821
0.029920
0.029304
0.029175
0.029351
0.029216
0.029204
0.029354
0.030721
0.029270
0.030843
0.030840
0.031017
0.029407
0.030706
0.030972
0.035894
0.031322
0.031205
0.031036
0.030871
0.031184
0.031024
0.029571
0.031022
0.030908
0.031273
0.031295
0.031295
0.031225
0.031045
0.031312
0.031516
0.031137
0.031135
0.031486
0.035112
0.030070
0.030207
0.031463
0.031588
0.030372
0.031576
0.031333
0.031758
0.031440
0.031518
0.031698
0.031791
0.031904
0.030362
0.030181
0.030367
0.030324
0.030361
0.036462
0.035743
0.030805
0.039853
0.030673
0.032620
0.030834
0.031059
0.030855
0.032324
0.033207
0.032691
0.032494
0.032575
0.031197
0.032679
0.030947
0.032976
0.032764
0.032313
0.032456
0.037781
0.032714
0.032730
0.033224
0.032821
0.031376
0.031074
0.032575
0.032614
0.032723
0.032695
0.032714
0.033518
0.032001
0.031521
0.031610
0.031723
0.031350
0.031600
0.033425
0.038182
0.031833
0.031672
0.033155
0.033346
0.033559
0.033599
0.033206
0.033240
0.033215
0.032047
0.032092
0.034028
0.033763
0.034224
0.033753
0.034260
0.034264
0.032421
0.034202
0.038980
0.034241
0.034582
0.034425
0.034639
0.034195
0.034262
0.034443
0.034709
0.034809
0.034100
0.033847
0.034266
0.034123
0.034125
0.034320
0.034333
0.034176
0.034227
0.034218
0.039139
0.034389
0.032673
0.034248
0.034586
0.034673
0.034777
0.034250
0.034689
0.034354
0.034513
