0.560838
0.018389
0.017928
0.019197
0.017993
0.017883
0.018803
0.018791
0.020314
0.019013
0.018886
0.019025
0.018447
0.018838
0.020415
0.019229
0.019323
0.019233
0.020626
0.020541
0.022731
0.020670
0.020780
0.020778
0.019435
0.020683
0.019361
0.020563
0.020586
0.020721
0.019669
0.019727
0.019727
0.019765
0.019716
0.019681
0.019909
0.019920
0.021476
0.021073
0.025770
0.022140
0.020542
0.017986
0.021746
0.020298
0.021687
0.020423
0.020323
0.020418
0.020369
0.020401
0.020441
0.022015
0.020504
0.020683
0.020700
0.020714
0.020698
0.018408
0.024767
0.018503
0.019755
0.019669
0.019713
0.022577
0.018498
0.018631
0.020120
0.020138
0.020161
0.020113
0.020265
0.020284
0.018900
0.019546
0.020544
0.019427
0.020758
0.020901
0.024348
0.020986
0.020942
0.018667
0.020821
0.020162
0.018866
0.020253
0.019011
0.018980
