822	265	32	100
818	265	36	100
816	264	42	105
816	265	43	106
818	266	43	104
821	269	42	106
822	274	44	102
825	276	45	102
824	281	47	97
828	281	47	100
829	282	49	99
833	282	49	99
838	288	45	100
843	294	42	103
842	296	34	111
844	294	34	119
845	296	33	115
833	299	40	114
835	305	38	110
827	311	41	100
818	305	44	90
811	296	40	97
806	293	43	107
786	281	52	115
770	272	55	112
753	265	51	111
738	249	54	117
724	240	45	125
710	233	47	121
676	220	56	125
650	215	64	126
630	214	69	114
622	206	58	110
614	199	63	98
627	194	48	91
629	181	36	86
629	177	30	100
627	174	36	90
634	169	27	94
638	166	29	95
649	154	27	95
657	147	28	92
664	142	31	88
668	146	38	91
675	148	45	87
679	141	50	92
694	134	42	94
700	132	46	95
706	133	46	96
708	134	50	96
714	137	53	94
717	139	56	89
727	136	46	82
730	139	48	68
736	142	44	65
742	151	43	55
747	148	43	61
752	151	40	63
753	153	41	61
755	154	41	60
757	157	43	61
755	158	46	60
758	162	47	56
763	158	44	60
762	155	45	63
764	156	45	65
764	160	43	61
754	161	50	62
749	165	46	58
739	162	42	64
728	161	39	59
710	157	39	64
690	156	35	60
663	154	44	61
637	149	46	61
615	147	43	61
601	139	47	64
569	130	57	68
551	140	46	64
534	141	46	61
515	138	51	62
508	137	48	62
504	132	47	68
508	124	42	78
507	123	43	81
505	124	43	82
505	124	43	86
506	127	44	82
504	130	43	78
503	128	46	82
505	129	45	84
505	130	46	85
507	135	45	85
509	140	45	81
510	141	47	79
512	137	47	85
514	131	50	90
518	138	45	83
518	137	45	82
514	140	51	80
514	136	48	82
511	132	56	84
510	132	54	84
511	132	50	84
511	129	47	88
510	130	48	87
513	127	44	93
518	125	42	92
515	128	51	90
528	123	43	95
530	126	43	88
