355	231	169	333
355	239	179	329
343	231	184	337
343	245	165	330
340	237	160	332
336	241	157	330
333	230	148	335
322	249	145	329
319	245	128	312
314	232	111	329
306	250	112	335
269	251	136	322
245	244	161	318
223	230	176	329
209	239	160	334
206	227	144	336
186	231	138	329
183	218	117	340
158	228	139	336
142	235	145	326
148	231	135	328
143	225	151	332
160	233	140	324
171	229	143	325
189	237	133	318
205	231	154	326
221	220	154	332
251	225	143	336
279	234	138	317
291	238	131	327
309	225	133	336
323	237	134	332
326	230	151	344
330	227	171	329
338	250	187	317
355	240	176	313
374	246	171	315
400	236	158	317
434	230	153	322
458	232	158	323
477	228	152	319
507	242	129	309
506	239	138	316
522	230	126	323
516	229	130	319
509	228	132	338
518	222	122	338
514	227	128	345
510	229	123	340
496	241	134	329
504	241	121	322
486	236	129	327
475	228	115	333
462	224	110	330
448	224	108	322
432	227	120	320
413	239	132	308
399	231	137	313
366	233	160	329
350	223	184	335
332	235	194	330
302	223	201	328
303	241	174	319
301	239	177	313
307	253	159	300
303	230	160	315
301	227	127	309
289	238	139	297
282	244	144	292
283	239	117	291
290	243	120	314
286	240	127	306
292	252	116	298
295	231	117	294
304	234	106	306
309	226	114	317
324	236	112	305
321	253	130	300
328	242	135	302
340	252	135	301
356	238	143	303
359	244	161	308
371	237	167	313
382	241	171	307
417	248	150	309
435	235	141	316
451	232	125	319
454	224	128	327
458	229	128	326
451	230	135	322
461	228	130	321
461	235	125	327
466	223	125	343
465	230	127	325
465	226	129	330
466	226	123	329
468	235	125	329
450	232	140	320
443	218	146	332
439	221	151	339
450	221	144	326
461	232	128	323
470	236	117	312
475	230	117	325
469	226	113	330
472	226	112	324
460	223	116	327
450	225	127	312
451	227	124	308
446	231	123	306
444	231	129	303
444	240	125	288
438	231	131	294
434	229	136	293
451	236	119	289
449	238	121	279
451	243	118	270
436	238	130	281
430	230	138	281
440	246	130	283
447	238	122	277
447	234	123	282
455	240	118	284
454	233	118	289
461	235	111	292
465	238	104	297
459	225	112	297
466	238	102	281
468	232	101	292
470	233	103	290
472	229	103	295
474	228	106	291
463	240	123	285
468	245	127	286
484	242	117	278
486	241	119	279
497	238	116	293
506	238	113	290
510	237	108	295
506	235	120	292
510	236	122	285
511	243	130	282
534	241	111	281
538	246	108	281
553	238	86	296
556	239	83	304
555	232	78	312
555	228	79	315
550	225	84	314
541	236	92	306
527	239	108	312
516	238	113	311
503	245	124	310
501	247	124	298
505	240	118	299
511	246	109	304
519	241	109	308
519	238	113	300
525	238	100	298
527	233	93	302
528	238	88	297
524	239	89	297
525	242	84	286
515	243	93	281
501	242	101	276
495	247	105	272
496	250	101	270
485	239	117	272
491	254	116	273
504	242	99	276
517	245	97	276
523	241	109	283
523	256	117	272
528	237	105	270
526	249	91	272
523	245	88	273
525	242	84	272
522	244	87	275
522	243	88	283
527	240	85	287
527	236	82	286
527	244	88	277
524	246	91	268
527	239	91	277
528	233	86	284
529	240	94	281
531	240	92	283
524	245	98	281
525	243	97	275
528	243	94	274
527	238	97	278
530	239	97	287
525	239	110	289
518	237	117	285
508	246	122	277
522	243	105	287
509	248	116	276
516	247	108	264
517	246	103	269
493	241	120	270
492	244	122	265
477	239	138	267
463	259	137	255
466	263	141	239
468	268	116	242
464	252	97	249
458	245	98	257
445	254	119	250
435	250	149	248
410	248	167	243
418	267	156	234
418	257	136	229
422	258	124	232
417	266	120	226
421	268	113	225
423	263	108	231
426	264	107	222
423	263	112	224
427	255	111	225
435	259	111	238
449	254	104	236
467	255	92	243
477	250	89	246
488	259	90	244
495	251	102	241
505	255	122	242
494	249	150	239
508	261	138	235
531	241	127	238
542	256	113	244
561	250	105	237
568	260	106	242
573	259	105	239
578	259	97	235
574	257	99	240
569	255	95	234
564	259	89	240
543	251	100	245
512	254	124	245
507	250	117	242
493	251	108	243
479	249	112	251
473	247	103	241
457	248	112	245
446	261	116	230
426	258	131	229
417	250	132	235
410	267	126	223
392	256	129	236
372	254	141	240
358	258	144	238
333	261	141	236
314	255	130	242
317	255	98	242
307	250	99	248
299	252	96	256
290	260	109	240
293	259	89	241
295	253	87	250
299	253	82	247
297	256	83	241
293	253	90	241
302	253	86	246
305	252	87	239
307	261	96	234
317	249	103	239
330	257	101	246
350	257	91	249
359	252	92	243
364	251	102	247
367	254	103	249
372	249	117	249
371	246	135	244
381	230	134	253
384	232	140	260
414	248	124	241
428	261	123	239
434	253	125	247
441	247	125	250
442	251	131	251
451	249	128	255
457	252	114	254
466	251	100	256
460	248	108	257
443	244	125	253
437	247	131	250
441	256	120	244
433	249	120	249
427	243	121	250
431	256	105	248
413	254	122	240
397	254	132	253
382	252	144	246
365	257	144	244
355	259	132	239
345	253	110	242
338	256	101	245
331	256	97	247
324	247	96	255
318	253	102	258
320	244	97	252
315	254	106	264
317	250	106	251
322	252	96	251
326	249	89	253
322	259	92	245
324	249	90	254
323	252	90	239
325	259	86	235
324	259	88	246
325	252	93	251
324	243	99	251
323	241	109	252
323	255	102	254
323	240	92	244
320	258	87	251
320	244	89	246
321	247	78	255
320	242	77	263
315	243	78	265
313	236	77	254
309	251	77	256
310	253	71	252
303	246	76	262
296	252	79	264
287	247	84	261
289	243	79	276
284	244	83	275
270	252	100	264
277	252	95	269
277	245	101	268
275	251	104	266
272	247	116	276
274	237	102	264
263	246	106	276
274	241	92	272
279	238	85	275
266	242	95	279
273	241	87	278
268	245	98	271
269	242	89	272
264	245	89	275
258	247	95	270
252	244	111	268
243	236	110	288
234	240	111	278
221	230	115	289
215	240	124	293
219	244	107	276
221	236	107	284
214	241	105	279
205	242	111	280
193	234	115	276
194	239	113	283
206	241	95	271
205	247	94	282
199	239	102	277
206	243	99	272
215	243	89	272
219	235	87	282
213	239	98	279
224	239	95	273
224	250	98	258
230	248	99	247
232	251	106	256
241	245	100	258
241	245	105	256
236	247	110	257
232	249	109	247
227	256	104	250
226	253	98	250
229	246	87	268
232	240	76	276
226	239	82	278
214	239	93	279
209	237	101	281
209	242	101	286
203	236	110	294
198	236	118	289
210	250	113	283
206	240	109	287
198	239	116	297
210	236	91	282
211	242	85	289
206	234	86	284
197	237	99	279
203	238	95	292
203	239	96	286
198	244	104	279
209	237	89	286
199	233	104	288
193	239	114	289
202	232	104	279
200	236	103	288
197	236	104	289
204	247	90	282
199	241	92	284
194	237	97	277
203	245	89	291
207	240	81	282
207	237	87	283
198	244	98	272
207	250	91	274
203	239	95	273
193	239	106	280
188	235	111	292
188	225	114	282
184	237	111	287
201	244	106	283
195	244	109	282
213	238	102	282
213	232	100	291
221	242	102	295
220	228	111	301
219	232	121	299
221	237	151	295
225	240	173	296
237	244	153	298
243	240	150	307
245	231	153	311
243	242	161	314
238	241	186	309
227	236	215	316
259	257	185	304
277	237	170	312
283	223	174	322
286	236	186	327
297	227	186	328
308	245	153	324
311	234	149	327
306	240	153	335
302	228	150	332
291	233	158	344
287	224	180	341
283	246	176	328
279	232	166	321
266	242	171	315
248	236	163	318
216	244	177	304
185	254	212	304
153	229	190	304
161	234	152	313
150	236	129	325
137	227	134	328
122	219	141	339
107	231	150	335
100	233	151	322
99	224	158	341
130	224	128	343
146	233	125	320
157	231	139	322
171	238	137	321
190	227	133	321
222	231	126	320
232	235	148	344
246	225	135	340
250	238	135	329
251	226	144	336
269	233	155	342
285	226	171	334
295	246	172	321
309	239	171	319
338	244	155	317
346	236	161	319
362	246	181	309
384	227	180	324
414	231	152	323
422	242	153	308
435	235	151	312
456	230	128	320
470	239	115	316
454	223	128	333
450	226	127	335
449	224	124	338
445	231	125	334
450	238	118	321
446	237	126	332
430	231	136	331
401	237	161	321
395	225	133	329
388	223	118	323
375	229	119	334
369	224	120	323
353	226	130	329
326	231	157	333
307	225	166	329
292	234	178	309
287	245	157	311
286	236	132	306
278	239	142	319
274	235	138	300
267	253	142	303
262	244	140	290
255	239	147	299
236	234	174	307
251	232	167	308
261	234	159	303
277	245	132	287
276	245	139	295
283	233	141	306
281	232	159	301
299	244	133	300
308	229	137	306
311	230	139	310
319	247	147	316
332	232	137	319
335	228	150	317
339	256	167	291
362	233	166	316
383	236	166	307
410	235	148	315
435	231	124	311
450	237	112	310
448	232	116	317
450	237	114	311
450	231	117	319
458	227	113	332
460	219	108	335
466	228	103	338
461	229	107	330
463	230	107	321
459	227	114	318
460	226	115	328
445	222	127	331
438	225	131	321
434	240	134	312
442	227	127	321
466	214	103	332
460	232	109	326
464	235	105	315
462	231	105	321
456	224	110	321
453	233	114	311
451	228	119	305
452	239	113	297
452	237	111	297
448	231	116	300
444	237	117	294
441	234	118	296
434	239	125	280
442	242	117	276
449	235	106	268
456	244	98	274
432	240	125	273
435	243	124	274
437	239	120	270
443	245	115	266
456	243	100	270
450	243	105	272
447	244	109	284
460	243	97	278
461	239	91	288
458	237	95	279
458	235	96	278
457	237	100	281
461	233	98	280
463	231	103	286
470	239	111	283
480	236	111	275
487	240	111	285
497	241	104	288
491	236	114	290
497	234	111	278
497	243	117	277
501	235	119	278
504	233	120	282
502	237	123	277
508	246	118	270
515	246	114	271
521	248	114	268
535	244	99	290
531	241	100	295
530	235	99	299
528	236	101	302
524	235	102	303
518	236	111	304
510	237	118	307
505	237	114	305
502	234	123	312
499	243	121	302
491	239	130	300
499	242	121	300
505	244	118	290
510	243	115	289
517	242	107	288
517	237	101	297
511	240	100	288
511	239	102	287
504	236	105	276
501	242	110	274
495	244	103	269
489	241	108	263
488	249	108	262
490	243	104	261
492	248	104	267
507	240	88	269
515	242	87	275
518	241	98	270
512	254	108	269
516	245	104	270
514	246	88	265
510	244	87	273
516	241	86	272
513	239	87	280
517	239	83	279
518	237	82	281
517	243	85	271
518	246	93	271
517	243	93	271
521	240	92	271
523	233	88	282
517	235	99	283
522	239	95	290
520	237	100	279
519	248	106	273
518	242	105	270
519	232	102	287
519	230	105	293
516	229	106	296
508	235	112	288
503	241	111	276
505	244	102	268
498	240	116	281
493	247	105	268
484	240	106	274
478	246	103	277
475	238	98	277
463	248	102	277
455	253	104	264
442	246	115	276
430	239	126	285
421	236	133	291
430	243	119	287
424	248	127	273
414	245	133	282
411	246	144	284
421	238	131	289
411	238	146	301
426	238	132	294
437	232	131	294
445	243	128	292
458	227	116	300
456	240	116	298
456	231	113	301
451	241	118	297
459	239	112	290
457	234	115	290
459	251	120	270
457	244	124	267
464	242	115	275
442	245	133	268
445	239	129	271
438	250	134	264
430	242	138	267
426	252	119	257
428	266	97	242
429	250	90	252
424	259	91	261
418	264	93	249
406	252	107	236
390	259	126	241
378	252	128	240
380	258	130	237
374	249	111	244
369	257	112	237
364	256	127	240
364	257	122	237
366	256	117	236
367	253	126	235
364	261	125	235
366	262	123	227
