481	129	463	502
486	150	438	477
494	144	412	472
487	138	406	462
443	125	432	481
431	130	429	525
419	134	434	538
404	143	443	473
408	144	466	465
415	132	466	463
420	124	447	495
407	116	448	513
421	118	434	491
430	113	417	504
415	123	444	486
425	128	418	467
430	117	426	468
429	129	451	471
447	133	435	465
446	131	469	461
448	139	481	440
483	137	474	432
500	131	461	453
517	132	459	441
504	123	457	451
492	114	460	454
507	120	443	465
462	134	478	441
465	131	461	440
467	119	466	481
477	104	440	492
482	131	438	490
500	126	435	481
486	156	453	443
476	157	488	439
490	138	485	450
495	140	472	456
491	134	452	474
496	142	438	483
509	136	421	474
502	148	417	456
501	130	411	464
498	126	411	474
496	128	433	486
501	134	427	482
487	147	450	468
501	153	427	453
487	152	451	461
499	138	433	461
507	130	452	481
508	129	446	496
497	137	446	467
492	150	460	473
487	133	468	510
510	121	441	521
505	112	447	537
544	114	418	556
475	115	468	545
478	123	457	522
472	128	476	527
447	129	528	518
451	133	535	493
476	127	500	515
466	110	492	547
461	106	488	557
419	124	534	554
427	135	518	521
442	121	495	532
450	110	499	558
435	105	533	563
