302	105	76	291
301	106	73	304
297	101	77	296
298	102	77	289
297	99	78	277
300	100	72	262
295	95	76	255
293	91	73	255
295	89	70	264
295	80	69	273
292	73	71	278
291	67	72	277
292	55	70	289
294	41	65	311
296	45	73	303
293	44	76	266
293	44	77	276
294	37	71	285
297	34	69	299
292	35	72	288
294	34	69	292
291	33	70	290
293	29	66	290
291	21	74	297
294	22	67	305
291	27	69	305
294	34	68	293
291	40	73	282
293	49	75	270
292	44	78	278
291	49	77	299
287	47	110	302
288	56	107	283
288	54	97	263
286	46	94	277
285	42	89	281
286	30	85	299
289	31	76	302
292	28	67	302
294	30	66	298
293	22	64	283
290	17	66	285
286	11	71	291
286	17	72	285
280	26	80	293
275	35	84	279
269	45	89	270
267	52	89	269
263	57	90	281
256	60	94	290
254	80	100	283
248	76	106	289
242	66	111	298
243	71	114	290
238	69	114	281
236	61	109	283
233	44	115	296
224	35	119	301
218	31	132	310
214	52	132	308
214	51	132	317
214	56	128	316
210	65	136	312
213	75	135	301
223	91	130	272
224	92	129	258
227	99	126	269
218	101	136	260
217	108	138	254
223	114	134	240
219	124	133	224
217	132	130	216
211	142	130	223
210	156	136	207
202	159	144	220
197	171	146	215
195	183	140	208
192	194	144	199
191	191	134	215
186	202	142	200
184	198	143	202
178	204	147	197
171	198	140	203
173	198	133	197
167	202	134	197
165	201	136	194
153	191	142	207
147	186	142	213
143	185	142	215
138	176	146	226
142	171	139	227
139	175	139	225
138	180	132	215
139	190	130	202
132	190	133	200
126	183	137	204
120	187	143	198
115	182	139	208
116	180	131	210
109	172	136	218
89	163	156	226
