0.569303
0.016630
0.017380
0.016253
0.017412
0.016756
0.016892
0.016873
0.016814
0.016786
0.017437
0.018610
0.018632
0.018798
0.017677
0.018753
0.018147
0.019527
0.018219
0.018058
0.020514
0.018294
0.017355
0.018023
0.017910
0.018849
0.019012
0.018954
0.019082
0.019045
0.017635
0.010709
0.010662
0.018680
0.018997
0.017704
0.019247
0.019322
0.019384
0.017678
0.023651
0.018955
0.018249
0.019601
0.019471
0.018152
0.019270
0.018319
0.018157
0.019326
0.022016
0.022096
0.020570
0.020291
0.023224
0.022307
0.020787
0.023591
0.025424
0.018669
0.024955
0.020194
0.019976
0.019987
0.019961
0.020184
0.020100
0.020013
0.020333
0.020312
0.012328
0.012066
0.012047
0.012110
0.012078
0.012166
0.012197
0.012385
0.012324
0.012368
0.012403
0.012530
0.011119
0.011315
0.012574
0.012603
0.012607
0.015362
0.019387
0.020859
0.021327
0.019701
0.020944
0.019434
0.020969
0.020836
0.026351
0.022079
0.024824
0.021866
0.024958
