0.560483
0.015331
0.016458
0.015247
0.015156
0.015090
0.016106
0.016219
0.017414
0.016292
0.017305
0.017361
0.017348
0.016535
0.016457
0.016618
0.017550
0.017683
0.016738
0.017920
0.020297
0.018004
0.017872
0.017825
0.017967
0.016879
0.016887
0.016981
0.018106
0.016936
0.017943
0.017105
0.018469
0.018312
0.017251
0.017139
0.018139
0.018544
0.017379
0.017480
0.023413
0.017492
0.017354
0.017484
0.017771
0.019083
0.019242
0.017895
0.018014
0.017943
0.017924
0.017928
0.019414
0.018159
0.017941
0.018005
0.018006
0.019212
0.018199
0.018248
0.023197
0.019612
0.019628
0.018347
0.018373
0.018454
0.019516
0.018588
0.019700
0.018428
