435	328	54	132
433	326	60	135
433	324	69	136
424	324	84	140
439	329	70	141
448	320	64	146
461	321	51	135
469	317	54	147
470	311	63	155
472	317	66	151
486	311	61	164
495	302	60	162
496	311	69	163
498	298	82	185
501	309	116	172
512	309	124	177
534	315	126	196
586	307	90	222
577	315	123	222
576	316	133	212
568	318	157	225
587	308	152	237
592	299	154	243
598	304	171	232
623	305	164	249
642	302	160	237
672	316	149	222
708	323	134	231
728	315	116	234
724	321	120	274
715	327	134	224
728	331	126	231
730	315	113	257
732	294	113	262
733	286	118	278
726	271	120	271
731	265	110	269
725	273	112	256
717	257	121	249
702	244	125	268
680	240	132	260
652	230	147	256
659	230	134	263
652	223	123	261
650	215	109	278
623	206	129	301
619	206	131	298
610	198	138	327
603	210	145	314
615	205	126	314
623	197	132	336
619	222	152	305
645	217	126	315
656	216	127	325
667	226	127	305
678	231	126	307
693	243	131	292
698	243	139	285
720	221	128	319
715	236	140	305
730	234	117	291
737	222	121	320
751	230	113	304
753	231	130	299
772	230	129	309
788	249	135	290
817	255	118	282
839	259	117	288
854	267	123	268
863	242	130	280
873	252	126	288
888	261	107	263
886	255	114	261
903	264	100	256
898	261	105	243
905	238	90	263
904	241	102	265
905	251	107	235
910	244	106	235
902	242	100	233
896	225	108	232
896	221	107	233
896	225	88	230
894	210	85	229
896	208	87	229
886	213	93	223
871	208	93	232
870	212	90	223
869	237	84	199
871	235	76	202
869	232	74	221
857	244	79	213
845	236	80	217
832	246	78	215
820	256	76	213
804	252	81	218
791	254	86	232
747	267	116	217
727	264	120	221
740	280	97	228
722	283	100	223
699	280	107	222
708	281	96	242
686	284	102	227
660	276	115	230
639	274	124	235
625	273	121	256
613	259	117	277
604	269	118	271
578	264	116	273
544	263	134	277
500	270	144	292
472	272	145	299
449	269	145	312
417	273	153	309
389	246	150	317
367	233	157	330
353	217	155	332
349	206	166	330
350	193	168	348
328	176	196	360
357	159	171	363
374	154	165	398
385	165	168	387
397	145	170	407
420	172	178	414
428	174	187	418
455	167	170	433
470	197	183	456
478	215	181	444
480	202	169	462
470	248	203	446
435	220	224	449
431	213	199	450
442	225	202	472
429	219	218	481
426	217	226	487
413	223	243	487
434	202	244	472
481	212	186	473
476	214	226	469
489	206	227	465
506	212	220	483
502	200	223	485
517	201	199	456
513	199	201	482
514	190	203	470
509	166	202	479
475	163	240	497
466	170	239	462
463	176	243	427
456	181	230	474
469	172	236	478
495	168	245	477
533	196	258	473
545	191	269	458
585	177	254	458
607	200	252	472
638	186	251	471
669	186	255	470
711	190	266	489
709	178	260	475
725	181	268	460
775	202	223	481
765	196	238	468
776	198	239	474
783	208	226	466
768	165	214	477
726	160	240	456
730	150	207	462
714	133	205	454
706	142	219	448
708	165	221	438
687	149	213	419
674	137	197	454
661	164	176	431
656	166	173	416
654	174	168	413
664	192	180	390
678	173	175	398
689	188	181	395
694	199	193	377
705	209	188	342
719	202	181	372
743	207	167	352
747	176	163	355
756	186	162	357
770	197	149	331
769	180	161	347
780	184	161	357
750	194	193	328
769	176	170	347
798	179	142	360
811	183	139	347
810	183	148	351
831	194	136	344
854	213	119	323
863	191	123	334
865	210	129	337
877	217	122	318
873	211	126	331
885	224	115	340
876	231	108	312
835	222	137	318
818	242	148	290
796	232	167	309
796	229	164	321
791	256	172	309
794	260	165	273
811	262	127	251
815	280	125	263
802	275	132	254
791	261	147	273
789	264	148	291
792	244	130	287
789	236	113	307
778	241	114	304
765	238	118	297
753	252	135	298
746	268	138	293
748	272	131	297
