0.554024
0.016667
0.016610
0.016658
0.016309
0.016576
0.017735
0.026973
0.017734
0.017478
0.017673
0.017478
0.017414
0.017394
0.033697
0.017555
0.021157
0.017602
0.017722
0.017817
0.020009
0.027344
0.017905
0.017892
0.017861
0.020068
0.017945
0.017803
0.017978
0.018170
0.018341
0.018256
0.022036
0.019198
0.026837
0.018395
0.018597
0.018520
0.017501
0.018549
0.023788
0.018771
0.020393
0.018738
0.018923
0.018756
0.018617
0.018821
0.019116
0.018966
0.019057
0.017831
0.019363
0.019248
0.019276
0.019274
0.026559
0.019389
0.019328
0.019443
0.024472
0.019667
0.019512
0.019731
0.029551
0.019969
0.029647
0.019407
0.019224
0.019302
0.028823
0.019709
0.019671
0.019773
0.019845
0.019637
0.019678
0.020146
0.020063
0.020009
0.024559
0.019676
0.020391
0.020538
0.020705
0.019960
0.020038
0.021338
0.019925
0.019940
0.020040
0.019989
0.020156
0.020490
0.020512
0.023241
0.020359
0.020355
0.020214
0.020269
0.034916
0.021178
0.021122
0.020987
0.028056
0.021145
0.021236
0.022097
0.021199
0.021042
0.021003
0.020881
0.021040
0.023610
0.021188
0.021396
0.022688
0.022873
0.021705
0.021717
0.026798
