0.568670
0.016810
0.015864
0.015765
0.015930
0.015964
0.016893
0.016890
0.016926
0.017040
0.016818
0.016779
0.017034
0.026244
0.016948
0.017050
0.017034
0.017156
0.016995
0.018394
0.021499
0.017326
0.017174
0.017020
0.017116
0.017010
0.017452
0.018329
0.018338
0.017437
0.017289
0.017332
0.017238
0.018739
0.017393
0.018757
0.018919
0.018937
0.018849
0.017829
0.022635
0.017948
0.017790
0.018863
0.017999
0.017933
0.017994
0.019061
0.017977
0.018052
0.018063
0.019520
0.018166
0.019320
0.019455
0.018311
0.018394
0.018545
0.018555
0.018642
0.023597
0.019724
0.018487
0.019976
0.018558
0.018638
0.018611
0.018603
0.019922
0.019920
0.019978
0.020033
0.018840
0.018844
0.020352
0.020296
0.018894
0.020334
0.018887
0.019022
0.023846
0.019024
0.020375
0.019158
0.019152
0.020530
0.019199
0.020696
0.019198
0.020500
