0.556708
0.018063
0.018972
0.018836
0.018472
0.017478
0.020288
0.020105
0.018610
0.020425
0.020229
0.020329
0.018029
0.017970
0.017888
0.020726
0.020300
0.020171
0.020128
0.019989
0.022463
0.020293
0.020343
0.020657
0.019255
0.011252
0.012287
0.012269
0.012511
0.012300
0.011114
0.012409
0.012385
0.020450
0.020562
0.020866
0.020941
0.020998
0.023892
0.024654
0.018953
0.021478
0.021672
0.019818
0.019677
0.022741
0.023944
0.019830
0.023863
0.022820
0.021683
0.021852
0.021944
0.022051
0.020145
0.024400
0.021809
0.021574
0.024069
0.021535
0.026310
0.021717
0.022063
0.022018
0.021821
0.021847
0.020409
0.024608
0.024841
0.023340
0.022142
0.021963
0.021875
0.020705
0.020784
0.021032
0.022749
0.021115
0.022501
0.022666
0.027595
0.023151
0.023006
0.021379
0.021408
0.021483
0.022962
0.022635
0.020988
0.022828
0.023023
0.019516
0.021006
0.023707
0.026275
0.021981
0.023432
0.022183
0.019676
0.019648
