3.555403
0.033062
0.019144
0.018579
0.009291
0.017803
0.028483
0.022677
0.030879
0.022252
0.019738
0.020801
0.019023
0.020708
0.019638
0.020560
0.020357
0.020727
0.017858
0.020363
0.019229
0.019446
0.019659
0.017902
0.018966
0.019128
0.019155
0.019422
0.018178
0.019594
0.019574
0.018226
0.018892
0.017985
0.019031
0.017966
0.018023
0.018942
0.018079
0.019596
0.023403
0.019477
0.018263
0.018286
0.019603
0.018562
0.019761
0.018479
0.018484
0.020074
0.018294
0.018329
0.019639
0.018338
0.018372
0.018370
0.020094
0.018768
0.018465
0.018464
0.023520
0.019202
0.018924
0.018640
0.018798
0.019891
0.018898
0.020232
0.020349
0.018990
0.019003
0.018898
0.020253
0.019040
0.020170
0.018889
0.020378
0.019238
0.019260
0.020590
0.025481
0.019325
