188	227	404	360
171	235	441	370
177	239	429	372
169	237	416	378
169	246	417	362
182	237	382	372
174	246	401	356
173	248	349	363
176	250	305	358
189	264	255	343
190	258	251	359
190	264	240	341
183	263	246	345
190	263	230	348
187	260	210	352
195	261	201	362
189	259	190	363
171	263	205	358
173	273	204	346
171	262	205	366
177	262	202	374
166	254	220	383
163	263	231	372
170	269	202	371
172	270	195	372
174	281	197	365
173	283	210	355
166	283	238	368
156	280	266	385
170	281	265	373
159	288	293	370
152	280	298	381
155	283	262	371
163	302	258	354
169	305	254	354
170	291	253	354
203	272	201	390
217	303	207	346
224	307	208	313
264	287	275	354
238	285	326	384
256	286	286	366
269	275	264	374
295	284	246	363
298	295	233	365
313	291	206	369
307	287	209	374
303	291	206	381
320	297	183	355
322	293	180	353
330	300	170	338
338	300	159	349
338	295	152	342
332	285	152	353
322	296	169	347
317	297	155	328
310	288	161	323
304	285	171	319
300	293	165	327
291	308	169	309
294	299	166	300
297	266	166	347
288	259	176	344
290	259	173	344
294	281	159	325
299	299	157	302
312	304	151	290
314	271	161	323
310	266	168	328
312	284	149	314
311	305	156	312
298	327	145	284
298	322	152	274
305	324	154	295
297	337	143	285
299	342	136	282
302	333	116	287
299	337	121	291
300	347	117	261
282	335	149	254
