586	439	87	68
588	441	92	70
596	444	89	64
606	447	82	61
603	448	83	59
600	446	83	60
600	444	85	63
593	442	85	62
592	440	86	63
581	437	94	64
575	435	97	67
570	432	107	63
563	431	112	64
556	431	116	66
556	430	111	65
549	427	113	69
560	429	98	63
561	423	90	66
559	419	90	69
554	413	89	68
555	412	84	66
548	411	84	62
548	408	81	68
548	407	80	67
545	407	81	65
543	403	84	67
544	401	85	67
546	400	83	64
548	394	86	68
553	390	85	70
554	388	83	70
557	380	85	70
558	376	86	74
567	375	84	70
566	373	87	72
572	364	87	75
579	362	87	75
586	358	88	76
595	357	85	73
611	350	82	74
619	349	80	73
623	340	81	80
629	338	78	79
633	344	81	75
634	340	85	81
639	345	84	77
645	348	86	73
650	348	89	71
657	352	92	73
661	355	94	74
659	356	97	77
665	364	93	72
665	365	88	71
669	366	78	74
666	369	78	70
661	377	79	65
657	375	78	71
650	378	82	75
652	380	79	74
646	385	80	75
644	390	79	70
637	389	82	79
631	398	84	77
624	399	83	79
625	403	78	75
621	407	77	74
619	414	77	66
613	420	78	64
613	422	76	63
611	418	76	67
606	415	81	71
603	415	83	68
598	413	85	68
593	402	88	73
588	397	93	77
582	396	90	74
582	392	90	77
581	388	87	76
580	387	87	77
583	383	85	76
582	383	82	75
580	383	85	73
580	381	84	75
583	379	83	76
582	380	86	75
582	373	88	74
582	368	88	77
581	366	87	72
584	356	87	80
587	352	84	75
587	353	81	73
590	348	82	73
591	348	82	72
591	348	85	69
589	343	83	72
587	337	86	72
583	339	88	72
579	328	90	74
578	326	89	72
578	313	92	77
