0.583496
0.015949
0.015489
0.015474
0.016388
0.015600
0.017707
0.016433
0.016410
0.016352
0.017881
0.016670
0.016639
0.017916
0.016789
0.016608
0.017739
0.016475
0.016917
0.016998
0.019260
0.017108
0.018009
0.018054
0.018141
0.018197
0.017015
0.017009
0.018330
0.018259
0.017192
0.018461
0.017200
0.017167
0.017272
0.017301
0.017432
0.017376
0.018536
0.018555
0.022614
0.017632
0.017799
0.017525
0.017778
0.017694
0.018842
0.017876
0.017905
0.017941
0.017997
0.019208
0.019404
0.018133
0.018175
0.019116
0.020800
0.019001
0.020815
0.017901
0.020908
0.018078
0.018170
0.020921
0.019461
0.019707
0.018313
0.018396
0.018216
0.018454
0.018471
0.019764
0.022464
0.019680
0.019856
0.019925
0.018510
0.019971
0.018529
0.019908
0.024975
0.020086
0.018855
0.020235
0.020337
0.018911
0.018950
0.019179
0.020407
0.020276
0.019342
0.019296
0.020192
0.019264
0.020501
0.019253
0.020503
0.020609
0.020558
0.020864
0.024344
