1163	371	115	102
1155	372	120	105
1147	374	132	106
1143	374	135	110
1140	374	137	108
1136	374	136	112
1126	377	137	113
1113	377	140	111
1104	390	141	97
1097	390	141	97
1084	390	136	99
1067	401	142	88
1049	393	148	100
1022	390	159	103
1005	392	158	98
988	388	153	101
969	397	160	100
949	397	164	100
930	393	164	105
904	392	173	109
883	392	173	110
881	398	163	111
861	391	171	115
846	397	185	110
824	390	202	116
812	389	208	116
813	375	199	139
806	365	195	156
804	370	197	146
809	368	179	150
803	373	175	150
788	370	182	144
781	371	177	139
770	379	187	128
756	382	191	128
753	395	182	116
740	392	194	119
752	411	186	96
769	420	166	86
772	410	165	95
778	410	163	91
777	412	160	90
771	412	172	88
770	413	169	86
768	412	169	84
763	411	170	87
760	420	168	79
753	421	180	78
758	426	174	70
759	426	172	72
761	425	166	73
761	424	164	76
760	424	160	76
758	422	165	78
750	423	175	76
756	422	169	76
762	409	162	89
761	406	174	90
762	403	167	93
764	401	162	94
763	402	158	87
763	403	158	94
764	402	158	101
767	404	155	94
768	391	156	108
771	380	149	117
762	398	160	100
751	398	169	100
758	421	163	76
759	422	162	75
758	425	166	71
758	428	166	68
756	427	172	67
758	428	171	67
752	421	178	76
758	412	168	82
762	401	161	97
766	394	156	109
765	394	156	111
762	398	162	109
756	409	167	101
753	416	172	88
754	419	172	86
754	421	173	80
756	422	167	79
753	424	172	77
764	423	159	75
756	419	169	76
752	420	176	75
750	419	183	73
753	411	174	81
753	410	174	83
762	411	162	85
763	410	163	84
763	399	170	93
767	383	165	112
760	371	150	126
748	386	175	113
735	378	186	123
744	389	175	112
