335	328	741	251
320	318	727	266
321	327	710	259
329	331	694	263
333	321	692	263
325	319	708	266
323	333	690	243
327	321	691	270
347	334	683	251
332	324	669	268
350	331	636	279
346	326	638	255
369	332	606	265
368	334	609	253
360	325	624	265
369	327	577	246
365	327	574	254
348	317	595	255
330	327	609	241
348	321	582	264
300	307	635	257
289	332	638	244
325	320	593	246
316	313	604	256
279	304	644	267
273	318	657	260
275	319	645	254
288	322	655	249
279	335	670	224
280	322	688	233
306	325	675	252
327	339	661	253
300	320	686	248
296	326	710	255
291	301	725	284
282	333	735	267
300	341	734	256
285	329	765	275
309	331	744	267
306	352	739	262
325	345	722	279
302	340	771	271
306	337	771	311
309	329	784	283
248	323	826	317
295	326	807	281
351	351	767	304
309	333	803	278
295	344	832	319
306	362	846	259
316	359	835	304
298	368	869	259
281	349	877	278
282	305	914	353
257	372	933	255
226	350	969	278
148	346	1031	284
157	106	1008	358
190	50	1000	380
154	294	1080	392
107	284	1139	358
144	345	1105	319
159	332	1093	356
127	294	1118	369
205	350	1044	308
173	303	1088	354
139	310	1123	370
199	371	1065	333
158	333	1098	313
193	307	1079	387
170	339	1077	310
185	344	1096	298
169	323	1099	323
180	349	1083	293
172	351	1124	305
87	278	1151	403
150	315	1051	365
108	285	994	393
99	318	962	329
126	310	931	358
163	264	895	354
180	234	813	394
157	220	785	378
173	169	889	399
195	68	894	494
191	108	857	541
232	322	829	378
239	219	833	455
218	132	773	464
341	286	786	402
232	272	860	423
198	221	933	430
204	189	863	404
248	211	836	395
233	238	893	374
251	255	821	319
259	249	838	338
243	198	824	386
236	118	795	445
224	104	811	423
