0.552568
0.016256
0.015096
0.015895
0.015996
0.014901
0.016986
0.016937
0.015899
0.016882
0.016839
0.017076
0.017005
0.016972
0.017119
0.017050
0.017143
0.017120
0.017007
0.017243
0.018334
0.017217
0.016200
0.017513
0.017565
0.016251
0.017744
0.016374
0.017607
0.017636
0.016484
0.017565
0.016510
0.017901
0.017787
0.017753
0.017908
0.017831
0.016798
0.017956
0.021473
0.016742
0.018254
0.017965
0.018266
0.016902
0.018186
0.018286
0.017007
0.018348
0.018339
0.018315
0.018557
0.019355
0.018651
0.018563
0.018634
0.018572
0.018469
0.017244
0.023338
0.017465
0.018757
0.017444
0.017486
0.018868
0.018816
0.018980
0.018952
0.017666
0.018844
0.017789
0.019105
0.019143
0.019078
0.017803
0.019432
0.019300
0.019251
0.019313
0.024152
0.018145
0.019391
0.019551
0.019317
0.018098
0.019705
0.019629
0.019626
0.018319
0.018459
0.019718
0.019871
0.018673
0.020105
0.018639
0.020108
0.020201
0.020217
0.020176
0.025150
