339	163	92	113
347	160	77	120
341	158	71	129
333	160	68	133
321	157	79	140
293	170	98	131
289	171	89	135
281	170	79	136
271	179	71	127
258	188	65	120
253	189	64	126
237	196	71	114
226	211	70	99
217	218	79	118
205	201	62	113
190	213	74	99
175	220	65	82
157	222	71	80
151	207	64	92
150	205	64	88
149	211	57	81
145	216	57	80
147	204	56	95
145	207	64	86
143	209	62	94
139	218	70	93
136	216	72	104
137	210	63	106
133	218	63	96
134	221	63	105
133	208	64	112
136	192	66	124
141	187	65	141
148	185	69	154
150	181	68	159
151	177	62	164
145	176	61	166
145	178	55	167
146	184	59	153
152	181	55	161
153	168	48	174
151	158	55	181
151	156	63	182
163	156	55	184
166	149	55	184
169	151	59	185
170	177	59	155
179	176	57	151
184	173	52	151
183	174	49	155
178	178	57	149
182	170	53	162
181	163	57	166
179	181	50	149
179	187	52	142
184	192	49	136
185	183	48	138
185	185	51	141
184	184	46	136
183	181	52	141
182	197	52	126
180	213	54	107
181	221	50	96
186	211	48	94
185	209	51	104
190	195	47	95
188	204	50	90
192	210	51	85
192	204	45	83
186	209	51	81
180	212	51	79
173	211	55	84
172	212	51	90
168	203	47	86
166	208	52	78
165	210	51	91
163	203	53	99
162	200	53	98
158	207	55	102
164	204	46	97
158	204	54	100
154	206	54	102
150	213	55	98
155	206	58	101
162	205	56	112
167	206	57	102
171	210	57	99
176	213	57	94
178	207	58	97
175	210	61	98
178	209	55	103
172	217	61	94
168	217	61	90
164	211	58	96
162	214	54	102
157	222	60	100
158	216	63	97
157	215	59	102
155	213	62	104
155	220	64	94
165	214	58	93
179	216	58	93
184	213	54	95
180	220	64	93
186	222	57	89
190	218	58	92
191	217	59	94
188	219	63	92
186	223	61	90
184	216	56	100
179	214	58	97
173	219	61	95
170	221	64	91
169	219	66	88
169	217	59	93
164	211	65	97
162	215	61	95
169	215	58	87
167	210	60	97
164	212	59	98
160	217	61	96
165	220	61	83
163	217	63	88
166	213	61	92
163	212	64	101
172	215	62	94
173	210	59	99
164	208	62	98
162	210	59	97
156	214	66	91
160	214	54	87
156	216	61	93
152	222	61	92
150	227	64	87
152	226	65	82
145	219	68	86
145	220	64	88
143	222	67	89
149	218	70	81
154	212	68	92
155	216	67	92
154	227	74	89
157	228	75	86
164	221	66	91
166	220	65	92
167	217	69	92
175	210	66	90
183	209	59	88
179	206	61	92
174	209	72	97
179	207	67	94
181	203	63	96
183	202	59	96
173	204	67	100
170	206	71	98
176	197	67	105
181	196	62	106
175	202	65	101
174	207	77	97
180	204	72	102
184	203	62	102
182	208	66	105
177	217	79	96
180	215	79	95
180	212	75	101
169	212	67	103
165	215	71	107
163	218	82	101
168	215	76	102
167	212	73	105
164	215	75	106
164	222	84	97
170	219	83	96
174	212	71	103
171	214	75	104
164	220	91	100
172	214	84	93
176	205	78	96
177	203	78	101
173	214	85	95
174	211	91	92
183	203	86	99
192	201	69	103
186	208	76	100
178	211	90	99
189	205	73	100
187	204	69	98
184	206	75	101
180	209	84	93
181	201	88	96
182	195	77	99
176	192	78	105
170	195	92	104
170	195	98	108
175	191	91	104
171	194	78	95
163	195	83	99
156	193	97	105
162	189	104	106
161	181	84	104
161	188	76	95
162	190	71	84
168	189	64	71
172	179	60	81
169	198	72	79
162	190	82	89
158	192	92	90
172	192	73	85
174	200	73	81
167	198	85	90
168	188	86	99
174	196	86	84
159	193	91	83
173	188	97	97
161	193	120	94
167	192	126	82
184	189	115	80
189	192	111	65
184	194	121	70
188	194	132	71
192	189	124	75
200	182	136	80
199	181	132	88
181	185	148	80
174	184	155	76
176	177	155	72
190	172	133	84
192	175	135	73
192	177	136	75
196	178	151	70
205	176	145	70
191	193	141	73
192	180	140	81
166	206	112	81
168	198	121	85
168	201	131	67
161	191	147	72
153	215	157	71
169	204	153	80
183	194	150	73
183	188	150	76
177	173	167	91
186	168	168	109
188	180	200	104
178	182	238	102
172	179	241	96
174	184	253	97
187	185	258	96
186	194	279	87
171	199	300	111
173	192	293	107
