0.560881
0.016778
0.016401
0.016593
0.015339
0.015379
0.016229
0.016261
0.016334
0.016310
0.017390
0.017494
0.017597
0.016518
0.017500
0.016637
0.016582
0.016554
0.017665
0.016799
0.019974
0.017869
0.017935
0.017810
0.016787
0.017958
0.016973
0.016964
0.018351
0.016933
0.017093
0.018267
0.018315
0.018322
0.017122
0.018307
0.017326
0.018460
0.017265
0.017495
0.022311
0.017406
0.018839
0.017372
0.017642
0.017776
0.018804
0.018771
0.018698
0.017660
0.018844
0.018891
0.018949
0.017807
0.017703
0.018923
0.019009
0.019067
0.019114
0.017936
0.022800
0.018002
0.019293
0.017921
0.019222
0.019397
0.018038
0.019343
0.018099
0.019470
0.019468
0.019504
0.019573
0.018346
0.019619
0.019610
0.018347
0.018485
0.019651
0.019831
0.023507
0.019932
0.019879
0.019888
0.018681
0.020009
0.018772
0.018713
0.020292
0.018844
0.020121
0.020215
0.018846
0.020420
0.018983
0.020435
0.019011
0.020633
0.019170
0.020406
