0.558414
0.019200
0.019156
0.019218
0.019474
0.019423
0.018837
0.020009
0.020212
0.020513
0.020623
0.020453
0.020564
0.020784
0.017473
0.018866
0.018759
0.017926
0.018841
0.018166
0.021567
0.017313
0.017396
0.017348
0.018622
0.017570
0.020135
0.020239
0.019825
0.018267
0.018828
0.018384
0.022633
0.021372
0.018472
0.018021
0.020720
0.021583
0.021516
0.022861
0.022203
0.018192
0.019219
0.019207
0.021048
0.021749
0.019536
0.018433
0.018507
0.018538
0.022475
0.018504
0.018449
0.021313
0.021522
0.021381
0.021371
0.019841
0.021692
0.018807
0.025241
0.018784
0.018840
0.019989
0.018804
0.020112
0.020156
0.020233
0.018935
0.020295
0.020508
0.019168
0.019868
0.021413
0.021270
0.021388
0.021294
0.022785
0.019877
0.021494
0.026438
0.021414
0.021419
0.020156
0.021340
0.021265
0.021600
0.021559
0.024517
0.020179
0.021242
0.021423
0.021540
0.021638
0.020011
0.021461
0.021729
0.021682
0.021878
0.020527
0.026711
0.021827
0.022038
0.021969
0.022039
0.022274
0.022470
0.021036
0.021541
0.020370
0.021933
0.021904
0.020550
0.022004
0.021950
0.020565
0.022092
0.020558
0.022131
0.020753
0.025553
0.022090
0.022098
0.022216
0.021894
0.020637
0.020711
0.022165
0.022284
0.022309
0.022321
0.022322
0.022182
0.021088
0.022214
0.021818
0.022220
0.022379
0.022306
0.022427
0.027265
0.022516
0.021292
0.021214
0.022620
0.021247
0.021357
0.021249
0.021413
0.021496
0.021464
0.021448
0.022836
0.022820
0.022826
0.021715
0.021380
0.023146
0.022980
0.023098
0.026877
0.023057
0.021864
0.023058
0.021808
0.021946
0.023248
0.021916
0.023556
0.023541
0.023559
0.023594
0.022196
0.022207
0.023449
0.022199
0.023743
0.022506
0.022445
0.023998
0.028822
0.024015
0.022561
0.022528
0.022549
0.023972
0.023905
0.024140
0.024732
0.022839
0.024333
0.024088
0.022759
0.024579
0.024824
0.023323
0.024777
0.023197
0.024585
0.024742
0.029642
0.024738
0.023376
0.024622
0.024998
0.023575
0.023726
0.023619
0.025034
0.023635
0.023449
0.023505
0.024849
0.023802
0.025158
0.023707
0.023831
0.023784
0.025381
0.023942
0.028917
