453	153	31	73
454	152	29	72
454	152	29	76
454	151	29	81
452	153	33	81
450	155	32	77
450	156	31	76
449	158	32	81
451	157	29	83
450	157	30	84
449	161	31	80
448	160	32	80
447	159	34	83
448	157	32	85
450	154	31	90
452	158	28	86
453	159	28	85
454	164	28	80
454	169	27	77
454	175	28	72
453	176	30	71
456	177	27	70
455	179	30	64
456	183	30	62
458	180	30	67
459	181	31	71
459	181	33	72
461	177	34	79
463	175	34	83
464	177	34	83
466	172	32	90
467	174	31	87
466	173	34	89
467	175	31	89
466	174	34	89
466	175	34	88
466	173	32	96
468	175	31	102
466	174	32	102
465	177	34	101
461	184	37	96
460	187	38	93
459	190	39	91
458	191	38	93
453	195	43	86
452	195	42	87
452	196	41	85
452	197	39	87
452	200	37	85
451	202	38	85
450	207	38	86
449	206	39	84
447	207	39	84
443	209	44	86
442	212	46	89
440	213	45	91
436	215	49	85
433	218	52	89
427	219	55	88
419	221	61	94
413	225	57	90
411	228	55	105
404	229	50	106
399	233	50	98
392	248	62	88
385	250	70	91
380	254	78	94
368	253	87	99
365	258	89	94
374	254	68	104
367	256	68	101
367	256	68	101
367	256	68	101
367	256	68	101
367	256	68	101
367	256	68	101
367	256	68	101
367	256	68	101
547	164	56	102
549	164	54	118
555	162	43	123
556	164	41	120
556	163	39	125
555	162	43	121
553	166	46	116
553	166	47	117
554	166	43	120
555	168	42	116
553	167	47	117
552	166	47	119
553	170	45	112
554	171	41	113
555	171	41	113
554	168	41	118
552	168	43	116
546	165	42	117
542	163	47	122
537	160	48	120
536	158	51	124
530	153	59	131
533	152	55	133
