0.564296
0.016732
0.016137
0.016219
0.016356
0.025763
0.017432
0.017461
0.017587
0.017611
0.017661
0.018020
0.019050
0.018218
0.018273
0.018169
0.018178
0.018569
0.018464
0.017082
0.019303
0.017029
0.018955
0.018884
0.018714
0.018701
0.018848
0.019253
0.019314
0.019094
0.018656
0.018750
0.018737
0.018944
0.019281
0.028781
0.019723
0.019207
0.019282
0.022607
0.024322
0.019329
0.019534
0.017915
0.019453
0.018033
0.017971
0.017902
0.018015
0.018082
0.018391
0.018286
0.018226
0.018686
0.018639
0.018793
0.018188
0.018758
0.018327
0.027804
0.023493
0.020189
0.018483
0.018653
0.018661
0.025922
0.018783
0.021948
0.019004
0.028177
0.018796
0.018906
0.019065
0.018890
0.018812
0.018949
0.019278
0.019682
0.019194
0.019403
0.024276
0.019402
0.019074
0.019178
0.022582
0.022540
0.019574
0.022292
0.019379
0.019469
0.019468
