10.984462
0.094536
0.075016
0.074994
0.071930
0.062291
0.307079
0.081305
0.068882
0.063532
0.099517
0.084076
0.135074
0.071334
0.091417
0.086858
0.087623
0.077734
0.067578
0.105449
0.122761
0.080284
0.095877
0.037117
0.080192
0.083365
0.085851
0.079015
0.070739
0.028880
0.080483
0.085386
0.085130
0.077917
0.075635
0.034090
0.064669
0.099534
0.088532
0.075207
0.115873
0.046237
0.086813
0.099492
0.090581
0.073898
0.073199
0.024506
0.080964
0.107473
0.091228
0.084640
0.077132
0.025498
0.046964
0.091876
0.087497
0.082927
0.080300
0.070801
0.035593
0.090521
0.090096
0.092904
0.068197
0.063866
0.033405
0.093198
0.086063
0.091209
0.062575
0.065055
0.044684
0.095287
0.095557
0.114385
0.065547
0.062763
0.042713
0.092664
0.126837
0.075627
0.058476
0.057559
0.028346
0.098107
0.087462
0.086205
0.064186
0.058389
0.035328
0.128408
0.088692
0.079864
0.074765
0.027145
0.096520
0.095667
0.092747
0.080299
0.101074
0.037396
0.087254
0.087729
0.094665
0.070959
0.028014
0.100479
0.091393
0.087609
0.068660
0.069648
0.030898
0.108309
0.093936
0.077312
0.076961
0.076594
0.030357
0.086066
0.136742
0.077267
0.074941
0.075475
0.033092
0.097118
0.090094
0.099247
0.077452
0.071213
0.077837
0.026358
0.108362
0.087172
0.087234
0.077873
0.073594
0.033646
0.080186
0.091401
0.128255
0.082109
0.071995
0.064195
0.103608
0.096119
0.079110
0.081513
0.068634
0.090885
0.098279
0.080788
0.065921
0.039578
0.096293
0.103883
0.083333
0.069959
0.053583
0.096483
0.127840
0.091429
0.081653
0.076203
0.031460
0.090141
0.094988
0.083015
0.074534
0.063625
0.094125
0.091750
0.090844
0.091590
0.074643
0.031637
0.098991
0.103522
0.087478
0.084438
0.063643
0.089187
0.092706
0.089665
0.075605
0.083763
0.031356
0.099577
0.092918
0.090868
0.080887
0.068135
0.095981
0.090878
0.075207
0.086369
0.046434
0.088467
0.105838
0.104689
0.103004
0.075273
0.035131
0.130442
0.098083
0.080841
0.093309
0.036181
0.097055
0.166118
0.097178
0.082106
0.062644
0.095169
0.091985
0.088676
0.082703
0.070582
0.094648
0.094856
0.115287
0.073140
0.065191
0.056601
0.101878
0.090653
0.077851
0.085113
0.033708
0.093532
0.096639
0.084076
0.084269
0.075225
0.085599
0.095111
0.091825
0.087177
0.083706
0.041033
0.127278
0.096280
0.083087
0.080952
0.082813
0.087305
0.095890
0.095374
0.084911
0.096408
0.068610
0.105452
0.095820
0.101017
0.082674
0.041498
0.108759
0.095116
0.109337
0.086741
0.040861
0.096298
0.130477
0.108270
0.077708
0.060433
0.097669
0.095772
0.087321
0.087598
0.056371
0.119287
0.100355
0.088384
0.089279
0.030042
0.092318
0.111883
0.092686
0.081530
0.041950
0.115690
0.101399
0.093323
0.079690
0.072493
0.103015
0.098618
0.077910
0.071339
0.031193
0.094148
0.096146
0.088218
0.093425
0.047327
0.127923
0.097115
0.089719
0.102455
0.040183
0.105375
0.097532
0.078075
0.083789
0.069376
0.099895
0.105519
0.080825
0.108121
0.038420
0.094935
0.096035
0.098046
0.085485
0.052721
0.096812
0.108309
0.110851
0.074005
0.068194
0.088741
0.098609
0.104534
0.087220
0.082326
0.092570
0.096653
0.092352
0.086048
0.069433
0.047173
0.098267
0.098746
0.088077
0.086360
0.035595
0.057156
0.104707
0.098181
0.121370
0.090554
0.036845
0.095658
0.096696
0.098090
0.084953
0.078603
0.045777
0.102303
0.097141
0.085940
0.080023
0.062686
0.090244
0.093421
0.094276
0.078366
0.079475
0.033796
0.139065
0.099039
0.083214
0.080598
0.051790
0.102183
0.098421
0.088829
0.088568
0.060773
0.100275
0.102721
0.093569
0.073589
0.074309
0.096921
0.102794
0.115895
0.085201
0.073192
0.146750
0.099446
0.087620
0.089285
0.041146
0.146053
0.073133
0.045461
0.040118
0.055984
0.038738
0.034846
0.031751
0.030988
0.040816
0.032863
0.045614
0.044240
0.039932
0.041048
0.036803
0.034786
0.035358
0.033700
0.032831
0.038680
0.033689
0.055231
0.047380
0.039242
0.037889
0.033872
0.033398
0.037309
0.038685
0.038360
0.034621
0.036579
0.047999
0.039901
0.043421
0.033926
0.041520
0.042565
0.040086
0.039223
0.036856
0.036113
0.038763
0.043677
0.044719
0.044559
0.041774
0.041172
0.038182
0.045795
0.049013
0.044023
0.048085
0.052033
0.039418
0.039059
0.034905
0.035426
0.040826
0.033740
0.035868
0.032293
0.035385
0.038697
0.041754
0.040497
0.036368
0.054241
0.038899
0.041637
0.038872
0.033306
0.034071
0.034406
0.041606
0.039896
0.041152
0.038047
0.039410
0.037736
0.036396
0.039378
0.040241
0.037056
0.034448
0.036130
0.032897
0.032784
0.033255
0.033162
0.046649
0.041323
0.059484
0.042912
0.059463
0.040341
0.049686
0.056563
0.033740
0.050713
0.041094
0.037040
0.038891
0.037080
0.037830
0.040308
0.038128
0.037990
0.036002
0.037286
0.041322
0.035557
0.036692
0.041762
0.046576
0.049700
0.043275
0.040976
0.040594
0.039511
0.036990
0.042970
0.039285
0.042563
0.049450
0.045475
0.044893
0.040836
0.037170
0.037920
0.038354
0.041926
0.039429
0.036113
0.043785
0.039422
0.044916
0.047616
0.064820
0.062800
0.044014
0.045508
0.045443
0.042326
0.039017
0.037008
0.036186
0.042913
0.039655
0.038147
0.048464
0.038198
0.047219
0.036968
0.041703
0.061669
0.036895
0.038967
0.039901
0.038108
0.039597
0.041691
0.043885
0.060409
0.047032
0.047966
0.072933
0.044080
0.044448
0.044585
0.043992
0.046008
0.051059
0.042974
0.044408
0.057341
0.049145
0.040827
0.040325
0.044794
0.050518
0.045060
0.048773
0.045055
0.043268
0.043092
0.039529
0.048404
0.043644
0.047261
0.053628
0.071598
0.059311
0.077659
0.082959
0.054588
0.058867
0.047061
0.043231
0.047438
0.072353
0.045780
0.052140
0.063898
0.048863
0.064049
0.046514
0.053089
0.049166
0.048102
0.040957
0.045977
0.057687
0.055639
0.068732
0.065937
0.049903
0.051460
0.046512
0.042461
0.041577
0.038018
0.045460
0.044132
0.039323
0.043941
0.037215
0.041418
0.041214
0.044985
0.042072
0.043375
0.043375
0.051356
0.042257
0.041007
0.045316
0.039824
0.042661
0.041960
0.063416
0.058394
0.040392
0.041321
0.041875
0.040634
0.041153
0.040027
0.055694
0.043092
0.042218
0.055218
0.057499
0.050564
0.069551
0.058225
0.051484
0.056697
0.060433
0.046896
0.048857
0.052578
0.043259
0.043845
0.037243
0.051260
0.044282
0.082671
0.042527
0.048603
0.047385
0.041156
0.044004
0.040356
0.045697
0.042493
0.048048
0.042775
0.039782
0.042135
0.041448
0.053694
0.042415
0.044534
0.045772
0.041795
0.040607
0.042735
0.043750
0.043615
0.040263
0.042169
0.042589
0.043774
0.047904
0.043362
0.042659
0.040154
0.043028
0.041853
0.038593
0.043565
0.042340
0.042553
0.051409
0.046492
0.049974
0.053167
0.045901
0.045837
0.041090
0.040914
0.049433
0.054725
0.054764
0.050417
0.044461
0.051314
0.059287
0.041807
0.049814
0.055501
0.061450
0.049711
0.133043
0.045864
0.042437
0.043064
0.049630
0.056562
0.050398
0.054145
0.047287
0.047568
0.075004
0.092806
0.048543
0.054118
0.070837
