228	236	80	64
229	231	85	66
231	235	88	69
232	243	86	69
232	252	83	65
228	252	84	70
226	244	87	68
224	233	88	65
225	221	87	70
224	242	83	66
220	259	84	67
220	262	87	70
224	251	89	68
228	226	90	68
228	218	93	67
231	228	91	71
242	237	89	74
249	231	87	69
249	214	89	70
231	208	90	68
205	214	92	69
182	226	88	70
195	235	94	71
228	247	92	66
235	247	89	69
211	248	92	67
189	243	90	67
169	237	90	66
165	238	86	68
180	239	88	70
200	234	88	69
202	221	90	68
191	218	89	68
194	226	92	69
204	223	88	70
214	221	86	65
212	215	88	68
205	223	88	67
206	247	88	65
213	270	90	68
217	271	87	69
207	262	88	68
194	262	84	66
180	268	88	67
180	274	90	69
194	273	92	70
208	279	91	69
216	286	89	66
215	280	93	67
217	254	92	76
227	237	97	74
242	239	97	69
259	250	92	71
256	257	91	69
229	246	96	73
206	236	92	72
196	236	93	67
206	237	89	68
214	243	90	69
225	247	91	71
233	237	95	67
232	225	95	66
229	223	94	68
236	222	93	68
255	218	94	67
274	219	94	62
279	221	96	69
273	238	97	67
262	248	89	70
251	245	93	69
259	231	96	69
269	221	91	71
271	221	94	70
273	211	95	66
260	188	98	67
238	171	97	69
211	169	97	70
199	166	93	69
205	170	94	69
215	163	98	69
222	155	91	70
225	167	98	70
225	187	96	67
220	201	96	67
217	207	93	68
206	203	94	69
186	193	95	70
177	182	100	70
188	164	106	72
217	179	93	63
239	211	92	63
246	235	93	69
243	247	89	69
233	243	95	68
223	223	98	71
223	208	91	69
222	206	97	72
229	211	91	72
238	210	93	66
241	197	93	69
225	194	97	67
215	204	92	70
219	219	97	72
252	218	97	73
282	213	95	72
281	204	92	72
255	201	94	78
229	214	94	76
215	220	97	70
212	207	97	70
211	196	91	70
216	197	93	73
219	209	92	72
244	216	102	74
281	219	96	74
291	217	91	71
265	203	102	73
209	190	107	69
149	184	102	73
129	179	92	72
142	185	93	74
163	184	85	72
167	181	88	71
176	177	89	74
193	174	93	72
207	177	93	71
217	188	92	73
219	197	94	74
227	199	91	72
228	194	95	69
235	192	96	71
233	198	95	73
234	202	91	75
254	207	90	71
272	219	93	71
282	244	91	72
279	265	88	71
276	279	94	73
277	286	93	72
275	277	94	73
278	267	93	73
279	253	96	74
280	223	90	74
281	194	91	73
277	193	92	74
268	202	91	93
260	268	83	73
251	300	92	71
250	297	92	71
239	263	94	72
228	253	88	73
220	261	92	73
222	251	90	73
220	234	94	75
224	228	88	73
233	227	87	76
239	221	90	75
235	193	90	77
225	170	91	70
226	165	90	73
232	175	90	75
242	184	94	73
244	183	97	75
235	182	90	78
212	184	89	78
189	182	92	73
187	175	90	70
205	153	89	77
218	137	90	71
211	121	94	75
208	122	89	73
208	141	94	73
215	144	91	76
227	140	92	75
235	141	89	74
233	145	91	77
234	169	90	71
226	191	91	77
213	212	90	72
209	211	91	72
210	193	89	71
201	164	85	60
185	117	89	65
186	102	87	70
196	121	88	71
209	148	90	70
230	156	91	75
249	155	85	73
247	148	88	72
243	141	87	70
248	148	88	74
247	159	87	73
237	162	86	74
231	172	90	74
231	183	90	72
238	181	90	72
246	179	87	71
249	174	92	70
247	159	92	72
244	168	88	75
237	220	88	73
245	257	87	73
257	269	86	71
266	271	85	72
257	257	87	71
243	241	87	71
248	250	87	72
261	268	89	72
267	268	87	70
265	258	89	70
253	245	87	68
247	240	86	66
250	231	91	72
266	211	89	76
269	189	85	72
262	187	85	68
262	205	84	71
265	229	85	71
260	229	86	71
246	217	87	69
234	205	84	71
225	225	84	67
232	255	84	69
240	274	85	68
247	250	85	75
232	217	85	69
227	206	86	71
248	215	93	73
283	217	87	73
295	203	86	71
271	177	92	71
230	172	96	68
193	179	94	73
177	190	90	73
177	179	89	73
182	163	90	72
198	161	91	68
233	159	93	69
257	154	90	70
258	151	90	71
240	158	87	69
217	157	86	72
196	169	89	71
187	190	90	68
183	204	87	69
162	205	89	71
139	190	92	71
142	171	88	69
167	177	92	70
193	204	89	69
200	228	87	69
197	237	85	69
185	228	87	66
175	217	86	68
177	223	84	70
191	225	87	72
224	224	94	70
266	215	91	65
294	200	90	68
292	198	86	69
268	216	86	73
255	226	85	71
250	216	83	69
233	195	88	65
212	181	90	66
190	179	84	70
194	198	82	74
222	232	88	73
252	257	87	64
244	249	82	61
216	224	89	70
201	218	83	65
208	226	88	68
235	249	98	67
277	253	87	72
283	241	85	69
265	224	87	69
241	209	88	69
238	196	86	71
262	207	91	68
283	216	86	71
265	208	88	69
241	197	86	63
242	187	84	67
262	184	85	68
280	183	81	67
271	174	85	68
253	164	85	68
250	171	88	67
257	177	84	70
262	179	82	67
273	169	84	65
289	168	82	68
300	186	84	71
305	207	85	73
298	210	82	67
294	200	81	68
277	190	90	73
226	192	100	70
190	209	92	69
204	202	88	73
229	188	89	72
248	181	85	69
240	180	82	67
222	191	83	66
230	206	87	71
259	211	96	70
287	200	85	66
306	179	82	65
303	167	86	69
283	167	88	74
279	197	83	73
301	221	89	72
326	213	87	63
336	184	84	67
327	178	84	69
309	188	83	70
296	200	81	68
295	201	85	72
294	196	85	70
291	189	85	72
288	184	83	71
284	182	84	70
281	182	82	70
273	183	80	72
266	186	84	75
267	194	85	69
264	201	86	68
267	200	83	71
279	209	88	69
297	217	83	71
291	223	83	71
275	224	84	67
265	210	85	70
271	214	82	66
288	221	84	68
277	221	92	69
230	219	98	66
214	213	95	66
235	199	85	67
241	198	83	66
246	197	83	69
251	198	83	70
246	203	84	73
241	209	85	68
253	207	89	64
254	206	89	66
244	205	83	66
249	195	87	68
258	184	90	70
249	181	89	65
246	177	88	67
254	186	86	70
260	194	84	68
252	192	85	72
232	186	90	69
219	168	91	69
