1.145782
0.052921
0.052909
0.021433
0.073776
0.062137
0.064067
0.078993
0.077089
0.080309
0.077951
0.033686
0.083234
0.082201
0.070849
0.065402
0.051297
0.108150
0.073196
0.074859
0.102534
0.077494
0.077141
0.025378
0.022541
0.080714
0.079750
0.074886
0.067454
0.034019
0.034334
0.108653
0.072948
0.077122
0.077092
0.080093
0.082558
0.081973
0.048249
0.036380
0.115584
0.088266
0.066800
0.062853
0.068693
0.033995
0.042014
0.076693
0.066992
0.079420
0.078657
0.078056
0.082755
0.079717
0.039959
0.046599
0.098215
0.088028
0.084227
0.071700
0.084135
0.028044
0.050450
0.078734
0.087544
0.081991
0.082798
0.078723
0.035407
0.042787
0.129758
0.090741
0.072430
0.068392
0.031472
0.029632
0.086698
0.080927
0.076933
0.084937
0.112432
0.083515
0.081800
0.089907
0.110685
0.084566
0.088385
0.028965
0.083161
0.093472
0.098312
0.082622
0.082764
0.080505
0.081179
0.044315
0.074965
0.101115
0.097157
0.055981
0.041208
0.072737
0.080209
0.074009
0.091053
0.091265
0.084802
0.084453
0.085415
0.037304
0.034477
0.101304
0.105354
0.092771
0.068337
0.034382
0.081987
0.094817
0.103669
0.095495
0.113719
0.086060
0.073509
0.074969
0.092292
0.091841
0.084255
0.073681
0.051240
0.084981
0.079211
0.078904
0.089320
0.085884
0.084847
0.086149
0.072367
0.026372
0.083252
0.096793
0.124908
0.080114
0.064467
0.087095
0.076818
0.083463
0.084905
0.086850
0.086070
0.089472
0.037384
0.099463
0.092536
0.065457
0.074016
0.071985
0.082853
0.085551
0.108955
0.084949
0.127648
0.057822
0.030080
0.091814
0.090718
0.079743
0.070617
0.061816
0.049635
0.092553
0.081554
0.080219
0.085030
0.089638
0.084981
0.111645
0.036421
0.089361
0.106430
0.095422
0.098471
0.048033
0.085869
0.083223
0.086254
0.086293
0.087255
0.092229
0.044512
0.162788
0.091023
0.084939
0.054177
0.041617
0.085404
0.109240
0.087554
0.084900
0.095648
0.096898
0.114531
0.087770
0.093266
0.074116
0.093584
0.046144
0.102502
0.094685
0.085051
0.084242
0.091883
0.085055
0.086141
0.037727
0.081388
0.101164
0.098084
0.075404
0.047383
0.102008
0.114686
0.088208
0.086195
0.094114
0.088300
0.067947
0.123605
0.095786
0.084706
0.076037
0.039909
0.054915
0.126204
0.090683
0.092651
0.086329
0.089795
0.082275
0.101027
0.118047
0.125217
0.090570
0.048881
0.083332
0.081324
0.089749
0.088238
0.094956
0.088194
0.062849
0.078180
0.113796
0.087375
0.086421
0.063661
0.101273
0.100920
0.093972
0.087731
0.094713
0.114459
0.105271
0.095542
0.106301
0.087809
0.076088
0.087510
0.112704
0.094830
0.091899
0.097263
0.112629
0.093799
0.059687
0.103425
0.118447
0.100332
0.042922
0.105849
0.104139
0.131050
0.102523
0.136355
0.092324
0.044841
0.042410
0.106508
0.098845
0.082334
0.072209
0.051630
0.087718
0.088238
0.087197
0.089583
0.092459
0.094934
0.062519
0.074911
0.104695
0.115524
0.085956
0.070308
0.102246
0.087958
0.092306
0.087456
0.093819
0.070513
0.039244
0.112970
0.102341
0.095770
0.091537
0.054662
0.137187
0.095527
0.097632
0.097203
0.090786
0.070155
0.107123
0.097476
0.086483
0.090197
0.044217
0.092749
0.084978
0.100046
0.087932
0.090680
0.091619
0.090323
0.093515
