1.721323
0.067842
0.021274
0.065697
0.065032
0.063711
0.079314
0.088352
0.069014
0.071889
0.112145
0.080554
0.084155
0.079328
0.038176
0.024965
0.088788
0.082213
0.064762
0.060152
0.069268
0.033406
0.074659
0.092083
0.097116
0.095913
0.078102
0.091018
0.078460
0.073774
0.105153
0.079758
0.082581
0.071554
0.059832
0.061679
0.026471
0.033503
0.077544
0.076710
0.092727
0.079287
0.111562
0.080680
0.080052
0.076866
0.117830
0.098620
0.084704
0.076220
0.075757
0.085077
0.078938
0.082925
0.095671
0.092263
0.080945
0.062600
0.036801
0.085730
0.100929
0.034115
0.024093
0.082016
0.079762
0.081592
0.059407
0.086714
0.073770
0.085230
0.076059
0.084258
0.080372
0.081570
0.029312
0.093858
0.078570
0.030661
0.083930
0.094231
0.112905
0.103241
0.050412
0.032269
0.026035
0.030694
0.031563
0.028383
0.020738
0.025221
0.024455
0.031268
0.028158
0.024249
0.021451
0.022720
0.023956
0.021702
0.027748
0.030108
0.032949
0.030676
0.029413
0.029068
0.031533
0.025541
0.024038
0.021729
0.022760
0.020124
0.023771
0.024007
0.022888
0.023912
0.023932
0.024585
0.022777
0.033749
0.021695
0.027644
0.029373
0.025218
0.022140
0.023101
0.025398
0.025649
0.025678
0.026017
0.025012
0.024289
0.022130
0.023254
0.025444
0.023670
0.026969
0.022690
0.024691
0.024829
0.030389
0.029630
0.026672
0.022197
0.024872
0.025639
0.031089
0.024454
0.023613
0.025991
0.026225
0.023686
0.024529
0.024061
0.027709
0.027187
0.025125
0.024495
0.030432
0.034164
0.031212
0.029954
0.031350
0.042166
0.076786
0.070103
0.094938
0.153491
0.155003
0.078439
0.082296
0.093169
0.154486
0.088537
0.149912
0.115804
0.104968
0.205198
0.052958
0.087425
0.071345
0.092695
0.096732
0.084041
0.077764
0.200160
0.045295
0.073424
0.032238
0.097040
0.052297
0.166840
0.076344
0.090807
0.097224
0.041609
0.040264
0.089285
0.083510
0.099536
0.137754
0.114373
0.109696
0.047260
0.089616
0.097291
0.256114
0.111812
0.058218
0.094552
0.092405
0.170906
0.042441
0.165807
0.048207
0.076545
0.033153
0.085641
0.040033
0.216804
0.039174
0.115108
0.099936
0.198353
0.081410
0.095264
0.127111
0.051901
0.191798
0.056859
0.186767
0.058532
0.071404
0.048502
0.076757
0.106886
0.114179
0.064118
0.106654
0.099251
0.081814
0.156493
0.112236
0.094795
0.110230
0.045092
0.102631
0.218613
0.089702
0.088187
0.036463
0.085949
0.133976
0.087230
0.077472
0.116457
0.058500
0.087710
0.032527
0.097083
0.082956
0.154040
0.089016
0.085868
0.092334
0.101589
0.135757
0.060424
0.195658
0.089268
0.165207
0.145997
0.053528
0.125207
0.107133
0.152467
0.151520
0.155384
0.149567
0.140709
0.132429
0.178125
0.180362
0.085206
0.119238
0.113510
0.098507
0.115021
0.110403
0.137681
0.120764
0.125621
0.092867
0.101105
0.105396
0.107009
0.102277
0.099524
0.096519
0.108286
0.091007
0.069375
0.154819
0.101127
0.094821
0.107270
0.092359
0.121514
0.091874
0.057682
0.104314
0.123175
0.076629
0.100922
0.112759
0.085537
0.101991
0.076757
0.036147
0.122462
0.079306
0.075170
0.145625
0.084283
0.092651
0.107398
0.115762
0.111035
0.100540
0.078320
0.094065
0.104027
0.089628
0.042984
0.115874
0.105226
0.096061
0.052621
0.119639
0.103943
0.112547
0.111359
0.141841
0.107343
0.097166
0.112768
0.079930
0.113033
0.103417
0.088714
0.078593
0.109472
0.137824
0.095381
0.090005
0.103163
0.102475
0.097655
0.084906
