1.222109
0.039849
0.138778
0.093844
0.081518
0.114553
0.091749
0.083057
0.024212
0.088189
0.072947
0.084148
0.093043
0.081354
0.100364
0.087895
0.099637
0.097953
0.089690
0.072855
0.092919
0.024485
0.089595
0.076034
0.076266
0.060301
0.088649
0.070675
0.022358
0.100674
0.089679
0.070452
0.082395
0.088890
0.076516
0.074104
0.071286
0.021817
0.092240
0.093581
0.112216
0.116988
0.089714
0.089612
0.072849
0.140503
0.084804
0.082108
0.070997
0.045003
0.092431
0.077816
0.063796
0.063128
0.121245
0.091253
0.105820
0.101680
0.034977
0.116338
0.113765
0.085073
0.098391
0.095798
0.102669
0.066978
0.153917
0.088499
0.063424
0.094357
0.099311
0.083312
0.090440
0.083587
0.098244
0.102367
0.088755
0.075409
0.086585
0.097829
0.113606
0.081541
0.026845
0.085449
0.082816
0.074890
0.088597
0.095581
0.089994
0.063250
0.065472
0.048207
0.089831
0.087192
0.025616
0.093760
0.102197
0.075682
0.085662
0.051588
0.132818
0.068044
0.073894
0.037169
0.097145
0.094799
0.091728
0.075590
0.133936
0.102030
0.095942
0.025447
0.095899
0.088318
0.080481
0.041463
0.099792
0.111196
0.075190
0.074338
0.173869
0.089427
0.080533
0.031033
0.121199
0.074843
0.081785
0.037926
0.088431
0.091684
0.083846
0.081071
0.137285
0.088412
0.085371
0.076907
0.088837
0.101038
0.107524
0.084509
0.135140
0.093776
0.079836
0.039409
0.086332
0.088372
0.088990
0.078999
0.055666
0.089363
0.089294
0.078544
0.089370
0.029475
0.085990
0.091497
0.076534
0.085996
0.029453
0.094152
0.132059
0.086902
0.039046
0.096901
0.094409
0.078594
0.076450
0.054031
0.103398
0.090448
0.082164
0.079923
0.032428
0.096443
0.118304
0.073581
0.083087
0.054453
0.031770
0.098650
0.128026
0.079593
0.070426
0.046577
0.094901
0.092752
0.083220
0.051969
0.084970
0.089441
0.077660
0.081358
0.068477
0.089779
0.092381
0.081585
0.072817
0.060383
0.093777
0.095575
0.107625
0.072861
0.091478
0.093709
0.081938
0.061943
0.044933
0.101360
0.088096
0.082459
0.037427
0.095832
0.093595
0.082665
0.072646
0.057785
0.093019
0.091063
0.066484
0.033872
0.040106
0.026159
0.025917
0.026529
0.029636
0.029780
0.026884
0.024400
0.026613
0.029307
0.029469
0.031430
0.029759
0.031302
0.027636
0.034896
0.033826
0.028419
0.039359
0.031926
0.034698
0.029978
0.034508
0.041158
0.041852
0.036469
0.038265
0.033161
0.033530
0.038558
0.037419
0.031950
0.030591
0.031300
0.031430
0.044434
0.056262
0.032129
0.041157
0.031287
0.039402
0.027022
0.036832
0.034410
0.035783
0.029654
0.036387
0.030704
0.027323
0.032675
0.029492
0.034091
0.031796
0.029786
0.034019
0.032826
0.035808
0.035967
0.055614
0.044478
0.038293
0.030730
0.040311
0.038849
0.039763
0.055671
0.030603
0.030476
0.034895
0.028935
0.037168
0.032532
0.030184
0.036193
0.035502
0.034137
0.031280
0.061554
0.060563
0.059932
0.078923
0.180048
0.101106
0.052702
0.070925
0.089944
0.058203
0.066105
0.087127
0.179048
0.132472
0.105892
0.207767
0.146150
0.227913
0.090429
0.048080
0.138441
0.170555
0.091127
0.082680
0.183805
0.084334
0.119811
0.095878
0.097576
0.093622
0.078042
0.158092
0.115594
0.053560
0.088173
0.126276
0.092705
0.099625
0.055043
0.110656
0.113273
0.061151
0.095960
0.132403
0.092866
0.102609
0.047363
0.094298
0.084661
0.084594
0.044871
0.107173
0.103193
0.096962
0.088571
0.063764
0.093679
0.086594
0.087863
0.099098
0.105022
0.093880
0.048995
0.172098
0.087157
0.095727
0.091928
0.052781
0.094289
0.082837
0.050253
0.096153
0.102772
0.091894
0.082229
0.042700
0.089063
0.078934
0.099536
0.047827
0.091145
0.088804
0.091747
0.122783
0.063214
0.095404
0.094299
0.073306
0.049591
0.110214
0.109398
0.089162
0.088633
0.089317
0.093911
0.085673
0.089115
0.091299
0.079403
0.092779
0.091167
0.089620
0.045177
0.125374
0.081427
0.072456
0.041606
0.099141
0.090152
0.098354
0.104589
0.059993
0.099571
0.089574
0.073181
0.064826
0.117794
0.092516
0.097292
0.092797
0.087169
0.054396
0.099594
0.105460
0.072141
0.086304
0.095379
0.091288
0.088963
0.073220
0.096643
0.092388
0.073670
0.089459
0.097694
0.104160
0.090666
0.092117
0.052732
0.097810
0.077557
0.080888
0.094187
0.128990
0.103914
0.095229
0.108841
0.100505
0.094770
0.047357
0.103290
0.112236
0.098478
0.086148
0.099976
0.099687
0.105759
0.099873
0.096135
0.111360
0.069586
0.116848
0.116075
0.128973
0.077087
0.100153
0.100600
0.097619
0.103069
0.103579
0.106190
0.112196
0.102860
0.091202
0.061847
0.095876
0.095597
0.107343
0.107906
0.096428
0.098924
0.098111
0.110085
0.123026
0.070609
0.081153
0.101695
0.098567
0.114829
0.098706
0.100090
0.053219
0.109326
0.098234
0.084252
0.061114
