250	168	106	105
246	168	111	112
239	172	107	121
216	195	115	112
211	198	114	123
218	195	114	119
218	190	107	113
214	185	116	122
203	193	108	130
157	252	103	105
158	250	86	96
251	221	106	110
226	212	114	106
221	199	108	112
211	201	108	108
194	202	110	113
199	213	106	110
205	209	112	111
218	190	111	100
221	148	109	112
199	131	112	120
204	160	118	109
235	199	114	96
267	232	105	102
272	233	111	117
263	234	106	119
244	245	109	112
242	250	103	110
232	234	109	115
227	220	111	112
228	210	109	114
236	202	107	115
241	190	111	115
243	165	111	120
229	152	108	109
222	128	109	114
224	116	119	114
247	130	109	104
254	126	115	112
257	131	108	122
263	170	110	115
273	209	107	115
276	230	108	111
278	230	110	113
270	234	113	109
260	218	118	110
265	211	117	107
264	192	115	114
263	158	122	117
269	154	115	113
267	175	117	114
267	182	107	115
267	175	112	107
269	180	115	109
276	184	119	111
283	193	116	115
282	207	114	111
259	210	115	111
227	204	113	112
203	204	112	113
208	200	112	115
238	204	107	114
277	207	99	110
319	210	98	108
337	213	111	114
335	219	103	110
320	213	108	107
297	177	113	121
263	157	115	118
244	156	108	110
246	163	105	115
252	175	107	120
260	188	110	117
271	212	114	111
298	215	117	117
313	225	110	112
308	234	113	115
297	247	115	112
291	249	109	105
261	232	120	113
234	229	113	107
212	222	118	115
211	228	107	118
218	223	115	116
236	217	116	101
250	170	114	121
266	136	116	129
296	135	120	117
324	142	112	112
333	143	110	122
328	156	112	122
316	181	114	110
292	183	118	121
265	200	122	120
251	222	111	114
240	227	110	110
223	211	111	113
213	202	110	111
207	199	108	111
214	190	112	116
233	174	111	111
249	164	110	113
262	166	116	117
275	174	118	125
303	208	110	117
307	219	113	116
297	207	115	110
263	188	117	109
206	185	131	118
172	197	125	126
164	214	116	125
167	233	110	115
177	231	116	100
199	186	122	114
227	170	113	112
235	165	110	118
231	183	111	120
227	203	109	112
227	199	107	113
230	185	116	118
241	193	109	114
236	192	114	125
226	211	110	120
209	219	114	112
202	204	115	111
198	191	116	107
197	183	112	115
202	187	111	124
209	211	112	128
208	248	112	111
203	251	108	106
195	212	119	120
204	187	112	120
197	173	114	120
174	164	115	116
164	179	112	113
173	192	115	110
181	192	116	119
202	191	116	122
228	204	117	113
251	223	116	110
279	235	114	109
302	236	110	112
293	230	108	116
255	215	120	116
204	210	118	116
172	206	108	120
137	213	116	119
111	220	108	112
111	204	114	119
166	189	136	116
218	189	117	112
226	182	119	111
228	180	110	114
240	196	108	113
245	201	114	117
238	205	104	121
199	209	100	117
175	214	107	119
180	217	108	116
212	210	100	116
267	204	109	116
279	209	111	113
270	211	112	112
261	199	113	114
252	193	112	111
252	180	108	122
257	176	107	117
270	185	113	115
277	196	112	115
271	198	105	115
247	196	93	121
204	216	109	126
192	231	102	128
180	240	109	117
183	237	112	118
206	229	111	121
213	229	114	114
199	230	106	110
180	228	108	108
177	219	105	109
197	212	102	114
240	197	94	125
285	191	105	117
278	192	117	110
249	184	113	115
215	181	113	109
198	171	112	116
183	173	108	123
167	180	111	119
175	185	110	110
198	183	118	117
272	189	112	111
295	185	110	115
293	180	109	117
281	183	105	119
256	191	112	116
235	194	110	122
217	211	104	111
180	198	111	114
145	183	112	115
139	181	115	109
165	183	105	111
189	186	110	114
200	189	106	110
192	184	107	111
199	167	107	123
204	161	116	116
217	167	109	116
219	173	112	116
213	184	108	119
204	192	111	124
214	220	117	118
224	243	116	111
217	246	105	115
195	241	110	105
185	208	109	112
177	157	116	125
196	148	107	116
202	155	116	116
218	165	118	118
248	179	107	111
246	180	106	114
238	179	106	115
217	184	105	116
192	193	108	117
188	205	110	116
193	210	107	112
187	206	111	106
183	169	117	127
199	156	113	115
241	160	92	108
284	161	90	113
302	182	100	114
303	205	106	108
293	213	111	109
299	216	113	112
302	212	109	113
296	211	103	120
274	218	90	117
247	217	101	119
235	227	105	117
228	235	98	113
213	222	106	115
209	205	115	116
219	196	109	112
225	195	109	114
237	196	106	112
255	186	107	114
255	168	115	119
266	158	110	111
276	165	110	123
284	206	112	119
283	247	105	109
264	249	109	113
255	230	110	109
248	186	111	113
241	157	114	117
241	150	105	111
230	153	103	120
209	164	111	112
222	170	100	106
251	146	109	118
269	135	110	119
283	143	105	104
277	146	112	119
264	154	110	128
248	173	108	119
239	178	105	116
244	178	106	109
249	183	109	109
243	184	109	121
212	200	106	115
201	204	109	112
217	197	102	112
235	180	101	114
246	177	104	108
243	180	106	114
240	197	107	104
236	197	111	112
233	200	107	115
210	214	113	114
214	229	102	108
218	231	111	109
224	226	107	109
220	225	103	101
214	216	107	110
226	212	104	108
255	185	104	107
276	155	108	114
283	153	101	109
281	159	109	115
278	172	105	127
269	204	108	118
265	222	102	113
244	221	110	106
221	218	108	113
221	237	100	105
232	246	101	102
242	239	104	107
241	222	102	106
246	210	101	102
257	204	106	105
293	202	108	115
305	206	104	104
301	201	99	104
288	194	98	111
273	201	106	116
267	212	108	120
259	232	103	111
255	236	103	108
269	233	101	105
271	220	104	108
262	222	109	97
260	208	101	104
259	202	106	102
265	202	100	105
273	192	102	106
275	187	100	102
275	192	99	109
278	207	107	108
288	222	106	102
297	226	101	102
282	226	101	104
252	232	104	103
232	236	101	106
222	220	94	107
209	183	98	111
208	159	99	117
217	163	100	102
225	173	110	101
239	182	108	101
248	180	105	102
256	189	108	101
272	195	102	113
287	215	106	119
295	243	104	108
289	245	104	103
284	206	95	113
270	202	100	97
245	213	110	82
222	203	111	97
220	208	103	112
238	227	91	104
246	225	99	99
269	226	100	101
280	230	100	102
281	236	97	105
276	250	98	105
277	254	95	107
279	248	98	101
274	249	97	101
280	235	101	103
281	230	97	99
274	228	98	106
265	238	98	107
259	241	96	99
254	233	102	100
256	217	99	98
255	216	95	101
244	216	101	105
251	228	101	97
264	230	101	97
284	228	94	90
292	221	98	85
296	189	99	103
290	191	99	97
284	200	100	97
281	211	102	94
268	213	94	96
242	206	102	95
225	193	100	97
222	192	100	104
229	200	102	118
258	235	101	122
277	276	104	104
311	258	90	102
316	234	101	108
316	230	101	96
300	221	98	98
279	222	95	105
260	240	77	94
227	237	96	96
235	236	106	94
293	233	93	99
318	235	95	98
336	229	95	95
343	227	96	99
350	239	94	101
352	237	96	95
354	229	98	96
346	232	94	99
323	256	88	92
300	262	97	96
297	253	98	97
302	241	106	96
318	240	96	96
333	245	94	101
351	259	95	101
357	250	97	96
352	216	96	99
308	168	107	112
286	164	100	97
282	166	97	102
285	182	93	105
275	205	94	106
253	233	90	93
229	241	98	96
223	242	95	95
225	245	93	97
236	248	89	94
244	242	104	93
255	198	95	104
245	174	92	104
236	169	96	98
229	171	98	106
213	185	96	107
199	205	90	97
192	204	92	101
187	208	94	101
181	222	92	101
187	233	94	98
211	234	89	97
243	239	88	87
269	223	100	94
301	230	93	82
311	226	100	95
311	240	99	95
295	257	83	85
258	238	66	87
219	234	80	76
193	222	86	87
183	226	90	94
218	234	75	91
233	229	95	84
247	205	98	92
270	196	87	94
301	197	84	94
328	207	90	90
337	206	92	94
330	208	91	91
313	200	85	92
280	184	91	93
236	159	95	96
251	154	88	88
286	142	93	92
296	131	98	93
306	121	92	92
302	122	97	103
309	141	91	109
312	179	89	114
309	224	91	98
310	230	88	93
305	214	92	99
299	203	90	95
295	186	94	101
289	163	95	105
290	134	95	102
289	83	95	108
310	78	91	92
333	98	88	95
340	140	84	93
324	173	93	92
306	193	91	88
295	198	89	100
286	227	92	86
277	231	91	89
271	231	88	95
277	236	89	95
283	235	94	90
291	225	94	92
296	223	94	84
311	210	92	82
314	197	95	82
324	193	91	90
335	194	90	100
336	212	93	99
325	228	88	103
302	262	88	85
281	264	85	90
271	259	88	94
264	255	88	96
252	234	86	99
240	186	94	108
265	177	90	96
281	176	95	89
295	176	94	97
309	191	94	102
332	209	85	101
347	228	88	104
352	253	95	95
347	263	88	97
336	262	78	95
303	270	88	90
257	269	87	95
222	271	89	91
216	247	91	101
222	210	96	113
226	192	92	103
243	194	85	85
274	183	84	92
304	183	84	90
317	187	90	91
323	193	90	93
325	202	90	93
328	212	93	100
320	230	91	95
291	234	84	88
245	232	92	86
201	232	86	93
181	228	91	95
200	232	86	90
241	230	83	93
258	227	88	96
256	224	97	96
284	225	101	91
353	214	105	97
366	206	101	100
340	206	115	86
285	204	115	86
201	216	125	89
153	228	114	82
162	217	95	88
198	173	101	104
218	159	96	101
224	159	92	91
225	164	89	100
244	189	81	106
244	215	86	108
236	244	91	98
243	264	90	90
255	266	92	91
244	256	87	92
221	252	93	95
232	263	85	100
262	282	92	96
273	283	94	95
271	272	97	95
274	234	93	109
280	184	94	117
279	156	87	92
259	150	85	92
239	153	91	105
232	173	90	100
230	205	89	107
224	248	99	91
238	253	89	97
243	245	92	99
247	232	97	96
250	226	92	92
263	224	86	94
284	211	91	98
287	202	91	94
274	192	88	90
281	181	94	90
297	180	92	92
302	189	86	101
287	215	88	108
276	248	90	100
290	262	87	94
293	257	90	91
282	243	88	93
272	236	92	91
277	240	89	90
279	234	90	91
269	225	92	95
265	219	89	91
257	219	92	92
254	225	90	94
247	227	87	93
246	224	86	93
274	219	79	90
292	221	89	94
280	231	96	94
260	235	94	101
257	238	89	95
263	229	95	92
273	213	93	95
270	211	90	94
277	217	91	94
286	222	89	93
284	223	89	90
279	222	86	92
277	218	85	89
280	219	89	92
278	225	94	98
271	242	95	92
267	247	93	92
274	235	93	95
288	220	91	94
285	216	95	91
278	221	93	100
272	237	85	94
269	234	89	91
269	205	96	102
277	206	89	91
275	209	94	95
275	222	94	96
272	230	94	98
267	237	91	94
271	231	89	92
273	228	89	91
264	227	94	96
253	236	91	98
248	251	95	91
251	243	93	97
253	235	93	95
255	237	90	89
247	240	96	92
253	255	89	93
255	259	91	93
255	258	88	94
253	261	89	91
254	257	91	90
245	249	90	94
243	244	90	90
240	232	97	89
242	219	94	93
243	221	93	89
247	223	90	91
244	218	97	90
251	208	95	92
257	205	89	91
255	214	94	97
254	232	96	92
262	242	88	92
257	237	88	92
256	229	94	93
267	223	96	90
265	223	94	95
268	235	88	89
259	237	87	92
254	239	93	90
253	224	94	94
257	220	91	93
238	229	102	99
230	246	106	94
242	252	92	92
255	248	92	95
273	239	95	93
282	226	93	92
268	227	94	99
245	245	93	93
272	257	85	85
286	249	92	90
280	228	94	96
255	225	100	91
237	225	98	96
238	230	89	91
240	227	96	91
247	225	86	90
237	225	93	95
235	227	92	90
242	234	92	90
242	244	96	93
258	252	100	89
307	252	99	85
319	244	94	90
286	245	107	82
233	260	112	86
217	270	96	87
225	272	96	91
252	263	94	90
262	259	89	88
251	260	86	91
232	262	89	87
222	262	89	91
227	266	94	90
245	268	91	90
247	259	92	89
250	252	89	88
239	251	94	87
238	244	93	89
246	236	94	91
253	232	89	85
247	225	89	85
248	218	92	90
254	213	91	86
255	222	93	86
247	255	92	85
231	292	96	81
234	290	92	83
238	272	96	79
245	247	95	85
254	230	95	84
260	212	93	86
257	200	92	83
251	183	91	85
253	166	91	88
258	160	88	87
265	161	90	92
269	173	95	95
273	207	92	89
278	244	90	82
281	242	92	77
277	206	89	91
277	198	91	88
294	197	92	84
319	211	87	81
323	216	86	87
309	219	90	89
294	222	90	89
299	224	88	92
301	245	90	86
312	279	92	79
317	279	94	88
314	280	85	75
298	261	91	77
291	229	94	81
289	206	94	87
288	202	89	84
290	207	90	88
301	220	88	87
312	230	91	85
311	235	91	85
305	236	95	90
299	250	96	84
297	251	89	85
293	243	93	84
294	235	92	78
296	210	92	86
300	204	89	83
298	200	88	82
304	199	88	88
310	208	92	84
328	224	94	86
332	247	93	82
320	253	94	86
283	255	92	86
264	250	92	89
246	235	87	101
236	206	82	110
230	176	90	105
248	174	90	87
264	175	90	97
283	194	82	92
281	205	89	87
287	210	86	88
294	213	84	85
297	215	84	86
297	213	85	88
298	216	81	87
