1.093074
0.068250
0.066461
0.066569
0.063857
0.028645
0.035987
0.089931
0.112195
0.063179
0.094362
0.024964
0.030659
0.078797
0.095978
0.086440
0.077798
0.077255
0.074334
0.052088
0.026418
0.074765
0.077569
0.076760
0.065933
0.057812
0.083843
0.075495
0.061733
0.075320
0.078434
0.074458
0.077156
0.077407
0.047580
0.023906
0.087200
0.080968
0.074235
0.094791
0.064030
0.028834
0.104559
0.081318
0.064752
0.088841
0.079371
0.111688
0.076857
0.049648
0.024331
0.102809
0.083660
0.073201
0.056607
0.038844
0.029478
0.080829
0.087024
0.077494
0.120351
0.078397
0.077267
0.082025
0.026241
0.033216
0.126628
0.081716
0.079266
0.067507
0.029243
0.034613
0.028014
0.039656
0.074513
0.078014
0.076124
0.080102
0.086517
0.075742
0.108329
0.057908
0.022207
0.075544
0.084988
0.087531
0.077388
0.076338
0.028939
0.026160
0.089929
0.098941
0.080794
0.081182
0.080941
0.077576
0.080854
0.045044
0.025989
0.110384
0.121569
0.080356
0.068569
0.025763
0.028841
0.078729
0.079247
0.080581
0.080417
0.080299
0.091521
0.082161
0.042496
0.027062
0.082731
0.095479
0.073328
0.082177
0.030019
0.026971
0.107942
0.074288
0.083965
0.082338
0.081106
0.079151
0.080902
0.032887
0.055483
0.089745
0.083991
0.089239
0.075220
0.033241
0.048269
0.083552
0.083987
0.063279
0.085696
0.081604
0.115132
0.082986
0.029074
0.027488
0.082170
0.091679
0.079966
0.100915
0.033012
0.032762
0.051238
0.091511
0.079611
0.084826
0.083037
0.083271
0.081663
0.082691
0.048852
0.098874
0.118876
0.088038
0.078495
0.039883
0.050776
0.088738
0.087668
0.084307
0.083164
0.086254
0.085244
0.060508
0.039278
0.090314
0.085393
0.080145
0.060897
0.069607
0.044422
0.049426
0.116894
0.074867
0.081406
0.082778
0.086341
0.082911
0.049167
0.038804
0.088828
0.084437
0.074349
0.075597
0.050996
0.034309
0.084296
0.085096
0.086133
0.086763
0.086439
0.081632
0.109099
0.042606
0.160494
0.083773
0.081154
0.073358
0.035473
0.085666
0.084152
0.084852
0.089152
0.086713
0.087512
0.087493
0.045965
0.088329
0.100951
0.095765
0.082350
0.033733
0.067397
0.089031
0.083234
0.086145
0.098795
0.084537
0.085278
0.088715
0.064300
0.095153
0.154832
0.082047
0.079085
0.071450
0.126334
0.089914
0.094038
0.086717
0.097737
0.111528
0.038070
0.096279
0.089412
0.095718
0.103413
0.080391
0.085721
0.118921
0.090486
0.099584
0.093164
0.093556
0.071401
0.037746
0.099417
0.104223
0.102708
0.072225
0.038568
0.162700
0.107976
0.092085
0.089341
0.083438
0.078405
0.032205
0.098662
0.092957
0.088256
0.068105
0.093368
0.096706
0.078433
0.101513
0.125298
0.092225
0.076771
0.042652
0.131738
0.093835
0.107786
0.050798
0.059905
0.104889
0.091641
0.165967
0.090630
0.088814
0.036090
0.089379
0.100725
0.072473
0.073009
0.067641
0.145614
0.110177
0.090007
0.091902
0.091500
0.070631
0.045257
0.106564
0.104421
0.086826
0.091885
0.093723
0.096253
0.096315
0.101230
0.090785
0.090356
0.041351
0.094225
0.100643
0.090918
0.088004
0.039230
0.099926
0.088336
0.091997
0.125059
0.092583
0.088735
0.078524
0.107781
0.090916
0.086318
0.085540
0.036722
0.054949
0.085293
0.083566
0.095666
0.089709
0.091216
0.091253
0.042063
0.040766
0.107493
0.122863
0.117025
0.098143
0.091711
0.087878
0.090712
0.088522
0.088797
0.095458
0.085026
0.094701
0.079559
0.073455
0.039475
0.089311
0.095142
0.088938
0.094276
0.089550
0.088079
0.038610
0.121978
0.094178
0.083415
0.081625
0.047686
0.109495
0.085306
0.092036
0.090365
0.092898
0.095406
0.074555
0.100753
0.092393
0.099817
0.092461
0.059644
0.096254
0.101225
0.098060
0.121627
0.097987
0.042877
0.140909
0.095631
0.098447
0.041114
0.045210
0.088737
0.088710
0.091269
0.089364
0.089968
0.091469
0.093681
0.038007
0.156260
0.088915
0.097087
0.052933
0.122659
0.100762
0.094229
0.091656
0.092787
0.089841
0.041143
0.104917
0.102763
0.095177
0.089335
0.043855
0.084877
0.100209
0.091045
0.091875
0.092622
0.090592
0.089091
0.039420
0.126720
0.089886
0.079469
0.053874
0.041055
0.111554
0.089533
0.103422
0.126297
0.094064
0.102904
0.049880
0.128111
0.085813
0.087151
0.060905
0.061684
0.133734
0.107735
0.094348
0.122692
0.105592
0.044065
0.097005
0.104993
0.086881
0.107457
0.069961
0.098684
0.098896
0.096129
0.097358
0.099804
0.094630
0.042636
0.109519
0.121446
0.091252
0.051793
0.097660
0.128383
0.100930
0.092364
0.093613
0.094988
0.041041
0.095172
0.100412
0.085631
0.074968
0.046010
0.091916
0.093745
0.093116
0.099662
0.100141
0.096032
0.086182
0.046215
0.103042
0.135713
0.102536
0.080449
0.117840
0.081759
0.102861
0.092567
0.098040
0.094470
0.045200
0.101502
0.097769
0.094947
0.092059
0.055399
0.092900
0.100423
0.096345
0.098641
0.099205
0.129974
0.098225
0.110176
0.089102
0.104744
0.101008
0.102074
0.093595
0.094696
0.093184
0.074914
0.046792
0.105061
0.105771
0.087157
0.074650
0.129012
0.099660
0.101649
0.098088
0.126469
0.100089
0.067121
0.107903
0.117326
0.093692
0.051108
0.093847
0.092676
0.101030
0.113759
0.099784
0.098500
0.065958
0.106024
0.099573
0.095910
0.124987
0.111943
0.102259
0.143272
0.108094
0.104478
0.099740
0.099410
0.104776
0.097825
0.085776
0.108316
0.100757
0.120116
0.099025
0.095222
0.086550
0.129430
0.113033
0.114450
0.052819
0.095682
0.097883
0.129744
0.100213
0.100452
0.097698
0.071216
0.100702
0.104797
0.108292
0.084974
0.110168
0.099329
0.102408
0.100588
0.098953
0.097144
0.049065
0.095921
0.103790
0.089134
0.091702
0.064392
0.105710
0.097847
0.098811
0.111326
0.098335
0.101824
0.071344
0.110575
0.101955
0.111817
0.088192
0.072493
0.097383
0.107197
0.097550
0.098646
0.102360
0.093072
0.089841
0.145991
0.099004
0.094806
0.111103
0.121558
0.109939
0.100476
0.104590
0.070749
0.060053
0.109711
0.089151
0.099962
0.060792
0.127908
0.095590
0.097998
0.097534
0.093474
0.121502
0.121894
0.103032
0.119347
0.112023
0.104504
0.111113
0.090119
0.110757
0.134945
0.093047
0.109236
0.106489
0.100921
0.101493
0.109108
0.113961
0.096095
0.083736
0.056896
0.099245
0.133616
0.099448
0.097242
0.092416
0.108488
0.113767
0.115459
0.050875
0.100603
0.109476
0.100613
0.105183
0.102974
0.045473
0.104108
0.091136
0.112357
0.074816
0.101575
0.106697
0.131211
0.104154
0.102086
0.148588
0.116155
0.063008
0.094982
0.100777
0.108916
0.103823
0.084927
0.129634
0.107377
0.090225
0.060780
0.104263
0.114995
0.113634
0.099767
0.112202
0.055026
0.104534
0.101741
0.085800
0.127982
0.102790
0.099869
0.078118
0.114500
0.104425
0.065478
0.105973
0.108644
0.104390
0.104047
0.105918
0.103502
0.119497
