57	156	198	173
67	143	188	185
70	143	197	187
69	145	199	188
71	148	202	185
66	147	206	186
65	148	207	186
71	153	205	177
63	147	218	193
72	154	210	185
75	157	203	183
63	155	222	188
60	153	231	201
44	162	250	192
70	169	227	178
78	163	217	187
96	167	203	186
92	162	213	197
120	172	180	178
131	163	183	190
143	167	174	184
140	165	186	191
143	161	186	196
150	165	182	197
151	157	190	203
138	153	205	224
128	155	236	227
133	151	240	222
144	152	237	220
151	152	235	221
150	156	265	214
162	153	239	220
165	151	255	213
166	152	266	202
174	151	270	199
180	138	265	208
189	135	259	205
204	140	238	198
193	134	257	199
172	134	288	187
179	135	278	183
213	133	240	185
214	141	243	171
216	138	235	162
219	150	232	150
220	139	228	161
220	147	234	143
218	155	227	135
222	151	224	139
231	156	218	128
235	153	208	133
241	154	206	131
248	153	192	130
254	148	191	142
256	150	181	140
257	154	184	133
255	149	190	138
268	149	171	140
268	149	168	142
275	141	170	152
293	136	156	150
291	136	162	153
296	148	160	138
304	143	157	134
311	134	159	144
326	125	169	154
332	143	158	131
352	133	150	142
363	127	152	152
365	141	146	131
373	137	154	132
376	134	177	131
378	144	166	126
420	128	155	136
433	120	145	145
443	113	135	157
449	108	129	166
449	120	119	150
450	118	135	152
450	121	137	150
449	126	141	150
447	127	144	145
454	121	136	151
453	124	139	149
449	130	147	143
449	125	145	144
451	128	136	144
453	127	129	144
449	130	135	137
450	129	131	135
450	128	130	136
449	125	133	136
443	126	138	130
444	128	132	129
449	125	120	132
449	127	129	133
444	132	131	123
448	128	129	131
450	124	123	135
449	126	133	132
450	120	131	142
452	127	129	132
453	125	136	139
454	127	128	134
456	131	135	135
458	134	132	133
462	129	135	141
463	132	150	139
456	132	168	135
456	128	175	145
450	132	184	146
446	130	188	150
451	141	181	140
448	141	186	145
446	141	191	147
451	147	184	137
451	146	186	142
450	145	186	144
463	149	173	137
475	152	160	129
480	154	150	128
494	148	128	132
494	145	127	134
489	142	124	137
482	144	125	135
472	150	133	128
470	136	148	144
458	135	160	143
460	132	161	143
452	137	167	137
456	130	158	145
457	124	160	154
456	119	167	160
461	125	158	152
462	124	164	153
453	128	173	154
450	127	182	163
447	126	184	174
446	129	184	177
445	124	184	195
444	118	180	201
445	124	178	195
444	132	168	193
440	125	165	211
434	133	167	208
424	140	147	210
437	140	164	200
425	147	161	202
433	128	176	217
421	147	171	204
421	142	174	201
422	143	166	203
429	143	148	202
421	147	146	198
410	147	165	195
403	138	177	205
370	144	190	204
362	150	208	198
349	148	219	195
355	137	223	213
351	134	212	217
335	136	231	208
351	130	213	218
333	131	228	215
350	118	213	231
340	125	217	217
339	120	216	232
340	120	210	230
330	130	219	217
313	127	230	219
295	139	255	199
290	137	257	205
294	140	252	205
306	132	240	210
282	148	231	188
286	139	226	186
285	135	233	210
282	142	228	188
286	136	221	159
285	133	226	160
276	139	231	150
280	137	226	154
279	144	221	145
285	139	213	146
274	141	222	147
278	140	222	141
274	147	212	138
276	150	204	127
274	160	199	122
270	154	197	128
278	161	180	121
293	151	164	133
301	150	158	128
311	143	148	136
311	151	149	126
315	151	144	131
306	157	158	124
313	159	153	129
310	155	156	136
314	161	149	129
312	162	153	130
318	160	148	135
322	156	145	141
324	157	138	142
322	155	138	146
317	160	149	143
318	154	142	151
312	157	155	148
315	160	142	144
317	163	139	143
314	164	141	142
319	162	140	141
320	159	140	146
322	163	134	136
321	156	139	143
324	150	143	143
325	153	147	132
325	150	156	134
329	146	148	135
330	146	147	133
333	139	144	139
338	137	139	140
339	137	145	139
340	136	147	136
342	132	148	143
345	124	139	149
340	120	151	149
340	112	156	159
334	111	169	155
322	109	184	156
297	107	213	159
278	101	237	181
275	101	242	183
272	94	245	190
270	85	244	202
272	79	244	209
272	76	238	218
276	72	223	219
270	75	227	211
274	67	212	224
274	67	209	221
277	60	203	234
272	53	205	248
274	47	191	261
271	50	195	251
269	43	194	255
267	37	185	248
266	34	175	252
298	62	154	233
254	16	187	257
279	45	164	245
255	1	158	235
255	11	181	274
285	42	160	267
222	5	187	268
197	33	196	261
167	50	206	262
134	57	246	255
107	85	269	228
103	114	228	197
139	73	234	234
129	107	216	202
160	76	207	228
140	110	179	203
169	79	194	222
139	101	179	213
158	80	215	227
139	112	178	200
272	99	179	177
231	51	171	140
237	53	164	138
242	57	150	131
245	71	140	109
249	73	134	106
248	76	125	101
245	79	131	96
236	78	134	102
247	78	125	101
247	80	120	96
241	77	134	100
246	75	134	99
240	75	136	98
248	70	124	105
249	65	134	107
251	69	128	104
255	56	132	116
247	58	149	116
243	65	152	109
250	56	147	120
252	57	156	119
251	65	163	110
258	51	157	130
254	53	178	132
252	54	180	133
254	54	180	139
250	54	196	154
256	54	197	171
253	56	211	214
258	60	199	217
262	69	200	211
261	67	199	207
262	72	195	208
262	77	206	207
262	77	205	215
259	73	219	214
257	65	238	224
265	69	231	231
264	72	225	220
264	86	216	201
257	93	235	182
260	96	227	184
256	108	239	167
249	98	255	181
260	97	241	198
257	104	250	190
263	100	252	197
261	103	253	189
255	106	263	190
269	105	250	200
268	106	256	196
258	110	265	196
260	118	266	200
255	121	269	201
263	124	247	209
250	130	264	204
251	136	264	204
247	135	267	208
245	140	275	207
249	155	263	203
242	146	274	205
246	158	266	206
221	142	296	213
214	150	306	215
194	147	332	223
198	147	319	228
192	155	321	218
187	161	328	219
174	150	338	229
169	156	338	230
171	156	349	219
167	161	349	221
180	153	336	224
178	158	335	223
206	156	317	215
188	157	336	221
190	152	330	230
192	154	346	216
211	150	329	217
223	143	320	221
243	146	298	217
261	136	284	219
267	136	287	216
290	121	287	233
301	130	256	220
343	115	219	236
353	98	218	249
356	92	221	260
353	90	236	259
355	99	232	252
367	84	218	267
371	92	190	265
371	86	190	261
368	90	202	262
369	92	192	261
371	91	192	262
369	92	195	261
371	92	184	262
364	91	204	260
362	101	195	250
368	93	188	259
364	93	194	258
366	91	192	260
364	92	193	260
360	99	180	256
359	105	175	243
356	99	171	249
352	125	157	223
349	107	177	240
325	118	196	226
327	112	198	240
313	121	212	224
292	127	224	208
283	141	229	197
294	127	217	213
287	145	210	191
280	141	229	203
273	149	237	197
281	132	234	220
261	138	242	216
265	149	230	202
242	154	250	194
251	145	213	205
234	144	204	204
196	136	233	205
175	143	233	194
159	138	230	201
134	132	237	210
117	140	229	204
79	135	271	209
71	137	253	204
64	130	252	204
62	139	242	193
59	135	234	191
53	128	230	201
59	137	212	189
60	133	208	194
59	131	205	195
55	131	206	194
60	128	209	201
59	126	202	203
62	124	205	200
67	129	188	198
67	133	200	190
76	134	182	192
75	131	190	190
60	138	211	188
68	135	200	186
70	128	195	194
64	130	199	188
69	133	199	181
66	129	201	196
59	126	207	191
66	128	197	188
60	133	211	191
65	132	204	190
68	130	201	191
65	132	207	188
70	131	206	194
71	135	212	194
74	136	228	201
68	131	243	203
77	132	245	210
78	133	256	208
88	127	259	216
98	126	257	222
121	133	247	221
126	128	295	235
121	129	326	242
148	140	303	230
167	147	283	230
189	144	267	240
221	152	240	230
231	175	234	204
247	173	231	202
253	165	232	204
262	171	238	198
263	157	244	200
272	157	229	197
281	155	221	192
269	156	239	189
267	148	250	191
264	145	252	187
265	145	244	183
266	141	248	183
278	143	224	182
274	139	241	192
277	142	240	193
277	143	242	178
276	142	247	187
284	144	244	194
296	139	244	208
342	121	208	229
351	124	194	229
357	121	201	230
356	122	208	225
352	136	225	214
363	130	219	222
363	139	214	212
361	129	225	219
363	136	229	215
368	135	229	215
367	130	223	219
370	137	216	215
358	142	230	206
368	139	209	209
363	141	208	202
360	142	208	205
355	142	215	213
348	139	214	207
339	144	212	203
356	139	192	214
337	143	203	207
360	138	172	216
362	138	163	214
350	137	175	213
358	136	167	219
375	138	145	214
369	143	137	208
374	148	133	200
375	155	135	194
379	160	118	193
382	171	110	180
385	171	84	183
378	166	91	187
374	150	90	200
367	156	107	193
369	150	122	199
362	148	144	201
371	149	102	214
373	153	100	211
365	154	110	219
361	153	124	227
351	155	144	230
352	154	149	233
350	158	154	233
344	158	169	227
342	155	170	230
339	153	175	228
351	161	160	216
361	176	152	191
367	188	144	173
371	189	143	171
369	177	147	179
373	169	142	187
368	158	154	199
371	150	155	203
366	155	156	194
363	146	161	202
363	142	151	207
365	149	150	201
361	152	157	195
361	153	141	204
361	152	147	200
360	155	150	200
358	156	150	199
356	154	158	201
359	148	155	202
344	155	183	192
349	156	168	193
357	154	170	201
342	157	182	193
349	158	177	195
338	166	180	184
347	158	176	194
354	154	169	202
343	154	189	195
349	154	165	196
349	154	177	198
358	160	154	195
359	149	155	202
356	149	169	199
355	138	167	212
357	143	186	210
368	147	147	210
366	146	148	207
370	141	144	208
371	129	147	219
377	121	142	231
373	117	142	232
380	130	129	219
382	122	135	231
377	128	137	219
377	130	140	216
382	131	133	216
378	129	140	221
377	131	158	218
389	123	132	228
383	129	147	221
381	123	172	227
373	130	190	224
376	129	192	218
374	120	185	232
380	116	161	236
381	126	146	226
373	120	152	232
367	115	154	234
381	119	130	235
382	116	123	240
379	123	128	231
369	106	131	246
370	116	124	239
372	127	120	231
373	143	116	218
371	146	117	212
372	143	115	214
374	151	128	208
365	147	144	207
369	133	165	222
364	115	199	241
366	102	184	248
364	109	175	246
363	111	172	243
359	112	174	240
365	106	165	249
359	117	161	233
358	121	178	233
356	134	164	223
358	152	156	201
359	146	154	204
367	164	141	194
363	154	147	197
366	147	139	203
365	153	136	202
360	149	152	204
356	139	174	213
351	141	181	212
343	135	206	214
335	124	216	224
299	139	248	202
310	125	229	222
271	141	246	193
279	137	235	193
274	130	238	194
272	131	237	195
266	129	250	179
261	127	246	174
252	133	253	168
247	139	248	163
243	138	251	163
252	133	239	171
245	138	246	166
249	137	239	175
246	139	254	179
247	147	251	178
245	145	267	187
250	146	264	191
255	148	257	193
258	149	260	193
257	151	271	192
264	152	265	197
271	148	259	204
268	153	263	200
273	151	257	200
275	148	256	202
268	149	267	202
270	157	247	193
270	159	251	198
262	152	252	200
250	155	272	198
254	154	253	194
250	152	252	196
240	145	262	201
233	150	266	187
215	144	294	193
204	142	299	199
209	138	265	200
189	140	267	191
185	138	260	191
173	143	267	191
175	140	263	200
161	140	282	205
160	142	281	203
154	152	291	199
147	156	284	206
150	147	282	210
142	151	292	215
134	151	302	211
130	154	301	218
128	154	280	227
126	159	258	227
125	164	260	230
109	145	267	242
103	157	286	237
98	150	249	240
79	159	289	230
72	166	289	224
67	161	284	234
66	165	275	227
67	161	271	220
65	163	252	211
74	163	244	205
77	163	228	195
66	171	226	194
71	166	213	194
64	157	217	201
62	154	216	209
62	154	209	202
56	148	210	212
50	153	210	194
52	151	214	196
57	144	205	200
59	149	204	193
55	147	205	192
57	147	199	193
59	149	196	191
52	146	207	197
60	150	178	193
53	151	196	190
62	152	177	191
63	160	169	184
57	160	176	183
58	161	169	182
59	160	171	190
57	153	180	190
59	151	188	194
57	158	188	183
57	153	189	194
52	155	196	190
52	162	196	188
52	157	192	192
53	160	189	193
50	159	197	194
50	161	197	191
48	163	207	189
52	162	204	195
58	165	199	191
53	162	206	197
63	155	186	204
