1.191015
0.054551
0.062321
0.056070
0.066308
0.067271
0.074364
0.021638
0.079642
0.072195
0.078059
0.076534
0.079522
0.087221
0.082235
0.092588
0.063150
0.059245
0.082600
0.078611
0.038425
0.081069
0.079691
0.034132
0.106905
0.087429
0.076508
0.077764
0.025639
0.081137
0.064159
0.076473
0.076370
0.076748
0.077342
0.078141
0.025888
0.086826
0.081064
0.032032
0.117594
0.079005
0.076976
0.020906
0.109431
0.053518
0.025446
0.077850
0.079173
0.082653
0.081128
0.068698
0.030091
0.076857
0.079544
0.082160
0.053825
0.089188
0.078010
0.029100
0.138199
0.082230
0.078106
0.079253
0.030241
0.083327
0.073330
0.079359
0.064017
0.091049
0.079930
0.044481
0.082686
0.051427
0.048380
0.080683
0.079233
0.079351
0.038713
0.087061
0.096258
0.034261
0.076709
0.068480
0.079089
0.079684
0.078397
0.022276
0.084760
0.066681
0.079571
0.069901
0.081758
0.076385
0.056559
0.089714
0.063998
0.043451
0.070825
0.083270
0.110519
0.072656
0.088805
0.061479
0.027624
0.070479
0.096673
0.086013
0.072132
0.085755
0.057800
0.052795
0.075132
0.081758
0.080815
0.040756
0.082416
0.089432
0.100938
0.087838
0.134593
0.084878
0.074807
0.094893
0.070894
0.087787
0.095652
0.118965
0.082517
0.093050
0.085069
0.086051
0.097410
0.088076
0.083817
0.090814
0.126731
0.079846
0.037298
0.082650
0.112054
0.088394
0.084277
0.037591
0.097377
0.083913
0.096393
0.084596
0.083886
0.089091
0.040592
0.086542
0.111091
0.097097
0.089024
0.082032
0.122224
0.082001
0.033689
0.083176
0.105438
0.087287
0.083580
0.086936
0.072908
0.079996
0.099667
0.090512
0.087354
0.080931
0.052766
0.081057
0.072760
0.084455
0.083670
0.061441
0.086155
0.080607
0.032216
0.068915
0.114958
0.085990
0.089737
0.068925
0.085021
0.081654
0.087539
0.097352
0.142913
0.078332
0.038699
0.086519
0.085369
0.089028
0.080858
0.093987
0.104503
0.080854
0.090778
0.086474
0.121046
0.058217
0.090186
0.084411
0.083339
0.087678
0.091471
0.087470
0.089344
0.070312
0.085865
0.089454
0.086261
0.097715
0.030197
0.091175
0.081125
0.110784
0.088756
0.086589
0.043424
0.090993
0.075299
0.092853
0.088827
0.050052
0.090961
0.084659
0.072361
0.083040
0.098869
0.089701
0.063431
0.091608
0.095744
0.088364
0.099926
0.088674
0.091254
0.030058
0.132992
0.033873
0.085772
0.094418
0.097389
0.086837
0.092525
0.100577
0.076890
0.091694
0.099714
0.086779
0.094891
0.132390
0.087062
0.047233
0.089210
0.088866
0.091570
0.068576
0.125843
0.082217
0.053073
0.089683
0.087201
0.093707
0.082469
0.103281
0.077204
0.083788
0.091923
0.093871
0.084479
0.089948
0.079215
0.102870
0.098058
0.098837
0.099717
0.092232
0.048275
0.084134
0.089609
0.090400
0.096521
0.067848
0.100205
0.061671
0.081828
0.087971
0.153432
0.086873
0.088132
0.076975
0.060349
0.088272
0.099889
0.095439
0.094784
0.032855
0.124683
0.072239
0.096739
0.118091
0.094161
0.109635
0.097351
0.084284
0.089058
0.088930
0.039423
0.117012
0.096343
0.098237
0.111908
0.051905
0.102557
0.110002
0.094929
0.095271
0.130550
0.096345
0.097063
0.081286
0.096582
0.093139
0.092826
0.095140
0.093264
0.050545
0.090808
0.060781
0.089427
0.092075
0.094042
0.180876
0.095449
0.089846
0.091308
0.090758
0.125533
0.045975
0.095014
0.085522
0.089355
0.093854
0.090648
0.140285
0.095621
0.093893
