478	143	80	111
474	142	83	112
473	140	83	110
470	136	84	110
470	133	79	111
467	132	82	111
465	132	84	110
464	129	81	112
462	127	83	112
462	127	80	112
461	126	84	112
459	122	86	117
459	121	80	117
459	123	82	115
459	120	82	118
459	116	80	123
458	114	83	124
454	114	82	123
453	113	84	125
451	118	82	120
450	119	83	120
448	120	86	121
443	119	86	123
439	119	84	125
436	117	86	129
431	119	86	131
426	128	89	125
416	131	97	125
411	139	94	122
401	146	94	119
393	149	94	121
384	152	92	120
375	152	93	129
365	159	93	116
354	161	90	120
339	160	92	132
331	163	91	131
316	164	93	134
303	166	95	134
292	167	94	134
282	165	93	140
271	167	94	143
262	164	104	145
257	162	107	148
249	162	110	149
248	163	117	149
245	165	120	150
247	164	120	155
248	160	118	157
250	168	115	152
252	164	120	155
258	161	116	153
262	160	118	153
264	153	114	158
265	146	112	160
264	138	118	159
261	127	119	157
265	118	123	158
267	104	119	158
264	94	117	158
264	86	116	157
265	76	110	151
270	62	108	153
270	58	106	151
271	53	106	147
268	49	104	143
268	47	100	134
270	41	96	139
271	39	93	132
271	37	94	129
274	36	92	128
280	34	89	124
284	38	82	120
290	37	83	117
292	38	80	118
298	41	81	115
303	39	79	119
309	42	78	115
315	42	77	118
321	47	79	112
328	49	78	114
337	50	77	115
346	50	82	117
356	50	82	119
366	49	81	123
377	51	81	122
387	52	80	123
400	53	86	122
408	54	97	122
422	55	97	128
437	54	98	132
450	59	97	130
462	65	101	122
466	68	105	128
480	67	99	135
493	69	96	138
502	76	94	129
508	82	97	124
510	86	103	123
512	89	102	126
512	95	102	128
511	97	100	126
507	101	101	123
502	104	98	126
499	110	90	123
492	115	89	120
483	115	95	124
472	121	98	123
464	127	96	123
458	130	91	123
453	129	85	126
445	131	89	128
435	134	92	128
425	135	95	133
419	138	99	135
410	150	106	129
403	151	108	129
396	156	108	127
390	163	101	126
383	164	101	132
375	167	99	139
369	172	98	145
365	171	97	173
354	174	97	166
348	168	101	167
340	175	98	156
328	168	103	170
321	181	108	151
315	180	106	155
312	180	105	152
307	184	102	145
308	183	100	146
308	188	97	142
313	181	99	148
318	181	102	146
325	183	99	148
335	184	97	147
344	182	98	153
353	194	93	150
367	198	94	148
377	205	91	144
386	209	101	145
398	213	98	141
410	219	97	134
423	221	94	136
432	226	92	132
438	234	95	126
439	246	99	122
446	253	96	118
451	253	100	119
450	252	103	119
449	249	103	123
444	252	104	116
443	243	101	124
440	235	100	127
438	222	102	133
436	217	104	139
434	218	102	137
432	214	99	142
433	207	102	149
434	199	101	159
435	196	103	154
436	197	107	153
436	191	110	158
433	187	111	164
434	193	116	155
429	195	115	157
426	194	113	160
422	190	113	166
414	189	115	164
403	185	117	166
392	179	124	172
386	188	119	163
373	182	123	168
364	184	111	168
345	172	103	173
333	166	103	176
316	173	116	166
300	173	127	159
283	174	136	149
271	160	149	160
255	167	111	149
253	172	99	141
242	169	102	143
232	165	102	144
224	167	107	140
217	163	107	148
208	164	112	145
204	178	108	142
196	177	109	142
191	180	108	146
180	173	117	155
173	185	120	147
166	185	122	147
161	183	128	154
157	191	123	146
158	198	123	150
147	191	133	146
146	192	131	153
146	195	131	149
146	196	131	146
147	191	129	157
143	184	132	158
145	195	130	154
136	183	141	157
138	185	136	148
136	184	135	150
137	169	127	152
130	170	132	147
123	156	157	158
122	152	133	158
114	141	129	157
112	133	132	155
103	126	133	144
102	113	128	142
102	101	122	142
102	90	117	146
106	81	110	145
108	70	117	145
112	58	121	157
119	41	117	176
122	25	128	194
132	25	115	198
136	16	132	211
144	11	128	222
152	2	123	234
155	0	121	233
179	0	98	236
195	-6	89	249
205	-15	87	248
210	-22	84	233
203	0	98	239
197	-9	109	249
249	-46	73	228
256	-46	63	206
259	-42	64	194
261	-35	70	179
259	-25	79	163
261	-12	80	148
259	2	85	135
262	21	80	115
263	28	77	107
261	31	76	105
259	34	73	103
256	36	75	105
253	36	75	108
254	37	71	108
256	41	73	105
252	44	73	106
256	47	72	104
253	48	75	106
254	50	72	105
259	51	73	105
260	52	75	103
266	51	72	108
270	57	71	104
272	60	75	100
275	58	77	102
282	55	73	105
284	53	75	104
288	55	73	103
291	57	70	99
288	57	70	99
293	57	68	100
291	57	70	101
290	58	71	102
288	58	72	101
290	59	69	102
288	62	70	103
286	65	71	103
284	69	71	100
283	72	69	100
281	74	70	100
278	76	73	98
279	75	75	98
280	81	73	99
284	84	66	99
283	85	68	100
283	90	68	97
286	96	67	91
285	96	70	92
285	95	68	95
287	99	68	92
285	102	68	93
287	103	68	92
286	107	67	90
287	109	67	89
286	113	67	87
288	116	65	84
289	121	65	78
289	125	65	77
292	127	65	79
292	129	65	86
293	130	68	101
296	134	68	99
295	135	70	100
297	139	71	102
298	142	71	109
300	145	70	106
299	146	73	111
303	149	72	107
300	153	76	106
307	155	69	107
308	158	72	102
311	158	65	106
313	161	64	107
312	159	69	110
312	163	69	104
312	162	70	102
309	163	72	107
312	166	69	103
310	167	70	103
311	167	70	101
313	168	66	104
312	165	69	102
312	164	67	103
311	161	70	102
310	157	71	103
309	154	73	104
309	150	71	108
310	148	68	107
308	143	70	108
305	134	72	115
306	126	70	128
308	120	69	126
311	114	66	112
311	112	66	95
312	104	68	94
314	95	68	101
316	91	70	97
318	86	71	98
321	83	70	99
324	78	72	97
327	74	73	97
330	68	72	98
333	62	70	98
338	56	71	99
341	53	70	98
346	46	70	104
352	43	69	102
359	38	72	103
366	33	74	105
372	31	73	102
378	26	72	105
389	22	72	104
396	16	77	106
405	17	73	104
414	16	75	109
423	20	73	109
433	22	73	109
443	23	75	118
451	19	78	125
458	15	83	134
465	22	78	129
470	47	82	112
476	55	82	107
479	65	79	100
479	73	80	99
477	78	81	106
475	79	79	111
473	90	76	107
469	97	81	103
468	101	77	103
465	106	74	108
462	112	71	109
459	113	69	124
457	121	69	117
455	126	69	113
455	132	69	108
456	139	69	101
454	147	68	95
457	152	68	96
459	163	67	91
461	167	67	93
461	170	69	94
462	174	71	94
464	175	72	95
467	180	71	94
471	180	68	97
473	183	69	94
475	184	70	95
476	182	69	95
474	183	67	95
477	180	70	98
473	180	72	96
476	178	71	96
474	178	69	94
475	177	71	92
476	171	69	94
474	163	69	95
476	157	71	98
478	149	71	101
478	146	72	98
479	140	72	99
481	131	70	111
482	126	73	105
480	123	75	103
483	116	77	105
482	110	78	110
483	106	78	109
482	101	81	109
483	99	82	108
481	94	82	106
479	84	85	112
472	77	88	116
467	72	90	114
465	70	90	115
461	68	88	116
456	62	91	116
450	57	90	110
445	54	88	102
438	49	85	106
429	45	82	106
423	44	79	106
412	41	76	105
403	38	76	108
394	37	74	106
385	32	73	109
373	30	76	105
362	26	75	104
352	23	71	105
341	23	70	102
332	19	70	105
321	17	72	104
315	16	68	105
310	17	69	104
303	15	70	106
294	15	69	107
287	17	71	103
280	14	71	109
275	14	72	106
270	13	72	106
265	10	72	111
261	15	74	106
258	16	73	107
254	16	73	108
252	18	72	108
256	20	70	107
251	24	72	105
249	26	69	106
248	31	69	104
241	33	72	107
238	36	71	104
233	40	69	102
230	41	68	105
221	44	70	104
218	50	67	98
216	52	68	99
219	55	68	96
213	60	69	91
207	68	75	83
203	78	74	67
200	82	80	63
197	89	83	58
197	94	82	52
197	100	80	47
199	108	78	42
200	114	78	38
208	117	72	40
213	131	69	38
213	139	71	49
216	136	60	56
214	143	63	68
214	139	80	80
211	138	82	85
207	137	88	93
208	140	86	92
208	140	87	91
208	141	87	87
210	141	84	85
207	139	86	92
208	138	87	89
211	137	84	85
209	135	87	90
209	133	85	91
211	129	82	98
209	126	85	102
209	122	82	107
207	118	85	110
208	113	86	115
208	109	85	121
207	105	87	123
211	98	85	131
215	91	85	143
215	85	86	148
214	82	91	148
215	79	92	147
219	73	89	157
219	65	91	168
218	46	92	189
215	55	97	182
217	45	95	190
224	29	89	205
221	41	94	196
220	19	99	189
222	28	105	203
204	41	126	197
183	39	156	192
161	36	185	197
136	33	226	192
128	31	242	200
127	29	227	206
133	28	221	206
128	28	268	186
132	26	273	206
130	28	299	216
122	19	308	212
118	28	333	208
122	27	327	206
124	32	325	199
125	38	326	194
122	47	337	181
120	52	353	175
120	63	356	162
121	64	377	165
119	87	376	140
120	90	377	142
117	96	391	135
110	108	414	128
121	126	401	112
128	135	393	103
132	126	382	120
135	136	382	106
133	128	391	131
123	120	408	148
130	124	397	197
120	67	440	193
120	107	470	187
108	127	525	184
38	45	582	223
99	116	543	188
16	16	569	259
20	85	616	220
37	125	612	196
88	12	558	282
92	46	565	281
82	120	553	207
106	48	536	224
102	103	539	211
39	2	557	269
74	14	576	295
74	45	587	285
77	35	563	290
72	72	576	257
109	140	541	185
97	149	556	173
98	149	550	173
93	155	558	164
106	154	547	161
34	61	575	209
48	120	611	184
37	152	622	168
88	148	569	166
105	140	543	184
107	147	530	177
109	146	520	179
119	152	503	166
117	148	505	164
116	144	500	172
107	146	509	173
112	141	507	181
102	140	533	179
103	139	534	182
106	132	526	185
91	130	549	195
96	137	519	182
109	149	468	171
122	149	403	172
138	151	396	170
141	157	394	165
138	158	392	168
140	159	388	165
142	160	386	167
132	154	395	167
132	152	400	178
146	156	397	177
155	161	384	173
158	156	380	175
153	161	399	172
150	151	432	178
135	155	457	175
145	146	469	186
222	126	417	205
140	141	473	188
189	143	459	194
119	151	402	185
138	156	401	176
160	148	416	180
178	157	416	159
115	152	429	176
149	157	429	168
156	152	458	171
171	147	467	174
107	149	463	174
143	148	459	183
180	145	460	178
101	143	484	180
117	140	475	183
116	140	505	176
123	141	509	178
136	133	504	191
181	138	467	177
223	142	415	167
190	144	450	162
224	146	421	159
192	145	408	161
235	141	407	170
204	146	366	146
239	151	393	133
201	146	442	136
156	145	449	157
224	135	420	164
146	133	484	177
184	135	460	162
209	137	439	154
177	133	457	162
193	135	453	146
214	133	438	143
153	130	488	145
128	122	507	200
103	119	532	207
109	114	526	212
110	120	523	209
117	113	508	212
102	111	529	214
109	102	534	229
105	104	534	227
106	108	527	219
116	108	516	219
103	108	534	222
113	107	516	219
107	114	529	211
106	116	527	217
106	110	529	218
94	105	539	224
105	108	529	219
108	113	522	213
97	116	544	209
79	119	555	206
73	116	574	216
89	116	535	213
92	118	541	200
101	112	527	211
85	117	541	205
106	117	537	209
88	126	540	201
96	125	534	195
86	129	555	197
86	127	538	197
72	131	568	193
85	127	546	201
98	130	532	200
74	149	564	172
86	143	549	175
94	141	538	181
91	138	544	188
94	144	544	182
108	147	533	178
112	139	527	184
122	130	520	197
125	140	503	185
116	131	524	193
120	130	509	194
99	134	541	190
102	120	536	206
92	123	551	206
77	134	558	190
104	125	530	201
88	124	563	210
87	125	550	200
107	120	516	208
96	121	532	206
110	121	516	205
104	112	537	219
103	126	531	206
92	126	556	195
92	121	537	206
99	132	548	194
97	129	538	190
97	123	545	200
96	134	539	195
94	125	548	209
102	120	538	207
90	121	543	204
111	137	532	189
110	124	529	202
103	121	528	217
112	120	520	210
106	113	524	219
111	113	525	222
104	121	502	208
103	129	533	199
96	126	546	198
79	125	573	205
98	115	540	218
98	115	538	212
99	122	531	207
99	124	540	206
84	121	555	208
97	115	538	211
99	127	532	198
94	132	553	196
96	128	531	205
102	128	532	201
94	127	547	200
97	128	533	196
99	125	529	202
108	129	535	201
99	129	527	201
104	124	539	199
89	123	543	201
109	128	532	201
92	127	541	203
101	122	538	202
97	120	535	209
106	124	543	200
96	123	535	201
109	126	539	202
82	118	560	220
104	122	539	212
92	124	537	204
79	129	563	197
90	125	558	204
67	124	564	203
103	123	542	211
79	121	558	207
96	123	558	204
89	123	542	208
104	118	535	218
98	122	536	205
103	113	528	216
104	118	526	212
112	123	530	206
109	125	520	209
93	124	536	201
94	115	554	216
94	119	543	210
102	124	530	196
103	122	539	207
109	121	516	215
97	128	546	199
99	123	528	208
106	126	519	202
85	128	553	198
91	121	558	216
89	122	554	204
109	122	528	206
101	127	537	204
96	124	544	202
103	119	520	214
115	134	501	195
104	132	535	197
103	131	528	200
95	130	550	199
85	122	556	206
96	130	556	199
101	126	528	207
108	126	532	208
88	129	548	198
97	127	546	196
107	127	518	204
105	125	532	200
86	126	554	203
103	128	523	200
98	123	543	202
86	127	544	194
111	127	534	202
94	125	541	206
96	128	549	199
83	130	552	194
91	125	551	199
88	122	552	206
98	128	535	197
80	130	568	196
85	127	548	198
95	125	549	202
91	123	540	206
94	128	551	197
69	130	572	194
103	120	542	210
83	124	547	208
99	126	547	200
98	127	531	201
103	131	522	196
107	127	522	205
97	126	539	201
93	123	539	208
109	133	540	197
97	126	532	201
83	122	561	204
104	120	545	209
87	133	544	195
95	133	551	195
82	133	557	193
107	128	539	202
82	128	553	192
96	127	553	202
94	129	541	201
94	129	538	191
88	124	558	203
103	126	538	204
104	123	525	204
87	124	557	205
105	131	534	196
101	125	534	199
86	130	567	199
86	132	544	189
106	134	529	192
106	131	535	202
99	128	549	195
84	135	554	186
110	140	534	182
110	137	535	178
107	143	527	179
111	140	530	175
128	149	496	171
118	143	515	175
107	141	529	181
106	136	531	179
98	136	533	185
84	131	547	186
94	128	535	188
99	128	534	190
91	126	550	197
100	121	539	202
82	119	567	207
104	124	535	196
107	112	524	209
101	111	551	211
90	113	546	214
100	112	566	219
87	113	553	210
88	114	566	211
98	124	530	195
99	123	541	197
99	119	546	206
99	127	521	192
97	122	544	203
88	131	555	184
100	129	538	190
89	130	549	187
86	133	555	188
101	138	515	186
101	142	529	172
94	136	537	178
88	139	543	182
112	146	517	172
113	147	515	168
92	142	538	176
104	143	523	175
102	151	529	162
105	142	513	170
109	153	501	163
122	148	471	162
111	145	493	168
108	145	501	174
114	142	490	183
107	140	516	178
102	138	523	172
99	145	506	170
108	146	501	172
114	146	499	174
103	145	520	165
102	140	518	177
102	139	506	176
105	146	514	172
103	140	523	179
84	138	546	173
83	137	550	185
92	132	545	188
102	141	529	185
97	143	542	170
97	139	536	174
96	139	538	181
98	138	513	180
101	134	521	189
101	134	535	181
92	138	545	175
102	139	532	178
105	134	529	181
98	133	536	188
102	135	530	175
100	130	534	187
90	129	550	194
79	129	567	202
72	129	562	194
105	132	539	197
100	130	516	194
101	136	536	187
89	128	547	192
81	129	560	192
99	136	544	189
103	134	523	193
101	131	532	188
87	127	555	200
99	128	530	195
91	128	547	193
91	127	549	194
89	131	560	188
84	131	561	191
95	129	547	192
97	132	524	181
98	131	536	187
94	127	545	193
99	125	528	198
96	112	540	217
99	132	532	195
104	131	533	184
91	128	547	189
85	132	560	186
83	130	557	190
101	126	530	201
89	131	542	191
88	132	551	182
94	131	543	192
100	131	530	193
99	131	527	185
98	130	544	193
97	130	528	193
101	134	492	187
108	134	512	188
95	132	543	188
97	132	548	194
101	137	514	180
105	138	496	188
109	144	491	172
101	143	439	178
175	152	447	159
153	145	480	172
118	140	509	182
112	148	524	176
107	143	527	178
115	142	522	180
111	141	510	187
127	136	509	192
109	137	516	186
112	134	518	200
101	134	545	195
89	142	549	182
93	142	542	179
90	137	547	194
103	134	529	184
97	134	538	193
128	141	503	188
171	142	475	167
206	140	440	177
217	141	424	176
237	132	396	180
142	137	407	185
123	128	450	194
107	128	425	194
257	118	394	193
163	110	463	210
125	107	501	210
106	110	528	207
105	98	532	227
108	100	524	227
100	95	533	229
101	86	533	238
110	79	529	250
107	105	533	219
111	137	522	183
114	120	517	202
101	124	543	200
97	129	524	192
89	133	550	184
93	129	545	187
97	127	534	193
75	121	565	201
106	116	541	209
100	125	533	203
100	135	538	180
88	128	550	186
105	128	536	196
102	122	541	201
98	129	529	191
100	130	538	187
94	133	547	182
94	118	547	202
98	122	540	200
91	119	556	205
69	116	564	208
97	114	550	212
98	105	532	218
96	113	548	208
94	118	539	207
102	120	528	212
84	133	554	193
95	131	549	185
83	128	554	197
96	139	546	188
99	138	533	188
97	145	540	176
83	136	557	188
84	138	559	183
93	129	543	188
96	136	534	182
101	149	535	164
96	146	547	163
101	143	538	158
90	143	546	173
105	135	529	172
101	145	537	168
83	137	552	182
108	136	527	171
97	140	541	178
103	133	532	181
105	129	528	190
96	131	544	186
103	127	536	195
92	122	542	196
92	133	557	187
96	126	543	195
101	123	538	197
109	126	528	192
102	125	538	195
108	126	527	197
107	128	527	201
110	128	519	189
92	125	545	196
102	123	526	203
100	127	538	196
106	130	532	197
96	124	543	193
92	121	557	209
104	124	530	205
94	126	540	198
93	122	551	205
93	120	536	200
81	126	567	201
105	125	523	194
108	124	526	201
105	126	527	181
101	124	539	191
102	124	541	196
109	129	536	188
96	120	543	201
107	125	540	199
99	120	530	205
91	125	547	197
83	123	563	201
101	123	544	203
103	124	532	207
91	121	548	205
99	123	531	195
97	127	547	193
99	119	539	207
105	124	531	204
96	125	548	203
97	124	531	202
87	123	556	201
101	122	540	199
100	122	535	203
95	119	537	206
107	124	539	201
103	119	526	202
105	129	540	198
112	128	523	194
113	125	527	203
110	125	516	201
108	129	533	198
96	124	543	203
110	123	526	207
112	123	513	206
98	124	546	202
108	130	521	196
98	125	541	198
89	120	548	201
103	123	544	204
103	125	528	200
104	129	539	198
101	126	535	198
106	121	532	198
105	126	536	198
104	118	526	205
104	128	542	195
99	126	535	203
103	117	525	213
106	120	533	205
107	119	527	207
94	121	540	204
79	119	563	206
113	121	530	209
104	127	527	200
108	124	524	195
102	123	538	199
104	115	529	208
103	112	533	211
95	110	539	213
100	114	535	211
99	114	533	207
112	115	523	209
105	114	528	210
105	115	490	208
95	121	537	197
99	110	542	210
105	119	526	206
103	118	534	204
91	121	543	205
99	117	526	203
92	118	549	204
100	111	527	218
100	108	536	224
88	111	546	213
98	103	534	223
101	93	532	237
95	115	546	209
87	99	546	223
92	106	547	219
94	111	544	215
89	104	549	227
95	107	548	221
107	107	530	219
110	114	522	211
102	101	526	220
112	115	537	204
102	109	535	211
99	107	545	214
101	111	538	202
98	107	540	212
100	105	543	218
112	101	525	225
101	110	538	211
96	117	552	204
95	107	546	213
93	117	552	201
87	110	559	209
103	106	533	216
103	111	535	210
103	109	539	219
100	105	538	219
93	110	549	218
106	117	524	203
95	120	550	200
85	115	548	206
99	124	554	200
96	113	530	209
106	125	540	197
96	127	534	195
86	127	556	191
96	124	545	198
93	125	546	196
87	124	556	195
80	126	550	195
107	117	540	205
101	123	538	196
93	128	558	191
86	123	564	199
93	128	545	184
102	129	541	189
93	121	554	197
103	125	530	195
97	122	531	200
104	121	535	205
96	113	532	215
101	121	535	209
102	116	528	210
104	119	519	207
102	120	517	202
96	122	547	203
80	115	551	207
