16.851135
0.018559
0.062239
0.062195
0.039581
0.020411
0.063896
0.047600
0.069927
0.036117
0.122985
0.070163
0.075705
0.067371
0.048503
0.074966
0.024448
0.078510
0.074579
0.052174
0.045869
0.065938
0.064049
0.073813
0.074779
0.076326
0.070472
0.076034
0.061102
0.021600
0.078267
0.038843
0.069358
0.049453
0.075619
0.070210
0.066331
0.074817
0.043906
0.075956
0.033033
0.082093
0.061932
0.077572
0.064600
0.033342
0.078191
0.059198
0.039822
0.078441
0.033696
0.090280
0.057556
0.054524
0.080585
0.072659
0.031257
0.080392
0.077404
0.077869
0.096147
0.074498
0.023427
0.082092
0.077486
0.063789
0.049883
0.088516
0.089668
0.037232
0.077575
0.078082
0.063326
0.106401
0.142430
0.140698
0.140948
0.111454
0.097966
0.042031
0.162499
0.098619
0.090461
0.051155
0.087522
0.097091
0.074269
0.093332
0.053795
0.074327
0.035279
0.084513
0.087177
0.090830
0.108187
0.078074
0.095807
0.051599
0.029114
0.091799
0.104964
0.091218
0.083810
0.078665
0.077604
0.096747
0.094182
0.073109
0.093599
0.088202
0.087544
0.100175
0.082242
0.114502
0.095936
0.102320
0.053970
0.079430
0.080376
0.088944
0.129495
0.090665
0.092023
0.092009
0.080336
0.090235
0.048191
0.099786
0.091536
0.091183
0.084486
0.081330
0.081208
0.079381
0.033362
0.081482
0.090868
0.073218
0.078125
0.083654
0.055981
0.036420
0.066373
0.053591
0.032621
0.089041
0.092289
0.082244
0.082142
0.029978
0.097077
0.072108
0.075146
0.074744
0.087670
0.088970
0.083562
0.071125
0.034141
0.061045
0.129690
0.091562
0.090589
0.078870
0.081343
0.090338
0.081362
0.091473
0.083351
0.085567
0.086130
0.088367
0.030170
0.078506
0.092355
0.027497
0.081114
0.033119
0.086458
0.084724
0.125742
0.087732
0.091797
0.056192
0.092429
0.077185
0.093774
0.091488
0.031883
0.074683
0.048260
0.081846
0.093478
0.081637
0.067875
0.032337
0.086438
0.075546
0.091271
0.091593
0.101231
0.039505
0.083973
0.087833
0.074553
0.074994
0.092903
0.090034
0.080640
0.081161
0.027805
0.085985
0.091851
0.082236
0.071908
0.066336
0.027844
0.087489
0.087265
0.078205
0.054200
0.088334
0.084421
0.029052
0.088804
0.092037
0.082794
0.077269
0.045030
0.095088
0.077010
0.033491
0.084500
0.091188
0.070334
0.072652
0.090326
0.087123
0.093409
0.082178
0.053787
0.101860
0.092673
0.084952
0.079781
0.091430
0.026870
0.087666
0.091516
0.062006
0.081285
0.088586
0.090580
0.079913
0.087901
0.089516
0.080645
0.071575
0.048644
0.094132
0.117397
0.084491
0.030738
0.090064
0.094577
0.072403
0.073915
0.089895
0.095274
0.086182
0.091360
0.079694
0.074857
0.094956
0.065273
0.035921
0.094219
0.074477
0.044126
0.096205
0.103838
0.086510
0.093679
0.076148
0.098791
0.088409
0.072138
0.095447
0.084338
0.053195
0.084601
0.073383
0.030130
0.097534
0.083745
0.053295
0.050287
0.092692
0.070566
0.095149
0.114917
0.091402
0.082981
0.057112
0.102358
0.081365
0.068589
0.054605
0.095001
0.085732
0.077864
0.065958
0.086578
0.092771
0.084623
0.068820
0.087778
0.093658
0.075806
0.083825
0.041875
0.100135
0.091831
0.076380
0.063586
0.099403
0.085426
0.088791
0.097560
0.084667
0.080693
0.096452
0.100798
0.080105
0.085113
0.099101
0.080800
0.088172
0.035459
0.101348
0.124140
0.083333
0.063446
0.101229
0.096813
0.079347
0.037329
0.103647
0.096866
0.074365
0.060841
0.098632
0.081841
0.095074
0.094747
0.101377
0.084794
0.084377
0.049088
0.100709
0.115382
0.053070
0.099411
0.094822
0.092187
0.097502
0.082356
0.059903
0.097379
0.091374
0.103374
0.089889
0.061655
0.098224
0.086053
0.056875
0.097381
0.078512
0.040959
0.101494
0.124187
0.045890
0.098078
0.098843
0.070825
0.096357
0.085855
0.055631
0.097024
0.088886
0.071120
0.097743
0.094987
0.047590
0.098687
0.075571
0.103845
0.100783
0.091732
0.055502
0.132685
0.083360
0.099499
0.096208
0.096068
0.107245
0.083114
0.096311
0.090641
0.100263
0.109522
0.101600
0.085205
0.104206
0.081682
0.042302
0.103561
0.094697
0.095734
0.094708
0.136148
0.092624
0.095640
0.074442
0.045683
0.083664
0.100292
0.080930
0.086302
0.103666
0.082000
0.051957
0.095636
0.078797
0.097270
0.096445
0.081456
0.113309
0.108071
0.072939
0.050529
0.039317
0.039916
0.085659
0.048804
0.094031
0.099020
0.102359
0.084178
0.060987
0.095468
0.088644
0.053225
0.039302
0.076189
0.037682
0.035197
0.033369
0.034095
0.039036
0.052963
0.088963
0.099683
0.074845
0.050764
0.086787
0.088089
0.096100
0.037102
0.096242
0.078482
0.093275
0.039630
0.033469
0.040162
0.035527
0.037153
0.042055
0.089424
0.039591
0.043138
0.035698
0.035505
0.036824
0.072718
0.041026
0.093899
0.046301
0.078192
0.057561
0.033248
0.034156
0.036302
0.035205
0.036008
0.036094
0.035560
0.040236
0.037713
0.037946
0.040548
0.038738
0.047430
0.057106
0.043436
0.045374
0.036285
0.035604
0.037962
0.037600
0.038123
0.038706
0.037885
0.038583
0.035888
0.034953
0.038412
0.040521
0.036621
0.037436
0.046923
0.037078
0.033952
0.036929
0.037741
0.037922
0.042934
0.038633
0.036716
0.043687
0.035306
0.037350
0.036387
0.036643
0.042582
0.036407
0.038002
0.039666
0.037657
0.037758
0.049964
0.045148
0.040205
0.037001
0.041058
0.041087
0.045602
0.042445
0.042864
0.040110
0.044953
0.041349
0.036441
0.039269
0.037059
0.038076
0.038100
0.039779
0.037859
0.039029
0.048407
0.036323
0.038492
0.036656
0.036126
0.040601
0.038626
0.042683
0.046581
0.040181
0.044234
0.040367
0.037188
0.037544
0.035539
0.037931
0.039535
0.041258
0.038278
0.040087
0.044829
0.038337
0.038077
0.083723
0.036499
0.038309
0.038635
0.041224
0.040442
0.049080
0.038683
0.038635
0.040660
0.037946
0.036982
0.041091
0.038424
0.044410
0.042307
0.041151
0.051169
0.041046
0.039498
0.039530
0.038721
0.038087
0.037485
0.039443
0.037480
0.043490
0.039907
0.038717
0.036547
0.035396
0.038996
0.038710
0.038961
0.038341
0.039805
0.038349
0.049792
0.040236
0.039208
0.042966
0.041093
0.041151
0.037631
0.040041
0.044283
0.043004
0.049499
0.041720
0.046975
0.041808
0.049404
0.044847
0.038901
0.038826
0.043576
0.038064
0.045337
0.037972
0.040637
0.039680
0.040542
0.044249
0.043850
0.039325
0.045705
0.041679
0.042072
0.041272
0.044197
0.040427
0.048694
0.046984
0.040349
0.043056
0.044948
0.046300
0.049759
0.040491
0.038854
0.047904
0.045763
0.044793
0.043236
0.041777
0.051641
0.041210
0.044646
0.043604
0.041762
0.043909
0.041431
0.044458
0.049553
0.059473
0.043030
0.040401
0.047615
0.043485
0.041689
0.042169
0.043277
0.043069
0.042024
0.041342
0.039703
0.040545
0.045685
0.042508
0.041952
0.043278
0.045759
0.041935
0.043730
0.040162
0.041157
0.047915
0.047603
0.042567
0.045166
0.042995
0.042076
0.041117
0.041208
0.040417
0.040338
0.041599
0.046637
0.044226
0.046802
0.044356
0.045938
0.047789
0.039893
0.046535
0.042620
0.044587
0.046355
0.041212
0.042670
0.047682
0.048760
0.045500
0.048995
0.043310
0.046616
0.046958
0.055705
0.049366
0.046191
0.046692
0.046488
0.053463
0.050452
0.049891
0.048153
0.045381
0.048481
0.043757
0.043454
0.046368
0.047246
0.044088
0.047622
0.044516
0.091853
0.048778
0.047651
0.044075
0.047477
0.050624
0.067018
0.058272
0.085023
0.051782
0.044940
0.042753
0.052159
0.046434
0.048284
0.049008
0.044884
0.048298
0.046297
0.049337
0.047135
0.044579
0.059786
0.045859
0.066106
0.057200
0.045624
0.053426
0.050282
0.046607
0.051086
0.046924
0.052412
0.045971
0.061639
0.054714
0.053479
0.047989
0.061044
0.058394
0.053008
0.080532
0.103169
0.103441
0.111508
0.070826
0.049980
0.050765
0.138262
0.059520
0.102419
0.102318
0.089141
0.096063
0.068241
0.101856
0.102769
0.052925
0.104917
0.068919
0.101713
0.099725
0.106472
0.088131
0.095945
0.105132
0.051100
0.080207
0.096559
0.101562
0.104320
0.098280
0.138880
0.102674
0.105687
0.112557
0.060043
0.107811
0.108021
0.115343
0.098223
0.054055
0.111690
0.104885
0.089128
0.060538
0.108807
0.112422
0.075399
0.111729
0.065721
0.100747
0.134381
0.063265
0.068931
0.111710
0.102515
0.110945
0.092195
0.109007
0.099445
0.054254
0.106501
0.106617
0.083831
0.115191
0.107112
0.106921
0.058317
0.107126
0.092730
0.101409
0.128390
0.054732
0.100810
0.107944
0.089423
0.105680
0.099871
0.096393
0.107185
0.120026
0.093282
0.104696
0.110221
0.096439
0.090897
0.110283
0.109546
0.113909
0.103871
0.111338
0.130496
0.102143
0.101233
0.106228
0.081231
0.121506
0.058910
0.137165
0.103923
0.115467
0.106865
0.109425
0.073398
0.107714
0.115680
0.114556
0.103598
0.086671
0.104358
0.125998
0.073901
0.106670
0.127298
0.056229
0.113969
0.098805
0.097757
0.106942
0.065372
0.084095
0.100755
0.121238
0.134308
0.115491
0.114413
0.125050
0.091620
0.120664
0.113267
0.098094
0.130247
0.114834
0.105588
0.104446
0.117106
0.106911
0.115884
0.113985
0.071570
0.109442
0.113914
0.104776
0.116142
0.108347
0.108758
0.114974
0.103786
0.114351
0.104559
0.115046
0.089159
0.206204
0.108264
0.113865
0.099992
0.117603
0.100852
0.113596
0.096900
0.058947
0.118460
0.123775
0.111494
0.112006
0.103339
0.104191
0.108770
0.093090
0.121145
0.099470
0.115132
0.099884
0.111411
0.106659
0.132268
0.065258
0.124228
0.098093
0.139654
0.086028
0.118572
0.112310
0.104007
0.123387
0.105546
0.102052
0.109464
0.108689
0.110828
0.128987
0.135541
0.109290
0.115052
0.098666
0.103055
0.112814
0.104719
0.104922
0.104905
0.114175
0.130734
0.088838
0.127727
0.163140
0.148183
0.135080
0.138005
0.134206
0.136374
0.122316
0.143407
0.122901
0.124343
0.120442
0.079672
0.126626
0.109484
0.108022
0.110126
0.117390
0.115031
0.112884
0.127406
0.061847
0.131029
0.120187
0.118245
0.092848
0.120526
0.120517
0.163624
0.120303
0.120570
0.119714
0.113097
0.086975
0.105583
0.109825
0.115602
0.133065
0.064973
0.149922
0.111439
0.056014
0.118061
0.112328
0.114654
0.067057
0.117131
0.119194
0.074117
0.120280
0.117639
0.117843
0.096398
0.125876
0.113587
0.093428
0.113073
0.110865
0.117979
0.118636
0.115303
0.114764
0.113492
0.116714
0.119373
0.121478
0.109583
0.115322
0.149838
0.062049
0.128448
0.138914
0.063995
0.115303
0.114503
0.111145
0.115866
0.092898
0.110721
0.115535
0.091294
0.121319
0.109618
0.116291
0.117866
0.117022
0.114668
0.063137
0.150734
0.150362
0.112146
0.120215
0.116474
0.133985
0.074140
0.123202
0.130649
0.118915
0.085698
0.118538
0.112465
0.105559
0.121993
0.107001
0.119994
0.120797
0.108349
0.103492
0.147673
0.113665
0.077678
0.162049
0.116992
0.115316
0.119229
0.119254
0.066897
0.125704
0.116502
0.114215
0.126055
0.120668
0.125870
0.064058
0.102851
0.109589
0.117181
0.130536
0.149635
0.118515
0.117208
0.121228
0.102605
0.116713
0.113443
0.117167
0.130654
0.121517
0.119534
0.118109
0.068963
0.116182
0.119846
0.116626
0.126621
0.129940
0.118681
0.070062
0.131293
0.114293
0.125300
0.121508
0.118216
0.139742
0.147151
0.103331
0.188117
0.118697
0.120034
0.109370
0.092138
0.121115
0.109289
0.122232
0.122565
0.081498
0.126318
0.082774
0.148962
