1.109960
0.074954
0.067971
0.048125
0.063820
0.067511
0.074502
0.075104
0.064201
0.075309
0.083772
0.023120
0.022925
0.060935
0.076728
0.029512
0.079733
0.073603
0.073780
0.077235
0.059183
0.036450
0.078202
0.062078
0.070063
0.074696
0.019977
0.062181
0.023524
0.080274
0.075435
0.074482
0.061774
0.077543
0.023273
0.081941
0.075247
0.078179
0.083233
0.062035
0.107073
0.077376
0.088541
0.070173
0.064519
0.078676
0.077755
0.059701
0.074202
0.077337
0.080867
0.054107
0.076063
0.077466
0.077429
0.076035
0.069468
0.077756
0.077937
0.079715
0.104876
0.079913
0.079902
0.076412
0.078246
0.022971
0.088986
0.051610
0.076970
0.075716
0.064142
0.089064
0.029438
0.087649
0.078061
0.065577
0.076496
0.075608
0.079701
0.081110
0.111532
0.040022
0.067406
0.076740
0.081217
0.078681
0.079050
0.074577
0.072278
0.075976
0.075311
0.077174
0.040515
0.071150
0.080533
0.077138
0.076138
0.075356
0.076131
0.070908
0.097894
0.076171
0.062952
0.076426
0.081809
0.066634
0.039485
0.075357
0.081909
0.079601
0.054282
0.077166
0.081617
0.053585
0.070831
0.078277
0.081402
0.029191
0.025576
0.078796
0.110638
0.027194
0.066869
0.081582
0.070496
0.083243
0.065064
0.036691
0.080096
0.078462
0.082076
0.093294
0.070237
0.085513
0.083773
0.027251
0.092152
0.050808
0.078229
0.080427
0.110879
0.079032
0.085616
0.062726
0.079846
0.082782
0.082783
0.058366
0.084680
0.078027
0.079734
0.084076
0.076780
0.083417
0.087253
0.086600
0.059705
0.076042
0.081465
0.030093
0.035209
0.091540
0.061640
0.082282
0.074307
0.087821
0.080567
0.080863
0.082037
0.038635
0.078875
0.085616
0.080028
0.081235
0.079898
0.083307
0.080827
0.070754
0.079175
0.028592
0.100248
0.074258
0.081160
0.070516
0.068985
0.067586
0.083946
0.083294
0.083690
0.076026
0.082310
0.083218
0.037774
0.083185
0.029965
0.077855
0.081283
0.083521
0.072932
0.031730
0.110405
0.081531
0.087111
0.076416
0.079584
0.084806
0.084207
0.082515
0.083029
0.078680
0.051500
0.082535
0.071965
0.044151
0.088714
0.083562
0.075151
0.084722
0.084779
0.048498
0.063002
0.084113
0.083228
0.091412
0.040203
0.081983
0.036314
0.071286
0.081318
0.031202
0.079462
0.087362
0.107332
0.076566
0.079502
0.084050
0.099570
0.088626
0.034830
0.082175
0.115139
0.088627
0.035142
0.085415
0.084401
0.084511
0.087189
0.075287
0.030654
0.084408
0.091071
0.070434
0.091639
0.066773
0.086891
0.084306
0.070121
0.089121
0.089495
0.086404
0.095925
0.038528
0.084038
0.085788
0.034360
0.086371
0.087080
0.088350
0.079838
0.033026
0.085377
0.082057
0.038286
0.084152
0.076124
0.081312
0.068274
0.100680
0.084182
0.073215
0.115433
0.089015
0.072431
0.081447
0.092385
0.090481
0.036411
0.087564
0.032924
0.080765
0.086319
0.086931
0.082259
0.098873
0.089242
0.069733
0.062963
0.081334
0.094363
0.088917
0.039467
0.092899
0.039662
0.074436
0.088491
0.066979
0.084037
0.082357
0.090733
0.038499
0.086275
0.091216
0.092528
0.090151
0.047827
0.089005
0.080040
0.037005
0.081602
0.086176
0.116029
0.089833
0.089788
0.051417
0.086633
0.090328
0.074118
0.041895
0.085851
0.086229
0.085272
0.093507
0.049565
0.077148
0.086764
0.053133
0.089061
0.111692
0.085645
0.088967
0.114358
0.034342
0.087536
0.050937
0.085354
0.046363
0.087741
0.088192
0.089374
0.085491
0.038605
0.088724
0.093204
0.088944
0.084717
0.096094
0.087362
0.036109
0.094686
0.090649
0.085212
0.076131
0.089237
0.066187
0.091671
0.091879
0.041537
0.094949
0.088136
0.096775
0.089087
0.087260
0.080610
0.087165
0.119203
0.035028
0.088574
0.084803
0.084445
0.086478
0.118883
0.061867
0.091968
0.093327
0.088054
0.087868
0.086883
0.057106
0.094744
0.089345
0.089690
0.066922
0.092878
0.087950
0.088765
0.093765
0.089045
0.089879
0.123733
0.147397
0.145151
0.111114
0.090698
0.091618
0.087061
0.088886
0.098131
0.076229
0.105276
0.097744
0.094620
0.037890
0.087409
0.097399
0.153174
0.088542
0.085636
0.088879
0.088816
0.077707
0.125605
0.094747
0.078174
0.088321
0.093626
0.088161
0.086213
0.091730
0.093293
0.073790
0.090294
0.106697
0.047033
0.086706
0.092915
0.048115
0.092952
0.086831
0.091120
0.092240
0.057910
0.091513
0.076317
0.085562
0.094759
0.096958
0.104852
0.096603
0.092290
0.092646
0.091045
0.092853
0.113637
0.078294
0.088659
0.094346
0.075197
0.096450
0.085129
0.081918
0.059639
0.089201
0.096083
0.095786
0.047358
0.091568
0.097009
0.046161
0.091551
0.047305
0.104152
0.082637
0.092140
0.049931
0.113424
0.108741
0.092310
0.095195
0.114846
0.086397
0.123297
0.092718
0.043964
0.094704
0.095087
0.099263
0.097637
0.091179
0.093023
0.042013
0.093059
0.092171
0.096643
0.097429
0.083385
0.098109
0.096187
0.092455
0.099898
0.082290
0.125061
0.046549
0.087954
0.093626
0.095652
0.084256
0.090770
0.093431
0.096667
0.082581
0.099330
0.091900
0.093974
0.045290
0.096295
0.100503
0.101679
0.093858
0.099533
0.043452
0.118260
0.065025
0.093675
0.114183
0.098943
0.093727
0.092364
0.095095
0.092814
0.095332
0.096522
0.059240
0.091764
0.120246
0.099065
0.093090
0.099364
0.084671
0.092901
0.109709
0.127447
0.066675
0.090611
0.090831
0.091595
0.087129
0.107533
0.077531
0.094023
0.101062
0.105172
0.104127
0.100401
0.098550
0.098207
0.099423
0.096834
0.091617
0.101556
0.096530
0.136546
0.083045
0.095240
0.104087
0.101579
0.074049
0.077785
0.098121
0.097301
0.095210
0.101626
0.089651
0.099225
0.096172
0.109417
0.056535
0.096237
0.098378
0.045736
0.107702
0.130295
0.045220
0.042030
0.047052
0.040164
0.056924
0.039163
0.041183
0.042780
0.040835
0.040427
0.043536
0.038823
0.043389
0.041035
0.042264
0.041927
0.065441
0.041196
0.053933
0.042988
0.041606
