0.653691
0.016988
0.016888
0.016693
0.017136
0.016337
0.019433
0.017900
0.016785
0.016858
0.018195
0.017821
0.016907
0.018875
0.018780
0.017796
0.017471
0.017803
0.018208
0.019346
0.022089
0.017620
0.018175
0.018732
0.017636
0.020280
0.020570
0.017262
0.018263
0.016732
0.019520
0.018658
0.017260
0.017991
0.017251
0.016852
0.017005
0.017426
0.018663
0.017630
0.022503
0.017348
0.017427
0.018372
0.018192
0.017454
0.017002
0.020173
0.028043
0.020365
0.018773
0.018457
0.018931
0.017176
0.018774
0.018691
0.018764
0.025064
0.034139
0.018575
0.023046
0.018125
0.018568
0.017770
0.017206
0.017846
0.018599
0.018123
0.019353
0.019115
0.019153
0.018132
0.019530
0.019483
0.019324
0.019063
0.018309
0.018241
0.030065
0.018782
0.037045
0.046627
0.023241
0.025085
0.021528
0.024143
0.031577
0.024972
0.025146
0.027181
0.086036
0.073090
0.083777
0.077930
0.065547
0.025642
0.090366
0.064044
0.056911
0.034694
0.139507
0.071908
0.021739
0.074700
0.096409
0.059331
0.073299
0.024550
0.077079
0.053766
0.036426
0.084193
0.078062
0.034385
0.022409
0.029347
0.023541
0.077223
0.028130
0.100596
0.082865
0.071543
0.071568
0.083497
0.071745
0.081659
0.079223
0.069143
0.069293
0.028277
0.079967
0.073476
0.030831
0.088716
0.084440
0.042187
0.079761
0.078154
0.044499
0.074745
0.107029
0.064025
0.058503
0.027631
0.089595
0.076609
0.069928
0.033637
0.107067
0.078445
0.076547
0.049770
0.081203
0.076922
0.072581
0.140035
0.098658
0.084224
0.038175
0.078127
0.093564
0.031045
0.099244
0.086309
0.056478
0.076968
0.033097
0.115329
0.083820
0.102738
0.075838
0.072055
0.079967
0.064196
0.028697
0.119756
0.065049
0.084223
0.068811
0.080209
0.108662
0.070558
0.066008
0.085953
0.113956
0.079539
0.052800
0.089062
0.026586
0.093044
0.052956
0.083070
0.075352
0.063096
0.132862
0.113489
0.033854
0.084387
0.063310
0.034917
0.118044
0.072216
0.067353
0.093988
0.068059
0.067109
0.099202
0.081336
0.061212
0.084297
0.088278
0.031394
0.080179
0.079830
0.082789
0.069258
0.082878
0.080321
0.071995
0.193005
0.177038
0.121071
0.082525
0.081041
0.027097
0.081558
0.087323
0.064337
0.050732
0.103055
0.100689
0.115348
0.060869
0.035685
0.081394
0.069304
0.087340
0.074754
0.092443
0.077728
0.105559
0.027563
0.085877
0.075862
0.086751
0.085320
0.073049
0.031862
0.082573
0.088254
0.081892
0.030035
0.084201
0.078602
0.085387
0.089017
0.069431
0.034785
0.086286
0.084437
0.086085
0.086337
0.086248
0.072902
0.056957
0.105173
0.091303
0.043222
0.093370
0.073331
0.084222
0.036391
0.116375
0.079274
0.073571
0.051426
0.083501
0.069688
0.082827
0.069980
0.122570
0.071675
0.069887
0.035389
0.090288
0.079545
0.078729
0.041826
0.093378
0.098852
0.079122
0.046526
0.091382
0.077132
0.066957
0.062873
0.135037
0.083872
0.051326
0.065518
0.129276
0.079602
0.091151
0.074914
0.037471
0.159417
0.075572
0.075965
0.096087
0.091349
0.076590
0.079083
0.091102
0.089372
0.076929
0.095363
0.077776
0.035734
0.098190
0.083719
0.098500
0.038176
0.090716
0.080726
0.035482
0.092386
0.097266
0.112971
0.156802
0.085043
0.077394
0.052165
0.057911
0.094121
0.078456
0.069021
0.095774
0.100902
0.083967
0.104166
0.118171
0.084668
0.058049
0.098664
0.094677
0.055572
0.093741
0.095293
0.081970
0.037808
0.097567
0.090734
0.087126
0.058327
0.097537
0.084647
0.038665
0.094575
0.094759
0.093726
0.078758
0.137547
0.112920
0.096694
0.066525
0.114088
0.117561
0.083227
0.078555
0.039569
0.082427
0.040168
0.102141
0.087665
0.043627
0.114899
0.115738
0.093474
0.056802
0.107998
0.095882
0.068400
0.098810
0.076825
0.093231
0.142558
0.039671
0.096313
0.084919
0.089258
0.093484
0.050725
0.105812
0.095280
0.083758
0.037148
0.092899
0.087806
0.037466
0.092703
0.081367
0.040607
0.096059
0.087162
0.121765
0.094075
0.083669
0.128155
0.081761
0.106452
0.145690
0.082528
0.092146
0.081879
0.102473
0.096629
0.055321
0.111907
0.096005
0.047051
0.136469
0.087892
0.053035
0.101154
0.082784
0.050457
0.115981
0.095894
0.047824
0.094780
0.090004
0.093997
0.090433
0.091475
0.083813
0.066073
0.096309
0.089885
0.099424
0.083856
0.135215
0.085727
0.044259
0.109812
0.081279
0.038475
0.097595
0.091189
0.039437
0.096908
0.073315
0.103477
0.092946
0.083491
0.098136
0.083952
0.092720
0.099790
0.095069
0.086551
0.133003
0.097152
0.098201
0.089049
0.044640
0.096729
0.104511
0.075343
0.057581
0.097366
0.083525
0.100769
0.078573
0.085616
0.118826
0.062174
0.096023
0.083026
0.103463
0.086533
0.136418
0.055698
0.090929
0.098304
0.080242
0.048072
0.105858
0.093341
0.081918
0.097229
0.087514
0.043154
0.098735
0.115829
0.049315
0.100171
0.101342
0.059997
0.060240
0.092189
0.106515
0.044287
0.099762
0.094342
0.180607
0.086420
0.076756
0.098835
0.097524
0.086023
0.104555
0.105124
0.147800
0.075967
0.103094
0.097960
0.094459
0.086532
0.094450
0.100766
0.087542
0.156401
0.093902
0.068357
0.116822
0.122598
0.104047
0.075442
0.110971
0.088800
0.118257
0.101310
0.078651
0.097647
0.096560
0.146143
0.159127
0.096875
0.088906
0.056322
0.123129
0.105694
0.077831
0.115574
0.044385
0.118450
0.090666
0.098119
0.101360
0.091949
0.067279
0.101958
0.099834
0.084535
0.059381
0.078998
0.099199
0.101541
0.090640
0.175292
0.123196
0.078826
0.045418
0.105467
0.088074
0.051195
0.131837
0.138827
0.100621
0.087741
0.105905
0.084187
0.118774
0.064946
0.116565
0.096112
0.087210
0.051685
0.109581
0.103845
0.142647
0.109914
0.094636
0.110998
0.101815
0.086807
0.046083
0.103257
0.087682
0.091686
0.070473
0.144408
0.101377
0.116364
0.115524
0.134167
0.066129
0.114863
0.093049
0.045193
0.120991
0.106055
0.096956
0.052938
0.106152
0.096233
0.102743
0.079191
0.100485
0.091381
0.098241
0.098966
0.191936
0.081384
0.068969
0.103813
0.105010
0.103226
0.109585
0.104778
0.054503
0.105235
0.086370
0.053685
0.104074
0.102189
0.086507
0.048886
0.093669
0.080889
0.121163
0.085917
0.096785
0.100901
0.094019
0.133650
0.112328
0.115564
0.232253
0.101518
0.124640
0.123168
0.097726
0.092492
0.060777
0.114049
0.092616
0.051371
0.104597
0.097381
0.160619
0.089279
0.123549
0.099894
0.113713
0.107269
0.094150
0.107495
0.051242
0.104885
0.111305
0.065745
0.131585
0.106663
0.095827
0.120713
0.109800
0.097286
0.058936
0.095430
0.068506
0.111293
0.119055
0.107741
0.103745
0.115904
0.062470
0.127493
0.108069
0.087364
0.132904
0.069734
0.105710
0.099151
0.054933
0.102387
0.089482
0.086172
0.123199
0.112871
0.095361
0.114125
0.102868
0.079069
0.111091
0.106009
0.101367
0.052121
0.105947
0.094937
0.139689
0.112999
0.090816
0.054403
0.106801
0.104424
0.097858
0.103477
0.106026
0.117775
0.092893
0.106105
0.102112
0.083268
0.119876
0.111068
0.125630
0.096428
0.117731
0.103232
0.146272
0.110415
0.055981
0.122106
0.098171
0.105857
0.102124
0.093520
0.053666
0.115402
0.083717
0.108128
0.102795
0.076402
0.104685
0.090301
0.111581
0.100115
0.100395
0.101945
0.129442
0.086110
0.105506
0.093235
0.088016
0.101516
0.102957
0.045770
0.049764
0.041779
0.047781
0.052924
0.046490
0.042476
0.041931
0.047792
0.043921
0.048042
0.052009
0.051839
0.051792
0.046251
0.043714
0.044475
0.042898
0.045279
0.046322
0.046807
0.044800
0.046870
0.052449
0.056581
0.048300
0.046192
0.050754
0.051357
0.047587
0.056600
0.056882
0.070246
0.059768
0.056168
0.052271
0.049399
0.047662
0.045537
0.055356
0.055379
0.064730
0.046275
0.073321
0.071241
0.058791
0.068530
0.069153
0.052047
0.063488
0.055127
0.049703
0.045426
0.051876
0.048970
0.058779
0.095809
0.077593
0.116981
0.075954
0.081913
0.163996
0.081700
0.145102
0.136823
0.122900
0.154884
0.171950
0.183709
0.260616
0.201051
0.119223
0.116755
0.094718
0.174497
0.109129
0.119797
0.115626
0.113366
0.066090
0.148863
0.109695
0.098386
0.124287
0.108272
0.113666
0.092077
0.106956
0.105900
0.113739
0.123799
0.161239
0.065942
0.147756
0.106053
0.110902
0.122971
0.108078
0.058546
0.109103
0.116351
0.072891
0.108046
0.115621
0.053329
0.112827
0.091561
0.100170
0.102707
0.111633
0.109007
0.173881
0.097073
0.069880
0.107866
0.119101
0.113137
0.078960
0.123308
0.092416
0.060268
0.101659
0.112106
0.149647
0.107816
0.146549
0.097601
0.107943
0.090925
0.088912
0.110652
0.109501
0.144478
0.127288
0.061768
0.104741
0.105545
0.074985
0.129955
0.110583
0.097008
0.101862
0.118425
0.100583
0.103615
0.109078
0.067589
0.116998
0.102059
0.063637
0.128733
0.130212
0.118169
0.080570
0.133603
0.112471
0.061881
0.110503
0.118372
0.106942
0.100985
0.114727
0.114478
0.066605
0.114280
0.117942
0.091279
0.114036
0.111864
0.117227
0.109446
0.107357
0.062363
0.165026
0.080390
0.126211
0.113629
0.120023
0.107808
0.127891
0.116203
0.089286
0.126707
0.132733
0.117195
0.054820
0.114178
0.113819
0.065935
0.119234
0.128252
0.116782
0.069966
0.153998
0.113933
0.068105
0.113666
0.120211
0.119498
0.106767
0.114491
0.099946
0.080796
0.110847
0.109944
0.172854
0.087700
0.113913
0.112980
0.094844
0.188639
0.170698
0.163850
0.271772
0.156885
0.162357
0.164507
0.153167
0.132256
0.139680
0.122298
0.127720
0.065618
0.174367
0.164227
0.127850
0.082958
0.117573
0.109998
0.123842
0.116417
0.120394
0.129456
0.188232
0.126401
0.143510
0.106763
0.067654
0.133610
0.118136
0.115762
0.120363
0.117693
0.121995
0.079293
0.129765
0.132959
0.119156
0.080476
0.063878
0.111403
0.111598
0.135136
0.168367
0.119782
0.119401
0.124985
0.126647
0.113763
0.122601
0.124476
0.136889
0.116997
0.114346
0.147285
0.098166
0.150736
0.143791
0.117324
0.122216
0.146323
0.146657
0.113834
