23	88	66	55
21	87	73	56
21	85	70	55
21	86	70	57
21	85	73	56
22	90	69	49
21	88	69	53
23	88	67	56
26	88	65	52
24	86	67	53
23	87	66	55
25	85	67	55
23	85	70	53
25	92	65	46
27	86	63	51
27	84	64	50
26	84	64	51
28	82	65	50
27	84	63	51
28	81	63	51
28	83	62	52
30	84	61	47
29	86	60	48
31	82	61	50
30	85	61	50
32	83	59	50
32	85	63	45
33	84	60	49
32	85	61	49
34	84	58	47
34	85	60	48
36	84	57	46
37	86	56	47
37	86	58	44
38	87	55	44
39	84	57	45
38	85	59	44
39	83	56	45
40	82	54	43
41	82	55	44
41	79	56	46
43	81	54	45
43	78	54	45
43	81	53	44
45	81	52	45
43	81	56	45
45	88	50	42
45	84	53	42
46	88	52	39
46	87	51	42
46	86	51	41
46	87	53	41
46	87	52	39
47	84	50	40
48	87	48	41
47	86	50	40
47	85	49	43
48	87	48	42
48	89	52	40
49	87	48	42
49	88	48	42
49	89	48	41
50	89	47	39
50	91	48	40
50	89	47	40
51	90	46	40
50	88	46	40
50	87	49	40
51	88	46	39
51	89	44	38
52	87	45	38
52	87	46	36
51	85	46	39
53	88	45	37
54	86	42	36
53	85	45	37
52	88	44	37
53	87	46	37
55	87	41	36
54	85	43	36
54	86	44	35
54	85	46	36
55	84	42	36
56	83	42	35
55	86	44	35
56	85	40	33
55	85	43	35
56	84	42	34
57	85	39	35
56	86	44	34
56	85	41	35
57	85	40	33
57	85	42	35
57	83	41	34
56	84	42	34
57	84	43	33
57	84	42	34
57	84	41	34
57	84	41	32
57	84	41	33
56	84	41	34
57	84	40	33
57	85	39	33
57	85	40	32
57	83	40	32
57	82	39	33
56	82	40	31
57	79	39	30
57	77	39	32
57	76	38	33
57	76	39	32
56	75	40	33
56	75	39	31
56	76	39	32
55	76	40	32
56	79	39	29
55	80	38	30
56	80	37	31
55	83	38	30
53	82	40	32
53	83	39	32
53	82	40	32
53	85	37	31
55	83	37	31
54	82	38	30
54	80	37	31
54	80	36	32
54	79	36	31
53	79	37	30
53	79	36	28
54	81	34	29
53	79	36	29
52	80	36	30
52	80	35	31
53	79	35	31
51	82	37	28
49	81	37	31
50	80	37	30
49	80	36	30
49	82	36	30
49	80	35	27
48	81	35	29
48	80	35	28
49	80	35	29
48	81	34	27
47	80	35	28
47	80	35	28
46	80	35	29
44	79	38	29
46	84	34	25
44	82	36	27
44	82	36	28
42	81	36	28
43	83	35	27
44	81	34	28
43	79	35	28
42	78	34	29
42	76	33	28
42	78	32	28
41	77	33	28
41	78	34	28
41	79	32	28
41	78	32	30
40	80	33	27
39	80	32	28
39	80	33	27
39	79	32	29
37	80	33	28
36	80	32	27
37	80	32	28
36	80	32	26
36	79	32	28
36	79	31	28
35	79	33	28
35	80	33	27
35	80	33	27
35	81	34	27
33	81	33	27
33	81	32	26
33	81	34	26
33	81	38	26
34	85	29	23
34	84	29	24
32	82	30	26
30	82	30	27
32	82	29	27
30	81	30	28
30	82	29	27
29	81	30	28
30	82	29	28
30	83	29	28
28	83	29	28
28	83	30	28
27	83	30	28
26	85	30	27
27	85	29	28
28	83	27	29
26	85	29	28
23	86	32	28
24	86	31	28
23	86	32	27
23	87	32	27
22	87	32	25
23	86	29	25
23	87	32	25
22	87	34	27
21	86	33	26
20	85	34	26
19	84	34	30
19	82	33	33
19	82	34	34
19	80	34	36
19	79	33	36
19	78	33	33
18	78	33	29
18	78	33	28
18	78	32	28
18	81	33	26
18	82	31	25
18	83	31	25
18	82	31	25
17	80	33	26
19	82	30	24
19	83	31	25
19	82	30	24
18	82	30	25
18	82	32	24
17	81	32	25
18	81	30	23
19	80	29	25
19	80	29	25
20	79	29	26
18	79	31	26
16	80	33	26
16	81	32	25
16	83	32	24
17	83	32	24
17	84	32	24
18	84	31	24
18	84	31	23
17	84	32	23
18	83	33	24
18	83	32	22
19	82	30	23
20	83	27	21
20	84	27	21
20	85	30	21
19	84	32	23
20	84	31	24
20	86	27	22
20	85	26	24
19	85	27	24
19	84	27	23
22	83	25	24
20	82	26	25
20	81	27	25
22	83	25	24
20	83	26	25
21	82	26	26
20	84	27	26
21	83	27	26
21	85	28	25
20	84	28	26
20	85	28	24
20	85	27	26
20	85	29	24
20	85	28	24
21	85	28	24
22	85	27	24
22	84	27	24
22	85	27	23
22	84	27	23
21	85	29	23
22	84	28	22
22	85	28	22
21	84	27	23
21	83	29	24
22	82	30	22
22	81	29	23
23	79	29	23
24	80	28	23
23	79	29	24
24	79	28	24
24	80	27	22
25	80	27	23
25	82	27	23
25	82	28	23
25	82	26	23
26	81	26	25
26	82	28	23
25	83	28	23
25	83	29	22
25	83	31	22
25	81	32	25
24	82	33	24
24	83	30	22
27	85	28	20
28	85	26	20
27	85	27	20
27	85	26	20
27	83	27	21
28	83	26	21
28	83	26	22
27	83	27	23
29	83	25	22
28	83	25	22
27	83	26	21
28	85	25	19
31	85	24	19
30	84	25	20
30	84	24	21
28	84	25	20
29	84	24	20
29	83	24	20
29	83	24	20
30	82	22	20
30	83	23	21
29	83	25	21
30	85	24	19
30	84	24	21
30	85	23	20
28	86	25	19
29	85	25	20
29	85	26	20
28	87	25	21
28	86	27	22
28	86	26	22
28	86	25	21
29	87	25	20
29	88	25	19
29	87	26	19
28	86	28	20
27	86	30	20
28	86	31	19
28	86	30	20
29	85	26	22
29	86	26	20
30	86	25	20
31	86	23	19
29	87	25	18
29	87	26	19
31	87	25	19
31	88	23	18
32	91	23	15
32	90	23	15
31	89	23	17
30	87	24	18
29	87	24	19
30	87	25	19
31	89	24	16
32	89	23	17
32	90	23	16
31	90	23	15
33	90	22	16
31	87	23	18
32	88	23	18
31	90	23	16
33	91	23	15
33	89	24	16
33	88	24	16
34	87	23	17
34	87	22	17
34	86	22	18
33	85	23	19
35	86	23	18
34	85	24	19
35	85	23	19
34	86	24	18
36	86	23	18
36	85	24	18
37	86	23	17
38	88	23	15
39	88	21	14
39	86	23	16
41	85	21	17
40	86	22	17
42	85	21	18
42	85	21	17
43	85	22	18
43	84	22	18
44	83	22	19
44	84	22	18
44	85	23	18
45	85	22	18
47	84	21	19
47	84	21	20
47	84	22	19
49	84	21	19
50	84	21	18
51	84	21	18
51	84	22	18
52	84	22	18
53	83	22	19
55	83	21	19
55	83	22	20
56	83	20	21
57	85	21	20
59	88	20	19
59	88	22	19
59	89	21	18
60	88	21	20
61	88	22	20
62	87	23	19
62	86	22	19
63	87	22	18
65	87	21	18
66	87	22	18
67	88	22	19
68	87	22	20
69	89	22	18
70	89	21	18
71	88	21	18
72	88	22	19
73	87	22	17
74	87	22	17
76	86	22	17
77	85	21	17
78	86	21	18
79	85	22	17
80	85	21	17
81	85	20	18
83	85	21	18
83	86	21	18
85	86	22	17
86	85	21	18
86	86	22	18
87	86	21	17
88	86	21	16
89	87	21	17
90	86	22	17
90	87	21	17
91	87	21	16
92	87	21	16
93	86	21	17
93	87	21	16
93	86	22	17
95	87	20	16
95	86	21	17
97	86	20	17
97	86	21	17
98	86	20	16
99	87	20	15
100	87	20	15
100	87	20	15
101	85	20	16
101	85	20	17
102	85	20	17
103	85	19	18
103	85	20	17
104	85	18	18
103	85	20	18
105	86	19	17
104	86	20	17
105	86	20	17
104	86	20	18
105	85	20	19
105	86	19	18
106	86	19	18
105	86	21	19
105	87	20	18
106	88	20	17
106	88	20	17
106	88	20	17
107	87	20	17
107	87	19	17
107	86	20	17
106	86	20	17
107	86	19	17
107	86	20	17
107	85	19	18
107	85	19	18
107	86	20	17
107	86	19	18
107	86	19	18
107	86	19	18
106	86	20	18
105	87	20	18
105	87	21	19
105	88	20	19
105	88	20	18
106	88	20	18
106	89	20	17
105	88	21	16
106	88	20	17
105	88	20	16
105	89	21	16
106	89	20	16
106	89	20	16
105	89	20	16
106	90	20	16
106	89	20	16
105	89	20	16
105	89	19	16
105	89	19	16
106	89	19	16
105	88	19	17
105	87	19	17
105	87	19	17
104	86	21	17
104	86	20	17
104	87	19	17
104	87	19	17
103	88	20	17
102	87	20	17
102	88	21	18
101	88	20	17
101	88	20	17
101	89	19	15
101	88	19	16
101	89	20	16
101	89	19	15
101	89	20	16
101	89	19	16
101	89	19	15
102	88	19	15
101	88	19	15
101	86	20	17
101	86	20	16
101	86	20	16
101	86	21	16
100	86	22	16
101	86	20	16
101	86	19	15
102	86	20	16
102	86	19	15
103	85	19	15
102	85	20	15
103	84	19	15
103	84	20	15
104	84	19	15
104	85	19	15
104	85	19	16
105	85	19	16
106	85	18	15
105	85	19	15
105	85	19	16
106	86	19	16
106	85	19	16
107	85	18	15
107	85	20	17
106	85	20	16
107	84	20	17
107	84	20	16
107	84	21	17
108	85	19	16
108	85	19	17
109	86	19	16
109	86	19	16
109	86	20	16
109	86	21	16
110	86	19	15
110	85	19	16
111	85	19	15
110	86	20	16
111	85	20	16
110	86	20	16
111	86	20	15
110	85	20	16
111	85	20	16
111	85	19	15
111	85	20	16
111	85	20	16
111	86	20	15
111	85	19	15
111	85	19	15
111	84	20	15
110	84	20	15
111	84	20	15
111	84	20	16
111	84	21	16
110	85	20	15
111	86	20	15
110	85	20	15
111	85	19	15
111	85	19	16
111	84	19	15
111	85	19	15
111	84	18	15
111	85	19	15
110	85	19	15
109	86	21	16
109	87	20	15
110	86	19	16
111	87	18	15
110	87	19	16
111	86	18	16
110	86	19	16
110	85	20	16
110	86	19	17
111	86	19	15
110	86	19	16
110	86	20	17
109	85	21	17
108	86	20	17
109	87	21	17
109	86	20	15
108	85	21	17
108	85	21	17
109	85	20	16
109	85	19	16
108	85	20	17
108	86	20	15
109	86	19	15
109	86	19	15
109	86	19	16
109	85	19	15
109	85	19	17
110	86	18	16
109	86	18	15
110	85	17	16
110	85	18	18
109	86	18	16
109	86	19	16
109	86	20	17
108	86	20	17
108	87	20	16
108	86	19	16
108	87	19	17
109	86	17	17
108	86	19	16
108	86	19	17
108	86	19	17
109	85	17	17
108	85	17	16
108	86	17	17
108	85	18	16
107	85	18	17
107	85	17	17
107	85	18	16
107	85	17	17
106	84	18	17
107	86	16	16
107	85	17	17
107	86	18	17
107	86	18	17
106	87	19	16
106	87	19	16
106	87	19	16
106	86	20	17
106	85	19	17
106	85	19	16
106	85	18	17
106	84	18	17
106	85	18	16
106	85	19	17
106	86	18	16
106	86	17	17
105	85	19	17
105	85	19	16
105	86	19	17
104	85	19	16
104	85	19	16
105	86	20	15
105	85	20	15
105	84	19	16
104	84	19	18
105	84	19	16
104	84	21	16
103	84	21	15
104	84	20	16
103	85	21	16
104	86	21	16
104	87	20	15
104	88	20	16
104	88	20	15
104	88	21	15
104	88	21	15
105	88	21	15
105	88	20	15
105	88	20	15
106	88	19	15
106	86	19	16
106	86	20	16
105	85	20	16
106	85	20	16
106	85	20	16
107	84	19	16
106	84	20	17
107	83	20	16
108	83	20	16
108	83	20	17
108	82	20	17
108	82	20	17
109	82	20	17
108	82	21	17
109	82	21	17
109	82	21	18
109	82	22	18
110	83	21	16
111	83	20	17
111	83	20	17
111	84	21	17
111	82	20	17
112	84	20	17
112	85	20	17
112	84	20	18
112	85	19	18
113	85	19	18
112	84	20	17
112	85	21	16
113	84	21	17
113	85	21	17
114	84	21	18
113	84	21	19
113	85	23	18
115	85	20	18
117	84	19	18
116	84	21	18
117	83	22	20
116	83	23	19
117	83	23	19
118	82	23	20
117	82	24	19
117	82	23	20
118	82	22	21
118	83	22	20
118	83	23	18
118	83	23	18
118	81	23	19
119	82	23	19
119	82	22	18
119	81	21	19
119	82	22	17
119	82	22	18
119	82	23	18
120	81	23	18
120	83	22	16
120	82	22	17
120	83	23	17
121	82	23	17
121	83	23	17
121	81	24	18
120	81	25	18
121	83	25	16
120	83	26	16
117	82	30	18
115	81	33	18
114	81	35	18
115	81	34	19
115	81	34	18
114	81	35	18
115	81	35	19
114	81	38	20
113	82	41	18
112	83	42	18
115	83	41	18
114	83	41	18
112	83	45	19
112	81	45	20
111	82	47	18
111	80	49	20
110	80	50	20
110	80	51	20
110	78	51	21
111	80	52	20
111	78	53	20
109	79	55	20
108	79	56	20
108	79	58	21
106	79	61	21
107	78	60	22
107	79	62	20
105	78	66	23
105	78	66	23
105	78	66	22
103	77	70	24
105	77	68	24
106	76	69	25
104	76	72	25
103	75	75	27
104	75	74	27
106	76	74	24
103	77	77	25
102	77	82	25
99	77	84	27
100	76	86	26
100	77	86	27
100	76	86	27
99	76	87	29
98	74	79	31
97	74	78	29
97	74	71	29
95	71	72	33
94	73	72	31
93	72	74	33
93	70	74	34
92	72	76	31
89	72	80	30
87	74	82	29
86	72	80	32
85	73	83	29
84	70	83	34
81	70	86	33
82	71	84	32
80	71	88	31
77	72	90	31
74	72	91	34
74	71	88	34
71	71	89	35
70	72	89	34
69	74	84	32
64	74	85	32
62	72	85	35
60	70	89	37
57	69	91	37
56	72	94	34
53	73	93	33
52	73	94	34
46	75	106	33
45	73	108	37
43	69	106	38
43	71	102	36
37	72	109	37
34	69	110	43
30	69	108	38
29	68	101	38
25	62	94	46
25	64	79	44
21	63	81	45
20	74	79	33
19	73	72	33
14	74	73	32
11	73	76	34
10	73	72	34
9	72	70	30
4	70	74	35
2	69	69	30
1	71	69	25
2	69	64	26
1	70	60	26
0	71	62	25
0	72	59	24
0	71	57	25
0	72	57	24
2	75	52	21
4	77	51	20
4	75	45	23
4	76	52	22
4	74	53	24
3	75	51	23
0	73	53	26
-2	73	52	26
0	73	46	25
0	72	40	24
2	71	35	25
1	69	33	27
0	69	36	26
0	71	33	24
3	73	28	22
1	72	23	24
0	74	21	20
0	74	18	20
0	74	13	23
32	76	17	25
29	75	15	25
25	77	17	22
22	76	17	25
19	75	17	27
16	74	17	29
12	73	18	30
8	73	19	28
4	72	21	29
0	73	19	29
0	73	17	28
0	74	12	27
0	73	8	28
0	74	5	28
1	74	9	29
1	77	10	29
7	75	14	29
9	76	12	26
6	78	15	25
3	78	16	26
1	78	15	27
1	79	11	26
1	80	7	27
0	80	5	27
8	78	7	27
8	77	10	26
4	76	13	24
1	73	13	22
1	72	9	23
0	70	8	24
0	68	6	24
0	68	6	24
0	70	5	23
1	70	4	21
0	71	5	22
0	70	5	24
0	70	6	25
3	74	8	27
2	71	10	31
1	75	8	28
1	73	8	31
1	68	12	32
7	67	16	34
10	68	12	35
7	69	15	33
3	68	17	33
2	67	20	35
8	73	20	30
5	74	22	26
2	75	23	25
0	76	22	24
1	80	18	20
1	82	16	17
0	81	15	17
0	82	13	17
-1	82	10	18
0	81	13	17
2	77	11	20
1	77	13	19
4	74	11	23
2	74	9	25
2	75	7	25
1	75	5	24
0	75	6	24
4	77	5	22
3	78	8	21
1	78	9	21
2	80	7	18
0	80	8	18
1	80	8	18
1	79	11	18
0	80	12	19
0	81	13	18
0	82	12	16
1	82	15	15
0	80	15	16
1	79	17	18
1	74	17	21
1	72	17	24
0	71	18	26
2	70	15	27
1	71	14	28
1	70	13	30
1	69	10	30
0	71	12	26
0	70	11	28
1	69	11	29
0	67	10	31
0	66	8	32
1	67	5	32
1	66	5	34
0	65	6	34
0	65	6	34
1	68	8	35
0	68	7	34
5	69	7	30
4	68	9	29
5	70	10	27
2	71	12	27
0	73	14	27
0	75	16	26
1	78	13	25
1	78	12	23
1	77	11	22
1	76	11	20
0	78	12	19
0	80	13	16
1	81	10	16
2	82	9	13
2	82	7	12
1	83	8	12
0	84	8	14
1	83	7	15
1	81	5	16
1	80	7	17
0	80	9	18
1	79	9	20
0	78	9	21
0	78	7	23
1	77	7	23
0	77	9	22
2	75	6	23
1	78	8	22
1	78	7	22
0	78	6	23
1	77	5	24
1	69	7	22
0	71	8	21
1	74	10	19
5	77	7	18
6	78	6	17
4	77	7	18
4	77	5	20
4	76	5	21
2	77	6	20
2	75	6	21
1	74	6	21
1	73	9	24
1	69	11	25
0	68	12	27
0	68	9	27
0	67	5	29
0	65	7	31
0	70	5	27
-1	69	6	26
2	67	8	27
1	69	9	25
2	72	9	24
1	70	13	24
1	69	17	25
0	69	19	24
1	69	22	23
2	69	21	20
0	69	22	18
1	69	24	19
0	68	24	22
0	67	21	22
1	66	19	25
2	69	16	23
2	69	11	24
0	71	9	24
0	73	6	23
1	74	5	21
0	73	6	22
0	72	5	23
0	71	5	24
3	71	4	24
