1.283061
0.065868
0.065026
0.037258
0.068871
0.058957
0.053315
0.049364
0.074059
0.073673
0.075882
0.074803
0.075406
0.071901
0.075282
0.083342
0.066187
0.070582
0.045352
0.072491
0.092532
0.073423
0.077652
0.075578
0.075358
0.051214
0.112429
0.079158
0.067587
0.028771
0.028526
0.072469
0.069435
0.073750
0.076023
0.075652
0.079337
0.039958
0.025492
0.078339
0.116041
0.075652
0.075933
0.081020
0.078321
0.078395
0.051602
0.082839
0.068060
0.063382
0.025004
0.077741
0.078109
0.134116
0.090051
0.079694
0.046474
0.108416
0.070208
0.066911
0.138910
0.065116
0.076766
0.078364
0.076713
0.031628
0.079002
0.087370
0.082838
0.064713
0.076577
0.075719
0.079463
0.076289
0.078733
0.080128
0.027084
0.064242
0.081455
0.081599
0.071467
0.077043
0.065064
0.081095
0.077020
0.080734
0.079862
0.025688
0.075821
0.084722
0.077931
0.029962
0.029579
0.076136
0.064049
0.077968
0.077640
0.088172
0.086469
0.075163
0.064536
0.025517
0.078874
0.078247
0.081396
0.081299
0.030443
0.085551
0.085449
0.074709
0.070399
0.079825
0.079055
0.079684
0.078965
0.086269
0.079232
0.062429
0.025436
0.076143
0.123974
0.090644
0.081359
0.031639
0.097399
0.083835
0.078364
0.051787
0.029725
0.083913
0.081158
0.081671
0.082680
0.080628
0.078588
0.041293
0.061273
0.090932
0.078091
0.106660
0.046742
0.096455
0.077519
0.082566
0.083364
0.084265
0.097635
0.075816
0.062401
0.079367
0.078796
0.083560
0.082006
0.081654
0.082973
0.072968
0.025946
0.080856
0.086190
0.077037
0.103208
0.034157
0.034023
0.082357
0.083989
0.082984
0.081507
0.082566
0.030303
0.087203
0.072745
0.083169
0.041125
0.155553
0.075211
0.084470
0.082867
0.083776
0.063979
0.091018
0.117774
0.079775
0.040371
0.054918
0.083504
0.087095
0.081702
0.032427
0.080165
0.090191
0.076745
0.082801
0.032233
0.089954
0.079548
0.085502
0.084870
0.084830
0.054939
0.026848
0.154768
0.073319
0.108092
0.087631
0.084333
0.087013
0.086154
0.086201
0.089012
0.082433
0.039239
0.089913
0.123775
0.056091
0.032540
0.080731
0.082581
0.081865
0.088697
0.086032
0.115289
0.059140
0.098519
0.103343
0.095405
0.048044
0.094187
0.100207
0.104425
0.082648
0.084902
0.071612
0.088122
0.091664
0.082362
0.090718
0.037933
0.055514
0.081499
0.082888
0.116267
0.084128
0.085626
0.060200
0.092412
0.079953
0.084113
0.034177
0.103233
0.079930
0.092685
0.089999
0.094496
0.073118
0.049223
0.101764
0.085575
0.080638
0.038984
0.089612
0.108377
0.087515
0.085690
0.084724
0.057652
0.088915
0.094382
0.060880
0.087664
0.070267
0.088937
0.083679
0.084815
0.058824
0.095126
0.093695
0.072221
0.070363
0.054821
0.085742
0.118861
0.085832
0.088557
0.090276
0.128448
0.087645
0.047702
0.084799
0.092736
0.086606
0.089722
0.097932
0.082587
0.101326
0.035249
0.082571
0.083785
0.089978
0.089088
0.091595
0.123767
0.085095
0.083625
0.077723
0.069129
0.090647
0.074316
0.089207
0.089143
0.041525
0.095681
0.093587
0.090213
0.111604
0.116630
0.097914
0.096133
0.089401
0.082374
0.084484
0.130880
0.087017
0.069503
0.176997
0.085907
0.089370
0.085966
0.058546
0.098300
0.093549
0.090103
0.033547
0.093735
0.091781
0.097637
0.086813
0.090989
0.083782
0.040931
0.100478
0.148998
0.082023
0.044835
0.091685
0.085569
0.102495
0.087964
0.092749
0.082659
0.066815
0.105995
0.100849
0.095615
0.057180
0.041681
0.092376
0.085015
0.088555
0.088870
0.089822
0.120770
0.050737
0.089256
0.092059
0.086257
0.079515
0.065688
0.036336
0.052227
0.088096
0.080830
0.093759
0.090514
0.090211
0.089112
0.054030
0.046761
0.104979
0.100722
0.105568
0.042980
0.083551
0.089411
0.091887
0.097149
0.091063
0.092540
0.077472
0.092436
0.092959
0.082747
0.086788
0.042485
0.085471
0.088883
0.092897
0.088279
0.093806
0.039866
0.092395
0.130492
0.083329
0.093711
0.042077
0.088854
0.077661
0.089467
0.091412
0.089118
0.086674
0.094339
0.096519
0.079499
0.089499
0.043272
0.063993
0.098519
0.097915
0.089334
0.088919
0.120577
0.037009
0.102892
0.094404
0.093269
0.068800
0.039794
0.087701
0.091339
0.094114
0.093636
0.094895
0.071608
0.093454
0.096815
0.087440
0.046551
0.093492
0.089546
0.090279
0.134718
0.094597
0.098448
0.036994
0.099331
0.098086
0.087574
0.070616
0.088659
0.090967
0.092168
0.094602
0.093136
0.094045
0.079927
0.046389
0.091438
0.098110
0.099924
0.076926
0.058762
0.090065
0.083905
0.093430
0.093620
0.092445
0.074400
0.113218
0.126673
0.091777
0.055686
0.094523
0.099070
0.099998
0.092550
0.091711
0.093908
0.092056
0.098696
0.087895
0.128250
0.071958
0.109437
0.108246
0.119373
0.131692
0.104994
0.047675
0.109683
0.137330
0.083266
0.053868
0.068588
0.111708
0.101617
0.101921
0.095259
0.097850
0.074390
0.120762
0.139546
0.095928
0.065143
0.094795
0.100842
0.106853
0.103011
0.114300
0.049869
0.106311
0.097461
0.077664
0.051637
0.044008
0.092457
0.113291
0.098154
0.094772
0.096807
0.091304
0.145038
0.113447
0.096356
0.075060
0.116722
0.101543
0.094500
0.103214
0.096125
0.059908
0.049739
0.162444
0.088761
0.088427
0.058878
0.098727
0.093948
0.096072
0.096987
0.104067
0.095588
0.095345
0.098157
0.091937
0.097545
0.071998
0.096632
0.098807
0.094749
0.097175
0.098762
0.051612
0.110704
0.105268
0.088028
0.046342
0.095920
0.100423
0.095702
0.096066
0.097143
0.107774
0.104012
0.091346
0.058159
0.095004
0.099763
0.107786
0.097315
0.102781
0.112301
0.103611
0.111176
0.102333
0.053187
0.096427
0.083768
0.096208
0.096907
0.095904
0.100782
0.101633
0.112091
0.087938
0.060538
0.107730
0.089008
0.103825
0.099354
0.097022
0.099174
0.053502
0.123325
0.093394
0.078361
0.058886
0.107034
0.099822
0.105575
0.097815
0.138234
0.169947
0.097827
0.096897
0.048119
0.099362
0.105182
0.097861
0.100520
0.096847
0.091794
0.104004
0.128352
0.133180
0.049803
0.111620
0.100855
0.127927
0.103750
0.098054
0.052685
0.107563
0.107213
0.099082
0.089148
0.074116
0.112504
0.119039
0.098735
0.101117
0.097425
0.051390
0.104370
0.106868
0.099436
0.067492
0.059327
0.105262
0.115222
0.113155
0.130030
0.103451
0.072893
0.105520
0.112190
0.100211
0.080096
0.064409
0.100102
0.108626
0.111297
0.096864
0.054426
0.107374
0.112564
0.103792
0.093252
0.062006
0.103420
0.105984
0.133137
0.096995
0.100775
0.097585
0.105740
0.112810
0.090359
0.213652
0.102145
0.109159
0.098088
0.109249
0.063333
0.131840
0.108140
0.094476
0.083042
0.054373
0.100898
0.106183
0.143571
0.114035
0.108852
0.098404
0.060292
0.113110
0.131569
0.123731
0.066618
0.106630
0.107348
0.104341
0.100209
0.101474
0.097768
0.055906
0.102446
0.107775
0.096709
0.051123
0.126978
0.101019
0.104272
0.103384
0.101694
0.105834
0.050871
0.110331
0.113965
0.103577
0.074502
0.064638
0.119671
0.103214
0.104063
0.104637
0.102413
0.050492
0.118226
0.101047
0.109288
0.105123
0.110028
0.108243
0.099917
0.100562
0.103956
0.052412
0.102831
0.108489
0.107918
0.079290
0.098490
0.113955
0.113207
0.106909
0.101115
0.103630
0.050963
0.107872
0.126296
0.089173
0.073277
0.108198
0.104206
0.107600
0.102949
0.101499
0.102795
0.052074
0.116462
0.107885
0.105566
0.060798
0.102375
0.117054
0.104597
0.104073
0.113493
0.129122
0.144485
0.093235
0.179543
0.113858
0.103883
0.104079
0.096823
0.113987
0.124474
0.119937
0.069540
0.141894
0.113271
0.113563
0.103286
0.103669
0.063913
0.108754
0.132561
0.090960
0.135624
0.105180
0.113961
0.109813
0.104849
0.071432
0.124267
0.122516
0.118964
0.057172
0.103850
0.113435
0.106639
0.111680
0.081726
0.124205
0.121974
0.125411
0.077517
0.105623
0.148615
0.106526
0.105341
0.093125
0.113878
0.112326
0.104413
0.096588
0.106952
0.098202
0.105749
0.113253
0.104503
0.061308
0.108347
0.112369
0.124019
0.126543
0.123583
0.106896
0.142141
0.107115
0.065560
0.132309
0.120069
0.118548
0.077621
0.119967
0.091365
0.107407
0.108568
0.110424
0.067466
0.131746
0.112677
0.103366
0.077095
0.103856
0.110142
0.113502
0.140622
0.110193
0.091810
0.111521
0.146303
0.110556
0.086959
0.108995
0.120469
0.120509
0.104105
0.110773
0.051766
0.112839
0.126134
0.113456
0.113172
0.111424
0.110506
0.109127
0.140989
0.051794
0.167038
0.098090
0.115140
0.062582
0.103104
0.099996
0.112872
0.110237
0.112115
0.109922
0.115263
0.113611
0.109389
0.076612
0.109480
0.098857
0.126274
0.123025
0.145905
0.112280
0.115036
0.108523
0.080376
0.079110
0.117116
0.108686
0.108985
0.109070
0.108976
0.056892
0.119272
0.104299
0.091835
0.080758
0.101685
0.107803
0.113068
0.108248
0.143263
0.096868
0.130698
0.114694
0.095532
0.078170
0.103865
0.109095
0.115218
0.109101
0.109463
0.097958
0.128542
0.127097
0.108415
0.081360
0.106814
0.111384
0.113956
0.108047
0.144174
0.093248
0.116451
0.134496
0.126444
0.094540
0.108019
0.112726
0.118657
0.112544
0.112561
0.116035
0.115385
0.114034
0.078886
0.105653
0.120070
0.113246
0.109608
0.108466
0.119120
0.116537
0.118727
0.091979
0.082236
0.114947
0.099870
0.116253
0.112046
0.109772
0.062678
0.123894
0.119763
0.111609
0.073010
0.109431
0.111582
0.112974
0.111088
0.112372
0.127181
0.137652
0.134094
0.109505
0.067236
0.110981
0.109267
0.111897
0.113201
0.111606
0.107511
0.117619
0.127157
0.144471
0.071140
0.133763
0.100767
0.113065
0.118215
0.148129
0.155719
0.118126
0.106194
0.075274
0.115401
0.116149
0.124068
0.115541
0.112064
0.094294
0.128650
0.122981
0.141320
0.114105
0.125198
0.117370
0.119704
0.117990
0.067528
0.188763
0.137905
0.070794
0.108215
0.112158
0.114024
0.112362
0.113888
0.111084
0.115241
0.131449
0.101138
0.084822
0.126018
0.109196
0.118321
0.112370
0.113317
0.095223
0.113878
0.118418
0.143697
0.086860
0.121403
0.122829
0.114217
0.110083
0.110934
0.066295
0.127248
0.122904
0.116067
0.120155
0.111641
0.111799
0.113569
0.117647
0.068250
0.113001
0.112577
0.127233
0.146798
0.103250
0.113678
0.114248
0.115059
0.082304
0.130375
0.121754
0.083191
0.167337
0.120068
0.111662
0.114231
0.081356
0.117802
0.124384
0.096519
0.064341
0.111570
0.118173
0.145158
0.114633
0.114867
0.118783
0.118920
0.103184
0.081017
0.109630
0.103100
0.111042
0.113146
0.115451
0.066049
0.121351
0.119251
0.095297
0.121625
0.112439
0.148539
0.118474
0.139706
0.115386
0.117413
0.103082
0.066202
0.109579
0.106375
0.113198
0.114242
0.114741
0.113239
0.112398
0.098269
0.070836
0.110748
0.106030
0.111833
0.115116
0.117482
0.112061
0.153429
0.115269
0.077842
0.114144
0.119367
0.117143
0.117322
0.085795
0.122440
0.128045
0.112247
0.108689
0.105132
0.117078
0.113396
0.117399
0.065037
0.120188
0.122817
0.132127
0.154933
0.099516
0.128551
0.123841
0.117692
0.067799
0.088775
0.080178
0.066583
0.066858
0.064137
0.069561
0.074005
0.063439
0.064420
0.059422
0.064860
0.067101
0.063998
0.064485
0.070386
0.060338
0.063421
0.062637
0.062579
0.075219
0.068752
0.061116
0.063137
0.060821
0.071315
0.077003
0.063027
0.056375
0.057912
0.059017
0.060911
0.061416
0.071982
0.063211
0.063121
0.064039
0.061773
0.084493
0.094524
0.096483
0.077045
0.063194
0.063415
0.065255
0.057745
0.064604
0.063846
0.066422
0.062356
0.071909
0.078907
0.074766
0.063947
0.073134
0.079873
0.219995
0.094887
0.075407
0.057882
0.072180
0.067203
0.059544
0.062676
0.064911
0.058813
0.063421
0.085191
0.087344
0.064137
0.090261
0.081636
0.060138
0.060213
0.055833
0.064138
0.062402
0.057893
0.060542
0.059135
0.060533
0.061449
0.096084
0.074005
0.074440
0.110278
0.165709
0.131884
0.146858
0.117491
0.160744
0.134941
0.333175
0.172468
0.138175
0.198443
0.206966
0.155349
0.172694
0.146793
0.131420
0.152068
0.139641
0.186851
0.132551
0.144637
0.131126
0.133005
0.119957
0.147217
0.111074
0.084512
0.137972
0.104092
0.137050
0.142464
0.135929
0.135562
0.111657
0.201164
0.120162
0.126375
0.266213
0.099744
0.145247
0.113339
0.131584
0.118103
0.104020
0.135297
0.072384
0.128480
0.120647
0.160542
0.152308
0.162322
0.120579
0.128071
0.137421
0.111898
0.130593
0.082495
0.133912
0.088304
0.135783
0.111514
0.140786
0.111131
0.134125
0.135924
0.133922
0.109275
0.079009
0.147424
0.110863
0.192577
0.126886
0.138438
0.148723
0.205781
0.106796
0.157988
0.117357
0.176522
0.129835
0.138461
0.136926
0.155992
0.124648
0.126812
0.113246
0.131583
0.113665
0.085652
0.154186
0.127568
0.171682
0.118393
0.206187
0.152463
0.146426
0.125325
0.108518
0.139641
0.124081
0.130419
0.123149
0.109100
0.136905
0.116966
0.134270
0.115255
0.106892
0.226834
0.131567
0.177639
0.116044
0.127016
0.118898
0.123741
0.135875
0.110217
0.125792
0.126444
0.098619
0.144999
0.142249
0.137481
0.095957
0.133722
0.128872
0.084304
0.137841
0.121264
0.115582
0.304397
0.182138
0.183643
0.184725
0.178439
0.192522
0.088595
0.152111
0.160979
0.126338
0.131205
0.139136
0.146648
0.157616
0.116059
0.248957
0.129735
0.108025
0.218728
0.135583
0.201671
0.167220
0.151863
0.150582
0.159439
0.137245
0.107751
0.184907
0.141300
0.111941
0.134437
0.164527
0.136670
0.169699
0.155154
0.151955
0.147327
0.134721
0.149713
0.082741
0.174723
0.134436
0.127848
0.084775
0.137434
0.141710
0.140062
0.148538
0.134147
0.133022
0.159664
0.131300
0.123794
0.076845
0.131706
0.133365
0.114143
0.140023
0.140622
0.144296
0.179006
0.141947
0.142166
0.101824
0.138969
0.150225
0.095165
0.140125
0.128707
0.178483
0.133996
0.136583
0.127794
0.085844
0.139611
0.143211
0.102649
0.134611
0.134304
0.159222
0.169732
0.131692
0.140619
0.145415
0.138444
0.134225
0.135074
0.136577
0.093161
0.146013
0.129285
0.123943
0.137608
0.140813
0.124349
0.153711
0.174611
0.130403
0.141752
0.126795
0.135100
0.154733
0.192954
0.098624
0.145546
0.186551
0.133782
0.140117
0.148966
0.152259
0.128206
0.103560
0.138187
0.137792
0.137051
0.136941
0.118506
0.143477
0.130723
0.134165
0.201131
0.137560
0.119227
0.138406
0.161272
0.099205
0.166746
0.128092
0.131552
0.146508
0.139119
0.121910
0.138431
0.193762
0.104468
0.153981
0.138436
0.121688
0.182949
0.132661
0.102267
0.149261
0.167727
0.206904
0.161720
0.173187
0.166284
0.145236
0.169820
0.131337
0.169037
0.152920
0.128775
0.149135
0.132024
0.146226
0.135722
0.098227
0.155107
0.143636
0.095943
0.129960
0.156713
0.130801
0.135401
0.132579
0.087793
0.154871
0.130809
0.228901
0.160630
0.116752
0.176385
0.161476
0.156143
0.149544
0.156569
0.135735
0.198044
0.209293
0.359882
0.179641
0.202613
0.166306
0.088039
0.148347
0.133115
0.087774
0.141438
0.149540
0.144145
0.091193
0.156333
0.143250
0.154534
0.167709
0.198474
0.206686
0.137543
0.160085
0.196382
0.188487
0.136958
0.133628
0.093513
0.146264
0.131725
0.094336
0.141324
0.156515
0.196889
0.174742
0.187388
0.130764
0.158070
0.171389
0.142313
0.131207
0.146768
0.134571
0.163392
0.147873
0.132408
0.148850
0.127198
0.153836
0.150872
0.141619
0.159727
0.134435
0.190558
0.170597
0.144664
0.139171
0.144414
0.149811
0.172337
0.141530
0.154337
0.137295
0.144873
0.159533
0.148079
0.166350
0.144161
0.153612
0.133562
0.126696
0.171633
0.152706
0.095018
0.139139
0.138961
0.168154
0.162657
0.148099
0.145417
0.162716
0.267648
0.099792
0.180617
0.135734
0.153215
0.135356
0.121138
0.083262
0.126462
0.085674
0.135753
0.091933
0.140852
0.125700
0.129941
0.169732
0.121550
0.156999
0.163630
0.097945
0.161464
0.176331
0.310231
0.192094
0.178548
0.148226
0.193416
0.164385
0.169020
0.164554
0.194196
0.234456
0.164650
0.184855
0.146105
0.181782
0.350805
0.182287
0.155483
0.169228
0.142030
0.119176
0.197794
0.181987
0.180137
0.148607
0.124831
0.205326
0.146780
0.228336
0.276272
0.202941
0.187627
0.120024
0.153747
0.162967
0.098488
0.164167
0.156188
0.148184
0.145429
0.143773
0.198591
0.140002
0.249208
0.099564
0.155869
0.149888
0.132401
0.179681
0.153024
0.168320
0.195684
0.160407
0.233362
0.164511
0.190791
0.156824
0.119192
0.174377
0.145620
0.100006
0.187302
0.131156
0.152402
0.230450
0.106062
0.156252
0.149441
0.150617
0.148618
0.145815
0.166632
0.145128
0.128157
0.179593
0.167762
0.127445
0.184432
0.160317
0.114992
0.164624
0.179257
0.117067
0.153001
0.133773
0.142855
0.145237
0.142255
0.156668
0.150440
0.131135
0.155385
0.148007
0.120994
0.185272
0.145110
0.092539
0.151112
0.152217
0.128419
0.176268
0.171785
0.111211
0.163286
0.145590
0.112873
0.198920
0.170288
0.146795
0.149563
0.149946
0.225051
0.134585
0.128605
0.155017
0.156597
0.097496
0.168857
0.171705
0.149866
0.143064
0.213506
0.182124
0.118131
0.200910
0.146378
0.172120
0.157171
0.139821
0.149617
0.188804
0.128756
0.145294
0.145570
0.110317
0.170773
0.172098
0.118535
0.154133
0.192900
0.106496
0.236884
0.146961
0.181542
0.155249
0.150813
0.170142
0.151618
0.160247
0.158334
0.169186
0.153862
0.152175
0.156862
0.162006
0.137256
0.152191
0.148273
0.125792
0.150189
0.168608
0.157210
0.143714
0.131457
0.131478
0.140995
0.188079
0.091437
0.148650
0.137627
0.127538
0.149708
0.135047
0.135811
0.149381
0.135034
0.135423
0.143213
0.142463
0.100947
0.147342
0.195728
0.092535
0.199831
0.158565
0.199268
0.135697
0.095270
0.078989
0.098222
0.108805
0.098564
0.087388
0.089365
0.153178
0.085746
0.090974
0.087590
0.097243
0.147536
0.098478
0.107894
0.102448
0.091854
0.090390
0.090526
0.086386
0.084839
0.092993
0.089416
0.100332
0.129030
0.110411
0.103441
0.111579
0.134017
0.100338
0.199247
0.096946
0.082921
0.087776
0.102355
0.093659
0.089851
0.089340
0.126000
0.115335
0.109712
0.084736
0.082903
0.083591
0.081914
0.082407
0.084205
0.088212
0.087523
0.098442
0.099006
0.092989
0.086508
0.113086
0.094759
0.137086
0.089900
0.097123
0.112182
0.099777
0.097367
0.094411
0.115773
0.082939
0.082060
0.093137
0.086405
0.101148
0.087625
0.081202
0.106391
0.085838
0.094148
0.092004
0.110650
0.097455
0.211421
0.102175
0.109838
0.085916
0.087022
0.081866
0.091851
0.108561
0.110222
0.139078
0.116441
0.163766
0.322554
0.215581
0.200213
0.169673
0.239919
0.253369
0.201403
0.205517
0.199395
0.218118
0.161299
0.279662
0.239851
0.198603
0.174872
0.177724
0.204081
0.210644
0.182842
0.151184
0.191871
0.167100
0.212834
0.158560
0.134923
0.142490
0.189606
0.149437
0.169040
0.277157
0.157067
0.340317
0.220997
0.153144
0.375841
0.210602
0.155159
0.153050
0.128364
0.146962
0.146350
0.145985
0.157757
0.102430
0.157691
0.228136
0.180404
0.100112
0.147729
0.131243
0.150610
0.177985
0.295347
0.132947
0.189162
0.186082
0.127487
0.142768
0.141794
0.149743
0.101249
0.165615
0.156132
0.161147
0.261433
0.182814
0.194135
0.165711
0.127564
0.163316
0.192328
0.122286
0.142619
0.100463
0.160941
0.159861
0.130965
0.326417
0.136227
0.157324
0.168674
0.136154
0.153967
0.164355
0.146039
0.144876
0.213677
0.183066
0.147670
0.162437
0.123913
0.227770
0.231441
0.327846
0.148235
0.165821
0.150594
0.150322
0.150170
0.152462
0.147289
0.160512
0.165135
0.151318
0.163166
0.170896
0.170444
0.117672
0.151413
0.131495
0.154747
0.244408
0.203461
0.205606
0.205179
0.181256
0.168391
0.207908
0.173078
0.159054
0.160083
0.108277
0.151762
0.161313
0.157558
0.122522
0.214683
0.162704
0.160982
0.162873
0.162301
0.163484
0.166740
0.156815
0.161333
0.153017
0.176371
0.171514
0.147519
0.169028
0.168599
0.126760
0.154953
0.179058
0.165649
0.124620
0.211295
0.131128
0.155985
0.166522
0.226591
0.177813
0.183346
0.162930
0.166770
0.116108
0.172772
0.172441
0.194512
0.196904
0.210554
0.170591
0.151607
0.131482
0.181083
0.159686
0.188973
0.136011
0.240129
0.267459
0.186931
0.154796
0.145962
0.126802
0.154577
0.218117
0.180851
0.152921
0.267451
0.143443
0.153132
0.159363
0.158383
0.146728
0.178828
0.134605
0.195627
0.202157
0.176432
0.177593
0.160617
0.143507
0.168681
0.196983
0.163601
0.159259
0.156796
0.150608
0.156525
0.144055
0.186969
0.180184
0.168426
0.176459
0.186829
0.176933
0.131610
0.151279
0.263706
0.165003
0.235886
0.230295
0.230241
0.318350
0.325130
0.348773
0.287247
0.156847
0.152413
0.170058
0.157464
0.150956
0.154114
0.159398
0.115337
0.210944
0.217835
0.165514
0.161493
0.170959
0.158300
0.160097
0.231124
0.217683
0.171566
0.271729
0.209646
0.165910
0.149904
0.177048
0.185823
0.172314
0.152242
0.157783
0.173003
0.180784
0.144579
0.189796
0.201025
0.160975
0.112394
0.160479
0.141341
0.169410
0.159552
0.161316
0.161258
0.147745
0.205869
0.157447
0.203635
0.242472
0.170172
0.194223
0.184494
0.220987
0.187548
0.170406
0.177832
0.163649
0.166775
0.166053
0.204425
0.154596
0.147732
0.170559
0.149571
0.172301
0.164757
0.164021
0.139092
0.161067
0.161405
0.192221
0.241280
0.252049
0.201464
0.155680
0.155360
0.177403
0.150617
0.206110
0.170982
0.190516
0.221029
0.135277
0.192201
0.211913
0.164696
0.263930
0.312566
0.366626
0.194763
0.216730
0.167531
0.261397
0.355054
0.174540
0.172888
0.163993
0.126966
0.156410
0.231409
0.166618
0.115556
0.167431
0.142514
0.180868
0.163156
0.158422
0.161753
0.197698
0.181211
0.163065
0.168920
0.181937
0.183414
0.270756
0.163038
0.157850
0.170589
0.119692
0.171437
0.225215
0.165062
0.149272
0.185058
0.199341
0.162035
0.163470
0.298659
0.184899
0.123909
0.161892
0.159518
0.171308
0.197277
0.152035
0.166493
0.163094
0.164650
0.157882
0.114265
0.158003
0.156364
0.157410
0.154042
0.153719
0.155489
0.167273
0.169599
0.209884
0.213023
0.197040
0.184119
0.188848
0.211858
0.156896
0.153674
0.165991
0.170015
0.152549
0.160314
0.169367
0.160674
0.151742
0.165433
0.164668
0.120703
0.162610
0.152975
0.159546
0.313187
0.211956
0.258883
0.229851
0.197719
0.162209
0.158968
0.163672
0.162011
0.180261
0.163351
0.164780
0.153195
0.188530
0.152369
0.156296
0.155407
0.154813
0.165405
0.116348
0.158763
0.123945
0.174447
0.155562
0.197138
0.161264
0.156631
0.174768
0.153476
0.126806
0.220466
0.170920
0.120246
0.171021
0.122028
0.168605
0.172431
0.181380
0.185530
0.157566
0.141924
0.166798
0.173482
0.176124
0.194982
0.138244
0.167228
0.171014
0.161187
0.167385
0.122329
0.172379
0.168341
0.158613
0.159227
0.149794
0.175428
0.172602
0.177230
0.148804
0.160146
0.199281
0.205455
0.161678
0.202875
0.157918
0.164089
0.176854
0.145504
0.189157
0.206593
0.162993
0.196336
0.197576
0.373866
0.315777
0.262500
0.173097
0.114973
0.182594
0.128754
0.181566
0.174525
0.162840
0.210887
0.202172
0.180612
0.190472
0.270547
0.178830
0.183772
0.160720
0.190719
0.180248
0.161015
0.209061
0.212620
0.260412
0.183574
0.196685
0.218574
0.277901
0.329232
0.262219
0.209454
0.195315
0.213310
0.195218
0.157909
0.171495
0.255826
0.196982
0.172273
0.200962
0.442166
0.176116
0.339454
0.294602
0.194480
0.178515
0.145624
0.179563
0.187645
0.164191
0.200946
0.160400
0.166559
0.215431
0.167082
0.174148
0.165895
0.126174
0.168090
0.162480
0.169931
0.130398
0.209939
0.128446
0.181880
0.172123
0.195802
0.188758
0.166825
0.178101
0.132035
0.191744
0.120935
0.166718
0.179556
0.141705
0.182201
0.130595
0.181106
0.234226
0.159715
0.158132
0.167052
0.162380
0.162659
0.174473
0.148475
0.186742
0.174216
0.186549
0.214293
0.180062
0.207589
0.181081
0.170238
0.125370
0.166990
0.161430
0.118809
0.184312
0.129777
0.170733
0.169099
0.173193
0.127024
0.300614
0.201301
0.186896
0.125199
0.165826
0.190536
0.192495
0.174781
0.187840
0.144935
0.202928
0.170811
0.124139
0.264183
0.170624
0.178955
0.117634
0.167688
0.146348
0.178157
0.178340
0.167837
0.160008
0.227784
0.174147
0.229630
0.397738
0.217658
0.219051
0.309833
0.190471
0.203596
0.267594
0.173909
0.188027
0.184441
0.162159
0.195059
0.170777
0.160792
0.162706
0.180592
0.196361
0.153533
0.184342
0.186301
0.195544
0.169719
0.170855
0.167063
0.169721
0.172194
0.211617
0.171314
0.167943
0.133573
0.172965
0.191245
0.242743
0.136634
0.172218
0.217195
0.254408
0.228733
0.184323
0.257520
0.194505
0.169969
0.284550
0.192331
0.184301
0.190428
0.172987
0.148070
0.178189
0.185527
0.188074
0.174802
0.226847
0.182719
0.208462
0.172714
0.187829
0.177641
0.170812
0.206636
0.192394
0.130151
0.165974
0.166445
0.201171
0.352690
0.188875
0.168519
0.163256
0.130986
0.197306
0.175280
0.163306
0.143797
0.172657
0.143081
0.223519
0.168230
0.240492
0.194587
0.171196
0.165002
0.135605
0.182564
0.128004
0.162595
0.187602
0.180848
0.179430
0.165937
0.261683
0.158216
0.198052
0.172686
0.172046
0.166687
0.178504
0.199586
0.169108
0.151649
0.163686
0.169731
0.196622
0.179376
0.193351
0.161639
0.172917
0.173999
0.194823
0.169963
0.183379
0.170390
0.180275
0.186114
0.214877
0.166740
0.201411
0.203738
0.207575
0.185018
0.170826
0.177598
0.173926
0.187142
0.173140
0.167319
0.226230
0.195421
0.138168
0.167609
0.176933
0.147867
0.178196
0.153763
0.180550
0.208786
0.177623
0.179769
0.170333
0.192421
0.172777
0.167251
0.176940
0.167727
0.177144
0.147709
0.220427
0.239971
0.188138
0.186361
0.167058
0.182748
0.176699
0.177066
0.136246
0.190050
0.175164
0.134832
0.181472
0.180286
0.171994
0.175891
0.182341
0.192644
0.161031
0.188506
0.190000
0.170816
0.225673
0.214827
0.190869
0.295441
0.181430
0.177820
0.183586
0.198566
0.126678
0.159208
0.134084
0.229998
0.175623
0.187552
0.210047
0.255418
0.208593
0.125640
0.187313
0.188592
0.176013
0.189061
0.212561
0.207223
0.169138
0.174778
0.186263
0.223732
0.164351
0.187384
0.191551
0.205395
0.216453
0.174841
0.210904
0.143690
0.234791
0.180661
0.175055
0.205910
0.200841
0.186290
0.203051
0.142069
0.205703
0.153249
0.202081
0.190574
0.201428
0.224683
0.221686
0.242679
0.209583
0.191319
0.164104
0.176248
0.175626
0.164145
0.164169
0.190054
0.234529
0.210062
0.157396
0.158670
0.191074
0.184122
0.180169
0.164595
0.180072
0.186701
0.141843
0.215502
0.210024
0.183145
0.176303
0.186282
0.145927
0.166201
0.178273
0.203299
0.196782
0.131543
0.179979
0.191836
0.279723
0.301042
0.159917
0.204386
0.174385
0.178735
0.170834
0.206444
0.137704
0.184670
0.185291
0.169658
0.252308
0.200046
0.171886
0.211438
0.194936
0.197577
0.213338
0.203869
0.199097
0.195945
0.192605
0.187993
0.230414
0.211313
0.180587
0.205082
0.174464
0.196751
0.199712
0.135393
0.167754
0.212781
0.144935
0.200532
0.174260
0.171511
0.173961
0.185613
0.157256
0.183602
0.172690
0.191653
0.197762
0.249921
0.140514
0.241757
0.183718
0.175894
0.208932
0.186906
0.189153
0.210284
0.200948
0.194011
0.188649
0.276165
0.174376
0.179668
0.191680
0.180511
0.188434
0.179433
0.200099
0.189899
0.190882
0.138284
0.200146
0.254623
0.199784
0.177980
0.261397
0.226078
0.332886
0.229452
0.350223
0.201947
0.234216
0.176979
0.136910
0.214117
0.160525
0.178775
0.186813
0.136457
0.186199
0.152659
0.213014
0.288361
0.217315
0.147595
0.182828
0.201905
0.137589
0.190452
0.142941
0.178923
0.188631
0.256859
0.135048
0.192760
0.188683
0.219743
0.197239
0.192021
0.170390
0.164733
0.251689
0.204843
0.188359
0.139337
0.243506
0.157002
0.340614
0.178587
0.201650
0.242507
0.183828
0.196880
0.190545
0.241554
0.195029
0.188262
0.243965
0.195643
0.184475
0.255757
0.142494
0.243744
0.182184
0.196739
0.197084
0.232411
0.182814
0.151775
0.182053
0.147465
0.196003
0.232320
0.144334
0.189924
0.144806
0.189843
0.199647
0.228612
0.172991
0.227423
0.338434
0.215261
0.336317
0.347853
0.254759
0.197545
0.209034
0.177830
0.204802
0.219403
0.182072
0.150575
0.170415
0.141843
0.177839
0.195547
0.148367
0.182087
0.184651
0.164629
0.198354
0.191094
0.188204
0.160237
0.194955
0.206409
0.194813
0.199803
0.191510
0.191831
0.166704
0.231165
0.193892
0.212239
0.180650
0.224825
0.195126
0.181018
0.191681
0.217626
0.306427
0.175050
0.185683
0.171790
0.213743
0.252852
0.182187
0.195329
0.182914
0.228561
0.182097
0.161999
0.174309
0.181376
0.180368
0.194531
0.166885
0.204474
0.171696
0.212216
0.177571
0.235536
0.179858
0.194303
0.146806
0.183127
0.186291
0.137440
0.172570
0.177489
0.206727
0.226035
0.163814
0.181486
0.184221
0.138726
0.215091
0.185052
0.184530
0.208876
0.210457
0.136067
0.134738
0.120296
0.137360
0.133868
0.128789
0.128802
0.132037
0.181997
0.124780
0.126315
0.137686
0.135833
0.127999
0.124882
0.127998
0.123786
0.121254
0.125410
0.128026
0.171368
0.124699
0.119229
0.124969
0.118259
0.124828
0.120677
0.123613
0.124835
0.122645
0.177976
0.133618
0.122797
0.122896
0.148037
0.140606
0.156085
0.139775
0.134757
0.194824
0.128197
0.126102
0.125766
0.125401
0.145194
0.146477
0.130087
0.134656
0.170120
0.125394
0.124177
0.126080
0.123348
0.122833
0.150702
0.128554
0.142288
0.139316
0.180906
0.203184
0.132134
0.140924
0.143263
0.124808
0.125384
0.128850
0.133182
0.130377
0.138863
0.142066
0.131105
0.214628
0.132803
0.141325
0.134940
0.159571
0.147927
0.144675
0.153100
0.151332
0.260244
0.221896
0.167325
0.185439
0.154825
0.168207
0.181894
0.199251
0.243353
0.232740
0.249939
0.257607
0.198225
0.171032
0.207270
0.188708
0.199981
