1.335153
0.066302
0.066184
0.060904
0.027782
0.084785
0.100966
0.057542
0.084995
0.126572
0.086302
0.117577
0.079479
0.078889
0.117622
0.079166
0.074912
0.029382
0.029562
0.073044
0.101557
0.088794
0.074734
0.076272
0.076721
0.074455
0.046674
0.082528
0.079646
0.111295
0.041865
0.028260
0.076984
0.073622
0.077780
0.076538
0.087512
0.077354
0.062747
0.029887
0.109841
0.069296
0.076344
0.075506
0.079925
0.079951
0.040521
0.022160
0.081679
0.077218
0.074451
0.066359
0.027727
0.076287
0.080729
0.079118
0.084060
0.081229
0.077749
0.078714
0.034019
0.101956
0.081263
0.070560
0.076933
0.026029
0.075614
0.076667
0.066576
0.083180
0.079153
0.078105
0.036141
0.025954
0.147369
0.072497
0.070096
0.048896
0.085556
0.071617
0.108617
0.077641
0.080261
0.080759
0.079375
0.066504
0.128259
0.074465
0.057127
0.077443
0.080679
0.080216
0.081932
0.081071
0.078429
0.074123
0.092088
0.083611
0.073190
0.030721
0.112797
0.077359
0.096409
0.079571
0.081839
0.023221
0.024647
0.078802
0.076619
0.107870
0.050581
0.080259
0.078969
0.078742
0.082078
0.028767
0.026968
0.110551
0.088402
0.078925
0.078897
0.148813
0.091016
0.124257
0.086355
0.067557
0.028753
0.084671
0.070047
0.075652
0.065218
0.026617
0.077892
0.080689
0.084263
0.081342
0.082213
0.082685
0.084728
0.089882
0.042710
0.078278
0.081832
0.084022
0.081417
0.081888
0.035453
0.081023
0.104863
0.070190
0.093105
0.080462
0.070764
0.081432
0.080674
0.086955
0.045680
0.092268
0.088976
0.080534
0.049659
0.043769
0.079029
0.080533
0.085204
0.085028
0.085387
0.047353
0.146109
0.071660
0.085351
0.037074
0.083291
0.069533
0.085213
0.081096
0.084771
0.073267
0.030090
0.094542
0.109760
0.075521
0.055726
0.031696
0.085409
0.084242
0.097196
0.082776
0.083097
0.085694
0.098487
0.088908
0.106236
0.037068
0.082654
0.079638
0.085247
0.083817
0.087737
0.054536
0.162134
0.076044
0.070095
0.049189
0.090617
0.088044
0.086126
0.085758
0.092321
0.085093
0.089798
0.088179
0.088303
0.131178
0.104922
0.089788
0.087939
0.085732
0.086979
0.048185
0.058301
0.093396
0.086132
0.079869
0.086285
0.039416
0.082642
0.081162
0.082720
0.082935
0.084354
0.084452
0.080346
0.030334
0.090981
0.093048
0.073060
0.079899
0.070709
0.082024
0.118893
0.084735
0.085337
0.073492
0.034663
0.095981
0.090969
0.079114
0.081849
0.083183
0.083843
0.083656
0.085786
0.084540
0.064279
0.030258
0.093557
0.085778
0.093737
0.079715
0.121613
0.088164
0.086375
0.082297
0.096596
0.074612
0.072876
0.064213
0.086757
0.080791
0.091051
0.088893
0.083525
0.091738
0.050277
0.089644
0.091425
0.095841
0.060563
0.090369
0.118686
0.087253
0.085448
0.086950
0.083433
0.144442
0.075620
0.069069
0.068677
0.063766
0.103423
0.088653
0.088968
0.086680
0.088665
0.079740
0.039027
0.092189
0.090881
0.094592
0.059017
0.094568
0.083540
0.086406
0.085235
0.087842
0.078592
0.084150
0.079070
0.073018
0.071862
0.037585
0.091773
0.081256
0.089895
0.088115
0.088102
0.087621
0.051193
0.078681
0.127018
0.092680
0.091329
0.054814
0.090272
0.084080
0.090649
0.090021
0.084333
0.084880
0.096908
0.106421
0.085706
0.079230
0.061058
0.092383
0.089155
0.092008
0.087898
0.087624
0.055390
0.098418
0.133289
0.093290
0.049175
0.091050
0.095009
0.097509
0.090246
0.089093
0.090413
0.096149
0.044527
0.105828
0.111172
0.098660
0.046981
0.052218
0.084611
0.089559
0.134897
0.092296
0.093437
0.092469
0.078744
0.042093
0.090414
0.094895
0.090942
0.081914
0.076861
0.106672
0.093547
0.090098
0.087212
0.091342
0.074686
0.092426
0.108262
0.087935
0.062463
0.086793
0.092354
0.092910
0.086833
0.090546
0.085984
0.108443
0.082361
0.083332
0.043679
0.112992
0.091541
0.088338
0.099729
0.081674
0.104171
0.085088
0.084690
0.061036
0.128431
0.090353
0.090101
0.092490
0.093943
0.066948
0.096817
0.098761
0.092925
0.039988
0.098587
0.091748
0.110624
0.093934
0.092990
0.088942
0.051649
0.093594
0.108461
0.077297
0.110106
0.040413
0.090952
0.095272
0.089383
0.098411
0.090862
0.092515
0.095172
0.090742
0.079468
0.061001
0.059799
0.101590
0.095156
0.097912
0.096885
0.094276
0.047569
0.095917
0.129115
0.083426
0.088949
0.043662
0.092526
0.096054
0.095725
0.096911
0.092555
0.101490
0.039654
0.100509
0.090696
0.092981
0.085326
0.037473
0.084871
0.086716
0.093327
0.092767
0.125261
0.098574
0.100837
0.099435
0.084644
0.039867
0.101170
0.093433
0.091430
0.095883
0.096962
0.093507
0.096768
0.107541
0.084107
0.107607
0.057672
0.094440
0.092917
0.095774
0.125799
0.093693
0.095904
0.045159
0.092639
0.107860
0.079823
0.078193
0.075286
0.049360
0.096448
0.080710
0.099073
0.100439
0.100718
0.092417
0.055717
0.096564
0.098319
0.095267
0.109635
0.061617
0.099470
0.079983
0.097226
0.098309
0.095331
0.091935
0.051611
0.107689
0.099801
0.085259
0.092396
0.056837
0.118312
0.095885
0.092530
0.092388
0.095802
0.094092
0.131515
0.041635
0.102509
0.108427
0.094321
0.082482
0.054562
0.090171
0.096180
0.094293
0.096511
0.096188
0.094817
0.097033
0.096923
0.083570
0.073829
0.094654
0.077410
0.104170
0.136150
0.103451
0.095645
0.064877
0.108139
0.107437
0.106390
0.067450
0.106131
0.091765
0.114652
0.107957
0.097407
0.100829
0.096555
0.103511
0.051146
0.110200
0.115563
0.111828
0.136547
0.105464
0.060369
0.119159
0.111568
0.154671
0.048695
0.101124
0.098544
0.095453
0.099172
0.094711
0.105195
0.161199
0.102402
0.119308
0.091802
0.106974
0.094268
0.095271
0.102994
0.105718
0.103173
0.108718
0.059808
0.107722
0.097889
0.101501
0.102302
0.114882
0.094820
0.094311
0.103698
0.093974
0.090138
0.056254
0.095779
0.096926
0.103049
0.100685
0.127941
0.099617
0.056888
0.124668
0.117112
0.098971
0.075447
0.053338
0.097783
0.098693
0.099563
0.098154
0.051162
0.099199
0.106819
0.096570
0.097372
0.108378
0.102264
0.106080
0.157699
0.102752
0.097365
0.047842
0.102817
0.110813
0.087357
0.093372
0.049494
0.099398
0.099901
0.101748
0.095275
0.098838
0.090403
0.107049
0.108344
0.093888
0.075878
0.056664
0.137132
0.090910
0.100609
0.096919
0.099213
0.059105
0.106382
0.109532
0.092393
0.088538
0.117348
0.097068
0.099350
0.103466
0.101296
0.104184
0.049848
0.101191
0.108552
0.108072
0.093701
0.098673
0.102436
0.097867
0.102849
0.108280
0.101072
0.052225
0.099624
0.102227
0.103575
0.106940
0.120511
0.127336
0.108391
0.100652
0.101006
0.105439
0.067736
0.148432
0.136685
0.106575
0.058671
0.104885
0.092122
0.103458
0.124354
0.102912
0.102405
0.101736
0.119553
0.113107
0.057902
0.097132
0.103187
0.103346
0.107708
0.107158
0.063823
0.106334
0.128865
0.074549
0.086091
0.103139
0.106772
0.104485
0.101480
0.105669
0.118297
0.106086
0.100853
0.053363
0.119975
0.096359
0.107752
0.111384
0.097658
0.109700
0.113438
0.106817
0.102170
0.112464
0.104900
0.113933
0.104450
0.171179
0.078859
0.108389
0.102742
0.090082
0.103196
0.114188
0.140789
0.107539
0.105887
0.056396
0.105672
0.127022
0.101863
0.094174
0.116579
0.104126
0.106384
0.111196
0.114460
0.059700
0.127867
0.119395
0.088156
0.064399
0.114947
0.099921
0.108271
0.143282
0.071700
0.117759
0.109742
0.093397
0.119938
0.114454
0.151712
0.102859
0.065281
0.118443
0.110504
0.104708
0.137599
0.114170
0.134881
0.127957
0.083406
0.122392
0.105404
0.089424
0.095551
0.100336
0.106374
0.114806
0.106344
0.136658
0.145334
0.068975
0.118268
0.117111
0.103056
0.104744
0.054505
0.109760
0.087143
0.118787
0.107928
0.109059
0.105248
0.106801
0.055341
0.114617
0.110433
0.067725
0.094252
0.106013
0.134964
0.073054
0.115475
0.111787
0.107987
0.104430
0.107213
0.110346
0.110850
0.105196
0.117207
0.104999
0.117539
0.106640
0.108239
0.106880
0.073054
0.118066
0.106383
0.058248
0.147731
0.105880
0.119778
0.114950
0.077685
0.121233
0.109102
0.096232
0.119512
0.118936
0.103679
0.121028
0.105953
0.253845
0.111392
0.055605
0.104824
0.121516
0.105114
0.110205
0.068117
0.110417
0.096757
0.122998
0.113894
0.111327
0.105966
0.109571
0.058187
0.115165
0.117375
0.108427
0.141185
0.113357
0.116817
0.127303
0.085023
0.126226
0.105883
0.113181
0.144346
0.136319
0.117022
0.106548
0.091880
0.119540
0.108878
0.070692
0.077742
0.103174
0.109812
0.125577
0.058548
0.121512
0.109606
0.107301
0.062864
0.120455
0.109716
0.107593
0.076939
0.131688
0.101685
0.074532
0.121681
0.117030
0.108080
0.109527
0.125744
0.132017
0.125936
0.138138
0.110879
0.123169
0.110204
0.132064
0.130876
0.107711
0.120716
0.105488
0.141357
0.114588
0.154364
0.119466
0.127444
0.234506
0.112254
0.132125
0.114449
0.118251
0.076263
0.118805
0.102758
