8.445532
0.027856
0.077155
0.018841
0.061014
0.060508
0.066880
0.064245
0.074323
0.022959
0.053551
0.016220
0.016275
0.024776
0.074460
0.068945
0.058674
0.075278
0.063280
0.063197
0.022729
0.073805
0.063553
0.043123
0.067034
0.061462
0.077023
0.077181
0.072492
0.038250
0.081161
0.058043
0.073474
0.067899
0.043751
0.081633
0.076552
0.038816
0.024760
0.041265
0.095149
0.076492
0.063819
0.066219
0.075481
0.019673
0.066741
0.062989
0.132235
0.023907
0.083586
0.063350
0.059620
0.028595
0.044214
0.042484
0.042660
0.074341
0.067298
0.047240
0.026297
0.075719
0.075410
0.069011
0.060864
0.025173
0.028547
0.126647
0.118414
0.126830
0.121824
0.093574
0.026675
0.118273
0.101607
0.100207
0.086118
0.094111
0.091044
0.086383
0.049750
0.029845
0.088925
0.029423
0.025584
0.094503
0.065891
0.023893
0.088700
0.084168
0.031608
0.074666
0.087371
0.081152
0.025756
0.089628
0.071282
0.081197
0.087722
0.087406
0.110362
0.069742
0.083405
0.071367
0.086255
0.026366
0.081908
0.072151
0.091473
0.082224
0.032269
0.089037
0.087418
0.067824
0.081318
0.085010
0.072971
0.077149
0.098870
0.082217
0.090091
0.058426
0.086669
0.063731
0.050309
0.090384
0.089791
0.033831
0.088934
0.102408
0.074979
0.089260
0.086547
0.073116
0.063360
0.089600
0.077748
0.087661
0.083963
0.070654
0.125194
0.078315
0.034323
0.094051
0.045950
0.073605
0.092450
0.046780
0.024099
0.085779
0.069108
0.043504
0.079651
0.024015
0.087874
0.073487
0.075313
0.090983
0.078177
0.078376
0.031705
0.085407
0.077788
0.046103
0.090634
0.088356
0.048811
0.022874
0.024920
0.023291
0.023049
0.023495
0.023155
0.024137
0.025600
0.025929
0.027344
0.024417
0.035083
0.080182
0.072029
0.024102
0.026760
0.024660
0.024071
0.026930
0.022970
0.022936
0.026094
0.081290
0.070862
0.026650
0.025757
0.027568
0.105253
0.080239
0.030186
0.024099
0.025004
0.027055
0.031991
0.028365
0.069395
0.025263
0.025162
0.061703
0.026244
0.025513
0.030426
0.072134
0.064289
0.024668
0.025847
0.024721
0.025774
0.033559
0.024109
0.033105
0.027437
0.027639
0.031754
0.026561
0.025449
0.025679
0.044287
0.081412
0.067168
0.024984
0.025088
0.025998
0.025703
0.028228
0.030160
0.031671
0.087043
0.025021
0.026027
0.025887
0.028709
0.082785
0.098199
0.025129
0.026388
0.027538
0.024621
0.025517
0.025952
0.027624
0.026652
0.026521
0.025194
0.026068
0.026519
0.026078
0.025533
0.026227
0.073489
0.081627
0.081629
0.027138
0.031002
0.026659
0.025969
0.036200
0.026580
0.034707
0.026627
0.067586
0.087338
0.072374
0.091738
0.062425
0.071131
0.032886
0.028536
0.025422
0.027850
0.026644
0.027532
0.026354
0.036328
0.029039
0.025903
0.028530
0.027465
0.027833
0.027125
0.027533
0.027911
0.028785
0.053223
0.084404
0.073300
0.085324
0.074257
0.026567
0.027368
0.027324
0.028697
0.027780
0.033392
0.033488
0.035191
0.028330
0.029897
0.083851
0.082957
0.084458
0.079782
0.085081
0.069817
0.072330
0.027821
0.027710
0.028413
0.027654
0.028086
0.028506
0.027211
0.028200
0.033603
0.027037
0.026266
0.026293
0.030053
0.029505
0.085489
0.078743
0.084697
0.079031
0.058017
0.066000
0.064407
0.085640
0.067274
0.032510
0.028870
0.028830
0.029793
0.029464
0.032816
0.027658
0.027943
0.032335
0.029511
0.029009
0.029256
0.028221
0.070226
0.051742
0.031248
0.034837
0.029069
0.029146
0.030782
0.081776
0.083957
0.078947
0.040870
0.089323
0.104054
0.029824
0.029989
0.031147
0.028410
0.033694
0.031815
0.029296
0.030231
0.029074
0.032973
0.031619
0.033334
0.029295
0.031246
0.084687
0.076815
0.030994
0.030669
0.050793
0.081513
0.050331
0.089489
0.034514
0.085409
0.045605
0.031655
0.032354
0.030436
0.031251
0.029979
0.035188
0.029710
0.030500
0.033945
0.034634
0.039407
0.037328
0.029040
0.033619
0.102218
0.071265
0.102885
0.090155
0.079326
0.031718
0.031748
0.031985
0.038760
0.037610
0.031187
0.033590
0.032960
0.032158
0.033722
0.029450
0.029717
0.036532
0.031782
0.032422
0.036120
0.032951
0.029816
0.032391
0.035691
0.034620
0.033123
0.085508
0.090789
0.040107
0.093260
0.072648
0.057964
0.088943
0.081532
0.092966
0.121377
0.090476
0.051636
0.037768
0.039355
0.035625
0.043901
0.033946
0.039466
0.037511
0.036232
0.036697
0.038661
0.036767
0.033809
0.037321
0.039312
0.099478
0.056791
0.089125
0.080867
0.090429
0.062878
0.034745
0.039777
0.035493
0.033830
0.035459
0.035849
0.032557
0.048081
0.032042
0.039132
0.035594
0.082874
0.089180
0.118678
0.072469
0.041706
0.094649
0.075223
0.044195
0.092449
0.047442
0.048066
0.044300
0.044507
0.041291
0.035135
0.036887
0.037708
0.037860
0.038978
0.039908
0.035883
0.039274
0.041662
0.096313
0.090595
0.089054
0.040182
0.099692
0.079847
0.089296
0.059144
0.049481
0.044656
0.039049
0.036690
0.036122
0.037739
0.040447
0.035091
0.034901
0.049492
0.037770
0.033510
0.033591
0.038732
0.042465
0.106880
0.087871
0.070985
0.117355
0.138691
0.047566
0.193209
0.093784
0.110293
0.166379
0.043519
0.097110
0.175246
0.131924
0.109604
0.104363
0.095134
0.075735
0.096085
0.069884
0.150913
0.095416
0.104589
0.119441
0.068614
0.107258
0.085413
0.054718
0.096461
0.085189
0.103534
0.092229
0.097286
0.041662
0.097493
0.088093
0.086776
0.081565
0.066790
0.095340
0.089755
0.124708
0.190986
0.207507
0.175086
0.094621
0.101819
0.102676
0.159829
0.087840
0.120084
0.144968
0.040674
0.120155
0.044157
0.099272
0.078875
0.096740
0.084339
0.055612
0.100985
0.095071
0.097777
0.081621
0.161259
0.110337
0.113365
0.128493
0.047396
0.113097
0.097072
0.053432
0.107393
0.085192
0.100510
0.085706
0.059861
0.106835
0.059474
0.102177
0.091126
0.099993
0.045774
0.193989
0.058514
0.202124
0.106064
0.095415
0.128706
0.121692
0.103437
0.068930
0.127316
0.104719
0.087023
0.067244
0.103832
0.118200
0.120638
0.060537
0.115112
0.096381
0.094336
0.111246
0.146832
0.052299
0.111684
0.105329
0.087303
0.068554
0.056879
0.163107
0.112825
0.088974
0.108098
0.114033
0.100224
0.065675
0.133950
0.105648
0.094718
0.072531
0.145874
0.096940
0.060917
0.159639
0.105160
0.054495
0.112328
0.104768
0.086922
0.120030
0.107742
0.073905
0.102578
0.102567
0.083000
0.106081
0.093663
0.097302
0.123899
0.081786
0.106050
