0.846776
0.022842
0.019778
0.019890
0.019467
0.018217
0.022298
0.018639
0.020491
0.018355
0.017698
0.017570
0.021581
0.021062
0.018982
0.018380
0.019991
0.019381
0.021723
0.020265
0.022534
0.020071
0.026972
0.056053
0.024698
0.022927
0.020179
0.018806
0.023608
0.022511
0.041063
0.024981
0.025457
0.021996
0.022464
0.023801
0.024845
0.022190
0.021097
0.026795
0.025365
0.035496
0.025033
0.023419
0.018639
0.021580
0.020913
0.024220
0.027192
0.022290
0.025761
0.020174
0.022164
0.021731
0.021227
0.020392
0.021368
0.021778
0.029833
0.022691
0.035342
0.024359
0.022812
0.025398
0.034050
0.029258
0.025362
0.022448
0.023544
0.023811
0.043487
0.023993
0.028954
0.029625
0.020028
0.050080
0.047854
0.055000
0.068586
0.151550
0.052078
0.226827
0.066583
0.144267
0.098650
0.095535
0.251479
0.220713
0.139540
0.246863
0.063370
0.081939
0.037483
0.098130
0.100635
0.075838
0.026047
0.084383
0.071916
0.087095
0.146849
0.081492
0.074293
0.065377
0.107821
0.050164
0.138885
0.171744
0.085058
0.188941
0.135019
0.082469
0.083363
0.154222
0.071750
0.087513
0.078330
0.084705
0.083404
0.095271
0.066791
0.067613
0.058418
0.083030
0.209614
0.039513
0.088522
0.075052
0.032362
0.084106
0.063877
0.107912
0.084649
0.046979
0.056228
0.092427
0.105834
0.031410
0.089205
0.031720
0.140493
0.082963
0.076132
0.034567
0.083441
0.051600
0.090807
0.065575
0.034062
0.082506
0.059132
0.141517
0.082098
0.093725
0.201810
0.223370
0.067168
0.101259
0.199596
0.243415
0.280998
0.057304
0.096398
0.112885
0.041088
0.167608
0.115023
0.136591
0.127466
0.111027
0.086882
0.029841
0.109749
0.151100
0.087404
0.032703
0.133856
0.101845
0.082621
0.097883
0.130502
0.067560
0.140505
0.095530
0.085918
0.106721
0.119924
0.069649
0.100446
0.106356
0.114592
0.055287
0.108168
0.097968
0.115213
0.047117
0.102414
0.088942
0.158224
0.142667
0.113379
0.139532
0.105047
0.132802
0.111925
0.090754
0.141245
0.070548
0.098073
0.100454
0.118177
0.072138
0.101140
0.106451
0.057528
0.095564
0.137859
0.113411
0.098671
0.080621
0.139002
0.163101
0.088998
0.082104
0.051397
0.165908
0.107627
0.040803
0.176181
0.108730
0.042120
0.096805
0.084411
0.061174
0.133534
0.078735
0.102166
0.097461
0.097796
0.033602
0.130450
0.095906
0.233653
0.115163
0.042534
0.102353
0.116513
0.068012
0.241930
0.082804
0.288106
0.110481
0.213465
0.090029
0.105739
0.089394
0.118443
0.094054
0.089688
0.063111
0.130367
0.105480
0.050256
0.102612
0.094664
0.075396
0.093657
0.082031
0.096794
0.133363
0.104555
0.078060
0.049170
0.135298
0.086333
0.173369
0.130052
0.162369
0.135735
0.114691
0.127768
0.072818
0.121852
0.140024
0.212307
0.193264
0.093376
0.086567
0.035096
0.106072
0.098206
0.222535
0.096706
0.271366
0.109139
0.100914
0.078489
0.108958
0.083716
0.057078
0.164413
0.093267
0.209169
0.089930
0.108613
0.112701
0.109848
0.101671
0.069399
0.171922
0.108593
0.063889
0.105950
0.093577
0.069984
0.102235
0.049371
0.110506
0.091501
0.127696
0.121928
0.133322
0.114444
0.107493
0.099810
0.076140
0.036458
0.107128
0.082392
0.056429
0.121421
0.091223
0.079092
0.063986
0.094102
0.079173
0.080561
0.092020
0.089298
0.054391
0.125661
0.092489
0.071301
0.099389
0.095361
0.049410
0.105016
