1.716586
0.056276
0.067739
0.070203
0.067482
0.067840
0.075899
0.045018
0.086911
0.113017
0.068998
0.038527
0.040626
0.078258
0.079488
0.154786
0.080313
0.077003
0.030285
0.087379
0.101068
0.066694
0.112610
0.083811
0.097343
0.094301
0.085871
0.150158
0.055218
0.145642
0.121926
0.085416
0.042245
0.034148
0.052897
0.083667
0.091604
0.199459
0.099347
0.108357
0.063805
0.203533
0.079350
0.080505
0.032974
0.132841
0.085831
0.089395
0.097248
0.084486
0.082716
0.083565
0.080909
0.028926
0.104987
0.083866
0.071591
0.073957
0.107772
0.048321
0.127737
0.083155
0.120004
0.120533
0.086410
0.068508
0.049427
0.102933
0.090424
0.077066
0.078539
