1.046292
0.059800
0.025966
0.028859
0.059202
0.064896
0.070400
0.116520
0.075974
0.080041
0.091367
0.113324
0.026837
0.077216
0.089144
0.089471
0.109509
0.070436
0.028918
0.077457
0.103794
0.076486
0.104017
0.094023
0.077210
0.075948
0.069892
0.023684
0.038069
0.080067
0.075677
0.083429
0.051463
0.029638
0.074024
0.074322
0.076565
0.084652
0.080067
0.078882
0.115595
0.046470
0.064966
0.079954
0.082734
0.083626
0.087537
0.071341
0.029890
0.027137
0.030065
0.074863
0.077421
0.067825
0.096711
0.103152
0.083037
0.079325
0.089447
0.049909
0.028860
0.056114
0.172554
0.077270
0.089629
0.043241
0.030347
0.122256
0.077919
0.070522
0.080818
0.078199
0.092314
0.109770
0.080881
0.045502
0.122696
0.095194
0.111742
0.074715
0.085829
0.029897
0.040140
0.051965
0.074632
0.078839
0.078900
0.102497
0.080921
0.081393
0.066866
0.088504
0.117525
0.070878
0.069980
0.024692
0.026134
0.032018
0.087926
0.078744
0.112475
0.087904
0.078151
0.081053
0.031754
0.044744
0.097569
0.091289
0.079793
0.097709
0.049924
0.053996
0.080108
0.069255
0.079747
0.083703
0.078882
0.106518
0.089411
0.076613
0.042492
0.104179
0.102544
0.092677
0.072127
0.032640
0.031389
0.033302
0.082070
0.084200
0.080108
0.081912
0.106785
0.082463
0.082751
0.067413
0.031790
0.078162
0.089010
0.084829
0.107830
0.060560
0.121747
0.084958
0.086467
0.113045
0.087834
0.083519
0.083515
0.043228
0.032118
0.086111
0.086897
0.089723
0.084099
0.079018
0.040295
0.030965
0.043804
0.103757
0.114851
0.080930
0.087466
0.082832
0.085900
0.099423
0.074157
0.207533
0.087281
0.076313
0.074289
0.032260
0.030989
0.033826
0.081252
0.078575
0.080018
0.085059
0.098594
0.082943
0.117144
0.028812
0.033669
0.084421
0.087618
0.084781
0.083983
0.102495
0.037242
0.030805
0.068654
0.088514
0.072808
0.082286
0.087493
0.122646
0.085348
0.082584
0.032087
0.033494
0.115166
0.105367
0.082679
0.080179
0.068278
0.037025
0.080812
0.098546
0.100397
0.092107
0.085126
0.100760
0.085118
0.071713
0.037278
0.085315
0.086865
0.099282
0.070605
0.072637
0.042044
0.049249
0.090029
0.074667
0.087365
0.084626
0.085118
0.085011
0.084912
0.041025
0.090641
0.103705
0.073480
0.083045
0.073055
0.078604
0.084293
0.089299
0.119127
0.085300
0.117558
0.086448
0.087231
0.064635
0.034829
0.084908
0.090426
0.089389
0.086459
0.074636
0.131388
0.091265
0.088300
0.087998
0.085518
0.088657
0.083169
0.035964
0.093289
0.093863
0.117370
0.068630
0.072672
0.034236
0.036053
0.108448
0.122102
0.090520
0.089554
0.089303
0.087027
0.087720
0.037584
0.041576
0.084746
0.102167
0.092672
0.090702
0.079030
0.127155
0.118150
0.074195
0.103910
0.088377
0.091598
0.094745
0.063593
0.037872
0.107350
0.096891
0.112824
0.118623
0.051434
0.126842
0.142003
0.189271
0.128918
0.095955
0.064612
0.086263
0.130400
0.081871
0.087139
0.038717
0.035573
0.085283
0.085379
0.074909
0.089116
0.119151
0.089876
0.089657
0.073821
0.055702
0.115226
0.106373
0.074149
0.073340
0.072838
0.044105
0.066052
0.085110
0.083899
0.110501
0.089649
0.091051
0.089575
0.077019
0.065596
0.099943
0.084265
0.096586
0.078453
0.038114
0.099126
0.089752
0.139347
0.101268
0.107799
0.144443
0.061509
0.154803
0.091587
0.092836
0.054112
0.098757
0.094499
0.095294
0.093748
0.093428
0.091635
0.094916
0.057062
0.042907
0.103947
0.128436
0.089128
0.084115
0.036803
0.041624
0.135099
0.098197
0.091371
0.109945
0.098490
0.068761
0.229574
0.107388
0.092168
0.070932
0.039524
0.088357
0.091983
0.100277
0.124373
0.126487
0.093335
0.096345
0.113072
0.093235
0.125269
0.055292
0.100865
0.103704
0.108736
0.093784
0.148830
0.094568
0.110640
0.095969
0.078300
0.094163
0.050412
0.055756
0.094809
0.133462
0.093793
0.095109
0.097663
0.088406
0.050514
0.097450
0.101461
0.088548
0.084198
0.070890
0.037282
0.036365
0.093201
0.095459
0.096498
0.104376
0.131965
0.083054
0.102530
0.091753
0.091534
0.046202
0.047313
0.093060
0.106746
0.097554
0.097226
0.094031
0.093281
0.047530
0.106334
0.110107
0.148118
0.047434
0.094424
0.119876
0.100403
0.118444
0.102647
0.093951
0.107809
0.210240
0.092603
0.083245
0.100059
0.039707
0.042841
0.095168
0.093094
0.095374
0.094446
0.092169
0.095338
0.046753
0.053748
0.097731
0.093966
0.098071
0.086636
0.042396
0.038287
0.091892
0.086893
0.096491
0.125258
0.095383
0.055166
0.154390
0.107718
0.083470
0.093018
0.043423
0.096447
0.111729
0.101832
0.098185
0.099919
0.084140
0.097773
0.111298
0.116415
0.073693
0.097341
0.099340
0.133529
0.105907
0.097384
0.083218
0.065018
0.107637
0.099780
0.136422
0.045316
0.108752
0.118130
0.134240
0.164094
0.122450
0.096766
0.093174
0.089228
0.091450
0.043846
0.097717
0.133891
0.099626
0.098644
0.095343
0.052107
0.109698
0.105664
0.104319
0.122208
0.116976
0.119864
0.117024
0.110646
0.155453
0.072601
0.128083
0.096648
0.093629
0.074182
0.051620
0.125057
0.134287
0.169527
0.106155
0.097698
0.076748
0.048138
0.099794
0.094879
0.086822
0.087272
0.049177
0.112287
0.107485
0.131282
0.099966
0.078835
0.245201
0.133245
0.110471
0.149786
0.153218
0.132089
0.105616
0.095429
0.058356
0.105761
0.099441
0.084690
0.047929
0.093498
0.095643
0.107183
0.099584
0.099715
0.095555
0.054492
0.106492
0.109338
0.106915
0.086136
0.118918
0.079664
0.096925
0.103382
0.108282
0.101861
0.050872
0.100243
0.106949
0.090295
0.057326
0.106116
0.110609
0.100155
0.098166
0.102494
0.114435
0.099200
0.101472
0.108161
0.046121
0.096622
0.104444
0.125424
0.121953
0.107401
0.090067
0.132181
0.139593
0.117268
0.073580
0.055785
0.096525
0.101183
0.137134
0.109847
0.107798
0.188032
0.104865
0.291769
0.106658
0.129432
0.123059
0.119220
0.118540
0.073389
0.112999
0.101673
0.094994
0.057622
0.047789
0.097813
0.103821
0.104965
0.099248
0.099875
0.100291
0.050090
0.117986
0.129822
0.104383
0.049349
0.072323
0.101376
0.092402
0.105422
0.106955
0.112556
0.072346
0.107470
0.105013
0.092900
0.089702
0.195552
0.111795
0.108016
0.115074
0.121243
0.096169
0.081246
0.140094
0.099483
0.090835
0.058201
0.109599
0.164361
0.167489
0.102189
0.103208
0.103880
0.108022
0.088825
0.097837
0.070157
0.162476
0.103740
0.103521
0.142447
0.103352
0.072333
0.135844
0.121218
0.107613
0.054116
0.114310
0.096534
0.109055
0.098555
0.102143
0.093519
0.062479
0.135520
0.149318
0.115194
0.069078
0.105739
0.090949
0.102420
0.118227
0.140812
0.063316
0.110651
0.106555
0.105055
0.101056
0.053897
0.113083
0.102615
0.105974
0.114138
0.105236
0.092037
0.126128
0.122950
0.093671
0.047982
0.107835
0.105922
0.131176
0.176634
0.055506
0.104194
0.106439
0.099252
0.093204
0.055784
0.107380
0.102961
0.108471
0.103295
0.105758
0.104527
0.052027
0.107635
0.110209
0.096530
0.110718
0.071152
0.121232
0.146825
0.122751
0.105989
0.106300
0.085405
0.177423
0.111368
0.097494
0.105290
0.111846
0.108808
0.125283
0.115870
0.061056
0.092304
0.105613
0.142045
0.052180
0.105271
0.123746
0.136565
0.104593
0.102996
0.143935
0.111142
0.090145
0.069403
0.080954
0.107674
0.113404
0.110532
0.140019
0.070437
0.113145
0.107358
0.095661
0.104033
0.144460
0.110603
0.126279
0.136421
0.064829
0.130433
0.138691
0.112813
0.071621
0.125255
0.131923
0.121770
0.110961
0.109016
0.106922
0.105935
0.092302
0.111323
0.055728
0.118985
0.100572
0.105222
0.109515
0.136780
0.073975
0.125371
0.128504
0.212906
0.169023
0.117507
0.104555
0.175563
0.070693
0.126398
0.097463
0.115382
0.063455
0.103975
0.217707
0.172055
0.110923
0.066164
0.111434
0.126065
0.067092
0.105015
0.123083
0.128217
0.120564
0.108338
0.056360
0.129294
0.117918
0.109217
0.108758
0.114611
0.116083
0.120954
0.122557
0.112339
0.123795
0.116605
0.077966
0.171979
0.113636
0.122169
0.115721
0.114485
0.108398
0.110756
0.110420
0.136474
0.120053
0.115599
0.153123
0.122395
0.071094
0.122102
0.103925
0.111626
0.112033
0.112996
0.119717
0.140538
0.106800
0.123772
0.125034
0.111528
0.075695
0.162517
0.135148
0.115899
0.109538
0.110294
0.144295
0.102725
0.119325
0.069787
0.115006
0.196725
0.162752
0.120355
0.111937
0.074659
0.124691
0.152614
0.128863
0.108507
0.113948
0.124604
0.147300
0.091569
0.127099
0.119403
0.148204
0.089235
0.119393
0.132340
0.119037
0.188980
0.197522
0.108061
0.114806
0.086982
0.143278
0.127799
0.139070
0.121171
0.136856
0.070673
0.113111
0.112069
0.093974
0.072309
0.127295
0.128001
0.139431
0.118753
0.130707
0.114550
0.115647
0.110596
0.065862
0.170015
0.111327
0.112445
0.192252
0.108182
0.114091
0.116104
0.081601
0.120363
0.112004
0.123025
0.115704
0.126901
0.100739
0.143023
0.140896
0.069818
0.121159
0.109120
0.138473
0.152224
0.097741
0.110862
0.130006
0.102641
0.095388
0.110837
0.112016
0.123189
0.112538
0.109293
0.227249
0.141853
0.080734
0.119716
0.109932
0.139079
0.123450
0.124973
0.067879
0.160362
0.109705
0.104308
0.067497
0.134522
0.122412
0.121271
0.108126
0.115218
0.153802
0.109860
0.067945
0.112086
0.111664
0.117949
0.158119
0.116045
0.112868
0.125208
0.107892
0.113223
0.120121
0.121025
0.113173
0.134712
0.111786
0.109072
0.181337
0.168291
0.074002
0.132216
0.115535
0.117723
0.117353
0.087471
0.180754
0.176629
0.204961
0.146155
0.131214
0.163639
0.087251
0.211730
0.130910
0.087363
0.115493
0.176414
0.117512
0.138505
0.094905
0.202018
0.140332
0.094182
0.057888
0.114168
0.131797
0.112869
0.114136
0.111478
0.071438
0.173274
0.068945
0.125985
0.112747
0.117038
0.157578
0.142226
0.069713
0.140867
0.120209
0.123006
0.080574
0.081467
0.115213
0.136419
0.137919
0.145610
0.120559
0.172152
0.106870
0.084455
0.128714
0.117801
0.116183
0.135848
0.112998
0.175732
0.200135
0.086266
0.146321
0.099181
0.122602
0.120750
0.120014
0.130489
0.166144
0.129324
0.075712
0.110400
0.136219
0.172468
0.119689
0.078496
0.095281
0.148052
0.149356
0.089432
0.136329
0.129052
0.133656
0.125448
0.118774
0.080246
0.123842
0.123337
0.119822
0.079740
0.115286
0.130460
0.124264
0.151045
0.085504
0.126649
0.123156
0.105357
0.112838
0.126744
0.137379
0.145522
0.076070
0.129590
0.133376
0.156990
0.072438
0.116062
0.128313
0.123244
0.118863
0.119709
0.134511
0.200869
0.120407
0.141499
0.137024
0.129610
0.120418
0.120096
0.127166
0.145854
0.111709
0.066582
0.137911
0.157789
0.167541
0.122110
0.081069
0.135129
0.254096
0.133170
0.130330
0.155513
0.155980
0.099909
0.133114
0.126367
0.125332
0.127067
0.120494
0.128222
0.127394
0.122755
0.107229
0.196825
0.131411
0.125787
0.173494
0.144719
0.142003
0.131844
0.093816
0.180056
0.132035
0.126484
0.126951
0.130674
0.118648
0.130995
0.127984
0.108496
0.116029
0.114079
0.148593
0.119084
0.121064
0.129035
0.114277
0.115751
0.132076
0.129116
0.130131
0.164855
0.183153
0.144527
0.158622
0.095985
0.119652
0.142283
0.127329
0.135192
0.090875
0.179380
0.157462
0.078924
0.126459
0.122749
0.123160
0.130652
0.132405
0.192048
0.204931
0.091447
0.132125
0.106836
0.119478
0.120849
0.069111
0.126436
0.194100
0.077066
0.114022
0.107842
0.126969
0.139632
0.190762
0.181068
0.145633
0.085540
0.120846
0.132291
0.118238
0.154809
0.094087
0.158890
0.182379
0.199549
0.158505
0.159996
0.139386
0.085210
0.124402
0.120399
0.105402
0.139134
0.167203
0.129237
0.123814
0.078329
0.128621
0.120669
0.108774
0.095618
0.122562
0.136008
0.127104
0.130615
0.116962
0.152500
0.130586
0.160876
0.165127
0.117570
0.119812
0.123727
0.123161
0.135395
0.199430
0.238542
0.114683
0.132854
0.145431
0.162283
0.127579
0.125813
0.126517
0.076869
0.122757
0.150840
0.155559
0.122391
0.105769
0.123414
0.114449
0.124095
0.078471
0.118539
0.120565
0.117697
0.126012
0.073210
0.128716
0.149599
0.121286
0.101246
0.119027
0.124383
0.132805
0.128693
0.088078
0.082560
0.078456
0.093635
0.261407
0.083078
0.085765
0.084915
0.067033
0.069736
0.068377
0.063260
0.063994
0.071174
0.068578
0.070119
0.072418
0.069715
0.079669
0.074594
0.071577
0.070022
0.067054
0.065641
0.075054
0.069861
0.073581
0.065338
0.066149
0.066711
0.069428
0.063143
0.076125
0.071664
0.107031
0.062156
0.062096
0.065206
0.067636
0.064977
0.083553
0.068182
0.066175
0.073349
0.064715
0.064247
0.061550
0.072684
0.071695
0.091468
0.122638
0.082652
0.070780
0.076181
0.066896
0.074184
0.074973
0.061751
0.081647
0.070929
0.082477
0.074441
0.070009
0.075228
0.065820
0.062523
0.073788
0.103240
0.064336
0.064484
0.066855
0.063233
0.071094
0.067053
0.067271
0.077858
0.085401
0.074785
0.067457
0.067839
0.065715
0.070690
0.067392
0.070472
0.074656
0.123340
0.077920
0.097765
0.214022
0.116625
0.113333
0.123144
0.116865
0.107176
0.122338
0.120315
0.088656
0.090694
0.072784
0.114334
0.123896
0.096961
0.130264
