139	112	51	36
139	114	50	37
139	115	50	40
140	116	50	39
138	117	50	39
138	118	53	38
138	119	51	38
138	119	50	37
139	119	50	39
137	119	50	40
138	120	52	38
139	120	49	37
137	119	49	37
136	119	50	37
137	119	49	38
137	118	49	38
136	117	50	38
136	117	50	37
136	117	50	36
136	116	51	39
135	116	50	37
137	115	49	36
137	114	48	37
137	114	48	37
137	113	50	38
138	113	48	36
138	112	48	37
137	111	50	38
138	110	50	39
138	111	49	38
139	109	50	39
140	109	49	38
140	109	51	38
141	108	50	40
139	108	51	39
142	109	50	39
142	108	52	39
145	107	51	38
147	106	50	40
148	106	50	39
151	105	51	40
153	105	51	41
156	105	51	39
158	106	52	40
160	108	53	39
162	108	54	39
163	110	55	40
165	110	54	40
168	109	54	41
168	108	56	42
170	107	56	39
173	105	56	40
174	102	57	41
177	101	55	40
178	100	57	41
178	98	57	43
179	98	58	40
180	96	56	42
180	96	58	41
181	95	58	42
182	96	57	41
183	97	57	42
183	97	58	43
184	98	59	42
184	98	57	42
184	99	58	41
183	99	57	43
183	100	59	40
183	100	56	42
184	99	58	44
185	101	58	40
184	100	57	42
184	99	56	42
183	100	57	42
182	100	58	42
182	99	56	42
179	99	58	42
180	100	57	41
180	99	57	44
178	101	59	40
177	99	57	42
177	99	57	42
177	99	56	41
176	98	56	43
175	96	56	44
174	97	57	44
173	98	56	42
171	98	55	41
170	97	56	41
169	97	55	41
167	97	56	41
167	97	57	42
165	99	58	41
165	99	57	42
164	99	57	42
164	99	58	42
165	100	57	41
165	101	57	42
166	102	56	42
167	101	55	44
166	100	56	46
165	101	57	44
166	100	56	44
164	100	58	42
162	99	57	41
163	99	55	43
161	98	57	44
160	101	57	42
159	100	58	42
159	100	57	42
159	100	57	43
160	100	57	44
161	100	55	44
160	101	57	44
160	101	56	43
160	100	56	42
160	100	55	43
160	99	55	42
159	99	56	43
160	98	56	42
160	98	56	42
160	96	56	41
160	96	55	42
160	94	56	41
159	93	57	41
160	92	55	41
159	91	55	42
159	91	57	40
159	90	55	40
158	89	56	40
160	87	55	40
160	87	55	40
159	86	56	40
160	86	56	38
160	86	55	38
160	86	56	39
161	85	54	37
161	84	54	38
163	83	53	39
162	82	54	39
162	83	54	37
162	82	55	38
163	81	54	39
163	80	54	38
163	81	55	38
161	81	57	38
162	79	57	39
162	81	56	37
163	81	55	38
163	81	54	36
162	79	55	38
162	80	55	38
163	78	54	39
161	80	56	37
162	79	54	37
162	78	55	38
162	78	56	37
162	78	56	38
163	78	55	38
163	77	56	38
164	77	56	37
164	78	54	37
164	76	54	39
163	77	57	38
164	75	56	39
165	74	56	40
164	77	55	38
165	77	54	38
164	77	55	37
164	77	55	37
164	76	56	39
164	79	56	39
163	81	56	39
164	77	56	41
163	80	57	39
164	80	55	38
162	82	57	39
161	82	59	39
162	83	57	40
161	81	59	41
161	82	59	41
162	83	59	42
162	84	58	42
162	86	58	40
162	86	59	41
161	85	61	44
162	85	60	46
162	85	60	45
163	86	60	47
162	88	60	45
163	91	58	44
163	93	59	42
163	93	60	45
164	93	59	45
163	94	60	44
164	94	59	47
164	95	60	45
164	96	60	45
163	97	62	44
165	98	59	44
164	99	60	44
164	99	60	44
164	100	60	45
164	102	61	45
164	102	60	46
164	104	61	45
163	104	61	46
164	105	60	45
163	106	61	45
165	107	62	45
164	108	62	46
163	109	61	45
166	110	60	47
165	111	60	47
163	113	63	45
163	113	61	47
164	115	61	47
163	115	62	49
161	116	63	49
163	117	62	51
163	119	61	49
162	120	64	51
162	120	62	51
162	121	63	51
162	123	62	49
163	123	64	50
162	122	63	53
161	122	63	54
163	125	62	49
162	125	62	49
162	127	63	47
162	125	61	51
163	124	62	53
162	124	61	52
163	125	62	53
161	124	63	55
163	125	61	52
163	124	62	53
163	124	62	51
162	122	62	55
163	123	62	53
163	122	61	50
161	121	63	49
163	119	60	51
161	118	64	48
163	117	59	47
162	114	61	47
163	113	61	47
164	112	58	47
164	110	59	46
164	109	59	48
164	107	60	46
164	107	62	46
164	106	60	47
166	107	58	46
165	107	58	45
164	106	59	46
163	104	60	46
163	104	59	47
163	104	57	47
162	103	58	47
162	102	58	47
162	101	57	48
164	100	54	47
164	98	57	48
165	97	56	48
165	97	57	47
166	94	55	49
166	93	57	49
167	92	56	51
169	92	54	48
169	91	55	48
168	91	56	47
169	90	56	49
169	89	59	52
169	90	60	51
171	90	58	48
172	90	56	47
171	90	61	49
172	89	61	51
174	90	56	48
174	89	59	48
173	89	61	49
172	90	62	49
173	91	61	47
173	91	60	47
174	89	61	50
173	88	62	52
173	89	61	49
172	88	62	53
173	87	60	52
173	87	61	54
173	87	61	54
173	89	61	50
172	88	64	53
171	88	63	51
172	89	62	52
172	90	61	51
171	92	62	49
171	91	62	50
172	89	59	52
172	91	58	49
172	90	58	52
172	90	58	51
171	92	58	49
172	91	58	49
172	90	56	50
172	89	55	50
172	90	56	50
171	88	58	53
172	88	56	51
172	88	56	51
173	88	56	50
172	87	57	52
171	88	59	52
172	88	55	50
171	87	57	51
171	88	57	51
171	88	57	51
171	89	57	49
172	86	57	54
171	86	59	53
173	86	57	52
171	87	60	51
173	86	57	50
172	85	61	51
173	85	61	52
173	84	60	52
174	86	58	50
175	87	59	47
173	87	61	48
174	86	61	49
173	86	62	48
175	83	59	51
174	84	60	51
176	83	58	53
175	84	60	52
176	84	59	52
175	81	61	54
176	79	60	57
178	71	56	65
177	69	59	67
176	70	58	67
175	68	60	69
174	67	61	69
175	67	60	71
174	65	60	72
174	65	60	73
174	66	59	72
173	65	60	73
173	66	61	73
173	64	62	78
173	64	63	75
173	66	62	75
172	65	63	74
173	66	63	73
173	64	61	79
173	65	62	76
174	65	62	78
175	65	60	76
175	67	60	72
176	66	60	72
176	65	60	75
176	68	62	73
175	66	62	73
177	67	61	72
176	73	62	66
179	72	59	66
178	71	60	67
178	69	60	69
179	75	59	63
179	75	61	62
179	81	61	57
180	86	60	51
179	85	61	52
180	87	62	48
180	87	62	50
180	88	63	48
179	89	63	49
180	88	64	48
180	89	65	48
181	89	62	47
181	90	63	47
181	89	62	49
182	89	63	50
182	89	64	49
181	88	64	50
181	90	64	49
182	91	64	48
181	92	63	46
183	91	61	48
184	92	61	46
183	89	63	49
183	87	62	52
183	91	63	48
182	91	64	48
183	90	65	49
184	92	63	47
183	94	64	44
183	91	64	48
184	93	64	45
184	93	63	44
184	93	62	46
185	94	61	45
183	93	63	46
184	91	65	49
183	93	64	46
184	92	63	47
184	94	63	45
185	91	63	49
185	92	63	48
183	90	64	49
184	94	64	46
183	91	64	47
185	92	64	47
184	92	63	48
184	95	64	44
186	92	63	47
185	93	63	47
185	90	62	50
184	90	64	51
184	93	65	46
185	95	63	44
186	93	62	45
185	91	64	47
185	92	64	47
185	91	62	47
185	91	64	47
184	91	65	48
185	91	64	47
185	88	64	51
185	92	65	48
186	94	65	46
188	92	61	48
187	92	63	49
187	93	64	46
186	95	64	46
186	93	63	47
187	93	63	46
187	91	62	47
185	91	64	46
185	88	63	50
184	90	62	48
181	92	64	46
182	90	63	49
179	90	65	49
179	92	64	47
180	87	63	51
179	91	63	47
180	90	62	48
180	90	61	49
179	92	61	47
179	92	60	47
178	90	62	50
178	89	61	49
176	91	63	48
176	93	63	46
178	92	62	46
178	93	61	46
177	92	62	48
176	93	62	46
177	91	61	48
176	93	61	46
177	93	61	46
177	93	60	47
176	90	63	51
177	92	61	48
178	93	62	47
178	95	62	45
178	93	61	48
180	94	59	46
179	92	62	48
180	94	61	45
180	94	61	46
180	93	62	48
180	94	63	47
181	95	62	46
182	94	62	48
183	95	61	46
184	95	61	47
183	94	62	48
184	95	63	45
185	96	62	45
185	93	62	48
186	94	64	46
187	94	63	48
188	94	63	46
190	94	61	46
190	93	63	48
190	94	63	47
192	94	63	47
192	93	64	48
192	94	64	47
196	94	61	46
197	94	61	47
198	92	60	48
198	92	61	49
197	92	63	49
197	93	63	48
196	95	65	45
197	92	63	49
196	93	64	48
195	91	63	49
195	94	62	48
193	93	63	49
192	92	64	49
191	94	63	47
189	91	63	50
188	93	62	47
187	93	62	46
187	93	61	46
184	92	62	46
183	94	62	45
183	91	62	49
182	89	61	48
181	91	63	47
181	92	61	45
182	89	61	48
181	88	62	50
180	90	62	47
182	91	61	45
181	92	60	46
180	92	61	44
181	92	60	45
180	91	60	46
179	89	62	48
178	87	62	49
176	88	63	49
177	86	62	48
176	83	63	51
177	84	61	47
175	81	63	51
175	81	63	50
176	73	60	56
177	69	59	60
177	76	59	53
178	73	58	55
175	68	62	62
178	69	58	60
176	76	60	52
177	75	60	52
177	73	59	53
175	76	62	50
177	72	59	55
176	71	61	55
175	70	62	55
176	76	62	49
176	71	61	53
176	72	62	52
177	68	60	57
176	70	62	56
176	75	62	51
175	74	64	53
176	75	62	54
176	72	62	60
178	73	59	59
177	74	60	58
175	68	60	67
175	67	62	69
175	68	61	71
174	69	62	70
174	65	62	76
172	65	64	79
171	64	65	80
172	63	63	86
171	63	66	86
171	63	65	91
172	64	64	89
170	61	68	94
172	62	62	95
167	89	69	93
163	101	75	98
169	68	65	103
165	65	69	100
167	106	64	84
165	116	68	79
165	111	67	66
167	120	64	55
165	121	63	49
164	122	63	50
165	123	63	50
162	123	65	51
162	123	63	48
161	123	64	49
162	122	64	47
161	122	62	45
160	122	62	47
160	121	61	46
159	120	62	47
159	119	62	48
158	118	62	47
158	117	62	48
158	117	62	46
159	116	61	49
159	117	61	49
161	118	61	52
161	118	62	53
160	117	63	52
161	114	60	50
159	113	61	50
156	110	61	49
153	108	61	48
150	107	61	50
148	108	63	50
147	110	62	50
149	112	63	48
151	111	62	50
151	114	64	47
151	113	65	50
154	114	62	51
155	114	61	52
155	113	61	52
155	111	62	52
154	109	62	52
153	106	61	49
151	104	63	49
149	103	64	50
148	103	64	48
150	103	62	48
148	102	64	49
147	101	63	50
146	101	64	50
147	101	63	51
146	101	63	53
146	101	64	50
146	99	63	50
143	98	65	51
143	94	65	54
142	93	66	51
142	92	68	52
141	92	66	52
142	93	67	51
143	94	67	51
144	94	67	54
143	96	66	54
143	95	67	54
143	94	68	54
142	94	68	52
141	90	67	55
140	90	65	54
139	87	65	55
137	86	68	55
136	87	69	56
138	89	68	54
139	90	69	55
139	91	69	57
140	94	67	56
140	93	67	58
140	95	68	57
141	95	67	57
139	94	69	59
139	95	66	58
138	93	67	59
137	92	68	56
137	90	65	55
136	91	66	54
137	92	67	54
137	93	68	54
138	94	70	55
141	95	69	55
143	96	70	55
144	95	70	58
143	95	70	58
143	97	68	55
141	96	68	53
142	95	66	54
137	92	70	57
135	94	68	54
133	97	68	52
131	98	69	53
130	100	68	53
130	101	70	55
130	102	72	55
134	102	67	56
133	102	69	56
132	103	68	54
130	102	69	55
129	102	71	57
133	102	69	55
133	100	73	56
137	99	71	57
136	99	71	58
139	99	72	58
140	100	72	58
144	100	70	56
144	100	72	56
145	99	72	57
145	97	71	60
142	96	70	60
139	99	70	55
137	98	70	56
134	100	69	56
133	102	70	59
133	105	71	56
135	105	71	56
134	106	68	58
133	108	68	55
132	108	68	55
129	108	71	57
128	109	70	56
127	109	69	57
127	107	73	58
125	107	73	60
127	106	72	57
126	105	72	58
124	104	74	57
122	102	73	60
121	100	71	58
116	95	73	62
112	93	73	61
110	92	71	59
104	92	72	59
102	92	71	56
99	91	68	56
96	89	71	57
96	89	71	56
97	88	71	56
95	89	71	57
94	89	72	58
93	88	72	57
93	88	69	57
90	88	72	57
90	87	73	56
90	87	74	56
91	86	73	59
89	87	75	59
90	89	73	59
91	88	73	59
88	87	75	58
87	88	75	57
85	88	73	59
83	88	71	57
80	88	69	56
76	87	71	56
72	87	71	56
70	87	73	56
73	86	70	57
76	89	71	59
82	90	71	58
89	91	74	61
95	93	73	61
98	95	75	61
97	94	76	61
94	93	75	63
91	93	76	62
91	92	73	61
93	93	73	58
92	93	75	58
95	92	75	61
98	92	75	62
101	93	75	62
103	93	76	64
106	95	76	61
110	93	74	64
112	94	75	64
115	95	77	62
119	96	78	64
123	98	77	60
126	99	78	59
127	97	80	61
130	97	79	63
129	98	80	59
130	98	80	59
133	96	77	62
138	93	77	64
143	93	83	65
150	92	81	66
153	91	82	67
157	91	82	68
162	92	82	68
164	96	83	63
168	99	84	61
172	99	84	62
178	99	83	63
181	100	85	62
185	102	86	62
191	102	83	64
193	101	85	65
199	101	84	64
201	101	86	63
204	101	86	62
207	100	87	62
208	99	90	63
212	100	88	63
213	99	88	61
214	99	87	64
216	100	86	66
214	98	90	67
217	99	88	64
217	99	87	65
216	97	87	63
218	100	84	63
214	98	88	64
217	99	86	63
215	100	88	62
216	99	85	65
212	99	86	66
204	98	91	66
203	99	89	63
202	96	85	64
199	96	86	63
197	94	87	65
198	97	86	64
197	99	86	63
198	97	81	68
192	99	83	66
187	98	84	65
183	98	82	64
178	97	81	65
170	98	82	63
168	92	80	68
164	90	81	68
159	94	81	63
156	93	82	65
153	94	82	65
150	93	81	66
145	94	81	64
142	93	81	64
138	93	83	64
137	94	78	61
134	94	77	61
130	93	79	62
127	93	79	64
124	94	80	62
123	94	79	65
121	96	78	63
119	97	80	65
117	99	80	64
114	101	81	62
112	99	81	65
110	99	81	66
110	96	77	67
108	93	79	69
105	96	80	65
103	95	80	65
102	98	80	62
101	95	80	67
101	96	82	66
102	93	80	65
101	93	84	63
103	94	81	63
105	93	80	65
103	98	81	64
101	102	83	63
102	105	83	64
102	109	83	64
100	109	83	67
99	109	85	69
98	108	83	67
97	103	86	66
98	97	86	67
100	91	84	67
101	88	86	63
101	83	86	64
103	80	82	64
102	78	85	66
105	78	85	66
107	83	84	64
109	87	86	63
109	89	86	66
110	93	84	69
107	99	85	71
107	104	86	68
107	103	86	73
103	101	91	73
102	95	91	77
104	93	90	77
102	92	91	73
104	90	90	74
102	86	94	73
101	80	95	74
102	76	93	72
103	74	92	70
103	73	94	72
107	75	89	71
108	79	91	73
108	84	92	73
113	88	89	75
115	90	91	76
115	93	94	75
115	92	97	74
118	88	95	75
116	87	98	72
117	84	94	73
118	80	97	74
117	75	96	76
115	72	100	77
113	70	102	76
114	69	101	78
114	68	98	77
115	66	98	78
114	64	101	77
114	62	98	76
114	62	99	76
113	65	100	73
113	66	103	77
115	70	102	77
116	77	100	78
115	84	104	78
117	87	102	82
117	89	104	82
116	90	103	82
114	89	104	80
114	86	105	81
113	83	107	80
115	77	105	82
114	74	111	81
115	69	113	86
115	66	112	83
117	64	111	83
117	62	114	83
119	64	109	84
119	67	107	84
119	72	106	84
117	82	108	85
114	89	110	92
110	103	116	88
111	111	111	87
108	110	114	88
107	103	116	89
105	94	117	92
105	88	116	93
105	79	117	92
105	72	119	90
106	67	121	88
106	63	120	88
108	62	120	88
107	64	117	90
104	66	120	93
102	72	121	95
100	82	116	98
95	89	121	100
93	99	124	99
90	106	129	98
88	103	129	103
87	95	128	104
85	88	129	104
82	77	127	101
83	70	130	99
83	64	127	95
81	59	132	96
80	58	129	97
78	60	128	99
77	65	123	103
74	78	128	103
71	87	131	105
72	95	133	106
68	96	139	115
67	94	135	104
68	90	139	103
66	78	136	103
68	65	138	106
70	57	136	102
68	51	145	100
70	44	138	100
71	41	136	102
72	39	131	105
68	43	134	104
66	47	137	106
63	56	136	104
62	66	139	107
60	75	135	113
59	85	141	114
57	92	140	114
54	91	145	122
52	90	145	112
53	82	144	115
55	72	141	110
54	62	143	110
54	54	145	107
55	48	148	101
56	42	141	109
55	41	143	109
55	41	144	112
55	48	142	111
51	57	148	115
52	66	144	127
49	83	149	120
45	90	154	138
44	96	154	141
37	99	157	137
38	93	156	140
40	86	155	143
41	73	155	134
43	63	152	124
42	56	164	118
49	47	161	120
47	45	164	114
48	42	162	119
47	42	162	124
47	50	163	124
46	60	171	127
45	71	175	133
44	83	178	140
38	89	179	145
40	91	177	149
36	88	180	149
36	79	189	153
35	64	197	150
36	58	191	133
41	49	186	128
47	38	178	129
47	29	178	130
48	30	175	123
48	30	174	125
46	36	175	127
45	47	172	128
44	57	183	136
41	65	191	142
38	72	195	150
36	74	188	156
33	74	196	146
32	65	198	138
29	55	205	136
37	48	187	130
42	39	178	124
44	32	175	118
46	26	177	118
46	21	182	124
47	22	175	125
47	30	175	124
46	36	169	126
46	48	167	127
44	60	179	139
41	69	190	148
41	75	192	154
35	81	202	153
33	76	201	161
31	75	209	151
32	63	207	158
30	54	212	149
37	47	199	144
39	41	191	137
40	37	190	135
39	40	192	134
42	42	194	135
44	50	190	139
46	60	189	142
46	64	191	168
37	67	201	165
32	69	211	157
32	66	206	158
33	62	206	156
34	56	206	150
39	51	194	139
44	46	188	134
46	43	185	130
46	43	183	133
46	49	182	133
46	60	184	133
47	71	187	143
44	79	193	154
36	84	195	151
40	81	197	155
36	74	201	152
39	68	200	146
45	59	191	137
49	53	188	127
57	44	177	121
64	36	166	121
69	35	166	114
69	37	165	115
70	38	162	118
73	50	159	113
74	56	162	115
74	63	162	116
76	65	159	116
77	65	166	118
81	62	155	114
85	54	156	113
87	47	148	110
93	41	145	105
96	35	144	102
100	34	137	97
104	35	139	95
109	41	133	97
109	49	135	98
108	62	132	98
108	69	135	106
106	80	139	110
104	83	140	116
105	86	142	116
103	80	142	114
111	71	134	110
115	67	131	98
117	56	131	99
121	49	131	93
123	42	131	90
128	36	124	91
127	33	129	93
129	39	127	89
129	42	127	94
132	51	126	95
129	64	128	99
131	76	128	100
132	83	133	105
134	90	128	107
134	85	124	111
133	84	128	103
135	77	123	98
136	66	123	96
140	58	119	91
142	50	121	88
144	43	120	82
146	37	119	83
146	36	118	80
148	40	117	81
148	46	114	79
147	52	114	82
147	61	116	87
147	70	111	91
142	73	121	103
141	82	118	101
145	89	117	97
142	87	117	95
141	77	117	101
144	70	114	97
141	68	119	90
143	64	117	86
146	59	112	79
146	53	111	77
147	49	110	79
146	49	111	76
149	51	106	75
148	56	106	75
147	61	105	78
145	67	107	79
147	70	104	84
144	74	108	92
145	83	104	86
143	80	108	88
148	75	97	88
145	71	103	87
145	69	103	79
145	65	103	76
146	62	101	72
149	59	98	71
149	61	100	70
146	64	100	70
147	66	101	76
148	68	100	86
146	78	103	84
150	91	97	79
151	100	95	76
152	102	96	74
150	98	97	74
152	93	96	73
155	88	95	69
159	81	92	71
163	72	92	74
165	70	89	70
165	71	92	64
169	70	89	67
171	70	87	67
172	70	85	72
173	72	82	75
173	80	83	75
176	92	80	69
177	101	81	61
174	101	82	62
176	99	78	59
175	94	82	56
176	86	79	59
174	77	82	63
178	75	77	60
179	72	77	60
180	72	76	61
182	74	73	60
181	79	74	60
183	82	72	62
185	90	70	58
185	99	71	53
183	101	71	52
184	97	69	52
183	93	69	53
182	89	68	54
181	85	68	54
181	83	68	53
181	82	65	55
179	80	63	57
176	83	64	56
173	87	62	52
170	90	66	51
169	93	67	49
170	97	67	48
175	99	65	49
181	100	66	49
187	102	65	48
192	103	65	49
198	103	64	51
205	102	61	49
203	105	69	50
204	105	73	51
203	108	79	48
212	108	72	49
206	110	81	47
206	111	82	48
208	111	79	48
211	109	75	49
209	110	77	49
210	110	73	49
209	110	71	50
211	109	66	48
211	109	61	50
207	106	63	48
203	107	63	50
200	105	63	49
196	107	62	46
191	105	64	46
188	105	61	45
184	104	60	44
180	101	61	45
176	101	61	44
173	99	60	45
170	98	59	43
168	96	57	46
165	95	58	44
165	95	57	44
164	95	56	41
163	96	56	42
162	95	57	42
161	94	57	43
161	95	56	42
161	95	57	41
161	96	54	43
161	95	56	43
161	97	55	41
162	96	55	42
161	96	55	42
161	97	57	43
162	96	57	44
163	97	55	44
164	99	56	44
165	100	57	43
167	102	57	41
169	102	55	42
168	104	58	41
170	106	58	42
172	108	57	42
174	109	58	45
176	112	58	42
177	113	57	42
180	115	56	42
181	118	54	41
183	119	55	40
185	121	55	40
187	122	55	40
189	124	52	38
191	126	52	38
193	127	53	38
196	129	51	38
198	130	50	37
200	131	51	38
201	131	51	38
202	130	50	36
203	130	50	36
205	129	49	36
207	128	48	36
209	128	47	34
211	127	47	35
213	127	46	34
214	127	46	34
215	127	47	35
217	128	46	34
219	128	44	33
220	129	44	32
221	130	44	31
221	130	44	33
222	131	43	31
223	132	42	31
223	133	42	30
224	132	42	31
225	132	41	30
226	131	41	30
226	131	40	30
226	131	40	30
226	130	41	30
226	129	41	29
228	127	40	30
229	125	40	30
230	124	39	29
228	123	41	29
230	122	39	29
230	122	39	30
230	122	39	30
230	122	39	29
230	123	40	29
230	123	40	29
229	123	40	30
228	124	39	30
228	124	38	30
228	125	38	29
229	125	39	29
231	125	38	29
232	125	38	30
233	125	38	30
233	125	38	30
232	125	37	31
228	124	38	32
226	125	37	30
223	125	37	29
220	126	36	28
216	125	37	29
213	125	36	28
211	125	35	28
208	125	36	28
206	125	36	27
204	125	37	28
203	125	37	28
203	125	36	27
201	125	38	28
201	125	38	27
201	125	38	27
202	125	37	27
203	126	36	27
202	125	37	29
203	125	37	28
204	126	38	28
204	126	39	27
206	125	36	27
206	125	38	28
206	124	38	28
207	125	37	27
208	126	38	27
209	126	38	28
209	128	38	28
210	131	38	28
210	133	39	28
211	136	38	28
210	137	38	29
210	139	38	30
209	141	39	29
209	141	38	30
209	141	38	31
209	142	40	29
211	141	38	30
212	141	39	30
213	141	38	30
215	141	38	31
216	141	38	31
216	141	40	30
218	141	39	31
218	141	40	31
217	140	42	30
218	140	43	31
219	142	43	32
218	145	45	32
216	149	46	35
213	158	48	34
209	170	48	35
