1.707544
0.060069
0.069461
0.018616
0.022727
0.078815
0.094702
0.069856
0.078048
0.087590
0.077935
0.076636
0.080265
0.079794
0.066098
0.074615
0.073364
0.038151
0.088443
0.075182
0.102408
0.098639
0.085345
0.074418
0.044245
0.023856
0.041179
0.078159
0.082150
0.076464
0.084616
0.085033
0.030908
0.029213
0.024802
0.071412
0.076306
0.070186
0.077133
0.088911
0.114519
0.078639
0.094795
0.047188
0.070160
0.095628
0.135804
0.108920
0.074719
0.037344
0.031161
0.025989
0.025979
0.043942
0.075157
0.077598
0.067366
0.077416
0.078548
0.078734
0.121017
0.078897
0.066559
0.021600
0.029614
0.081485
0.084265
0.078526
0.059649
0.056044
0.064460
0.024173
0.024977
0.024705
0.073480
0.077093
0.067046
0.114440
0.119761
0.087939
0.112516
0.036159
0.029943
0.066143
0.096784
0.083318
0.077465
0.064663
0.072301
0.027695
0.025515
0.076083
0.076171
0.077348
0.078271
0.077986
0.081979
0.080568
0.080105
0.079369
0.038222
0.031511
0.093129
0.123766
0.075830
0.069647
0.072422
0.028884
0.028186
0.064492
0.099762
0.071307
0.082717
0.111532
0.080364
0.080913
0.080073
0.072877
0.030362
0.029939
0.114787
0.087585
0.083652
0.070519
0.083473
0.033835
0.068408
