24.643280
0.108205
0.073702
0.062397
0.066531
0.024455
0.207759
0.068234
0.087670
0.078117
0.078485
0.077136
0.076078
0.026591
0.034689
0.102378
0.080006
0.074141
0.066760
0.045694
0.055820
0.072598
0.074622
0.071190
0.074172
0.075051
0.073694
0.074076
0.077132
0.052775
0.025184
0.027173
0.076927
0.098711
0.075686
0.062539
0.068337
0.029267
0.027190
0.073417
0.110101
0.081026
0.080475
0.081277
0.082415
0.090955
0.052486
0.029488
0.089932
0.085203
0.086579
0.078157
0.058665
0.032660
0.030970
0.031969
0.105099
0.079854
0.086180
0.081674
0.111280
0.079794
0.079833
0.056206
0.103413
0.081408
0.084594
0.079368
0.069661
0.028219
0.033615
0.079842
0.082551
0.089086
0.080344
0.078804
0.107815
0.081337
0.078222
0.078627
0.134830
0.100294
0.080198
0.075052
0.036330
0.099766
0.086981
0.076674
0.084302
0.079485
0.077091
0.068181
0.033979
0.146416
0.083682
0.072279
0.072099
0.028732
0.089518
0.089394
0.122846
0.104765
0.081554
0.085125
0.050783
0.029572
0.029833
0.122611
0.082621
0.077880
0.075525
0.031655
0.029272
0.108792
0.076063
0.084925
0.078887
0.079698
0.079288
0.080776
0.030957
0.120414
0.084280
0.087790
0.070620
0.029215
0.027859
0.079066
0.083905
0.079879
0.086204
0.083877
0.081744
0.079814
0.057114
0.024996
0.087834
0.084801
0.075989
0.078727
0.039740
0.029903
0.093723
0.078463
0.082212
0.082039
0.079813
0.083592
0.085317
0.055593
0.041900
0.088115
0.083107
0.084513
0.083136
0.032959
0.039987
0.091372
0.101920
0.081422
0.114732
0.083535
0.083485
0.059572
0.032571
0.092093
0.086939
0.070724
0.078504
0.037539
0.029498
0.032530
0.081801
0.082990
0.069304
0.083179
0.084333
0.083903
0.083752
0.083680
0.035493
0.083539
0.088292
0.074300
0.084416
0.051333
0.032683
0.095120
0.096024
0.083993
0.095964
0.085729
0.081307
0.078735
0.032328
0.090273
0.115599
0.087073
0.075529
0.033386
0.110372
0.098524
0.087288
0.082505
0.082001
0.084377
0.081758
0.035660
0.087489
0.186261
0.078687
0.049483
0.067266
0.089687
0.079568
0.100524
0.085389
0.084882
0.078386
0.082386
0.126247
0.094467
0.067178
0.058249
0.107530
0.099438
0.087167
0.087049
0.090103
0.057713
0.039990
0.135896
0.094137
0.077395
0.070043
0.089659
0.083334
0.081213
0.085759
0.083800
0.115367
0.084515
0.047025
0.044696
0.122276
0.087332
0.076471
0.066660
0.036083
0.062668
0.083199
0.069643
0.082706
0.093616
0.084749
0.089602
0.035705
0.036356
0.086658
0.092173
0.102001
0.064537
0.057565
0.045086
0.083749
0.087652
0.085183
0.083704
0.085812
0.086916
0.084178
0.033461
0.088130
0.090423
0.082996
0.073385
0.061353
0.038588
0.095264
0.088283
0.130949
0.100277
0.089007
0.093787
0.054018
0.044851
0.143291
0.078013
0.080176
0.078032
0.035157
0.088950
0.099245
0.090301
0.085509
0.086261
0.086393
0.077516
0.031419
0.093101
0.121305
0.075777
0.067116
0.065603
0.031821
0.033563
0.088144
0.082751
0.075648
0.085879
0.087256
0.087022
0.085744
0.083968
0.031173
0.088697
0.087968
0.082370
0.069714
0.080364
0.043275
0.032789
0.082776
0.085432
0.073430
0.088127
0.085061
0.087426
0.086891
0.086424
0.035740
0.084541
0.089909
0.086943
0.081578
0.076033
0.033000
0.031555
0.077788
0.085994
0.103894
0.086577
0.085159
0.088632
0.088487
0.036855
0.088689
0.091352
0.083177
0.077065
0.081318
0.037439
0.035202
0.086879
0.087194
0.086503
0.090477
0.087376
0.088228
0.089140
0.059516
0.087912
0.091274
0.084642
0.082175
0.078724
0.034246
0.034590
0.083753
0.086017
0.077086
0.088774
0.088704
0.089678
0.087994
0.079865
0.033547
0.083487
0.089929
0.083208
0.106748
0.064465
0.043623
0.067414
0.086259
0.081248
0.087842
0.089024
0.089371
0.088943
0.089222
0.034778
0.089299
0.091085
0.082929
0.078674
0.084922
0.048055
0.061366
0.087780
0.112908
0.088340
0.088140
0.087777
0.088023
0.081951
0.035144
0.089285
0.091937
0.088665
0.080840
0.071785
0.037931
0.061541
0.100601
0.083905
0.095729
0.087174
0.088451
0.088198
0.091412
0.039807
0.093526
0.090410
0.080129
0.081120
0.075930
0.039356
0.064936
0.089690
0.085592
0.092022
0.088793
0.089271
0.089097
0.090968
0.036492
0.089317
0.104385
0.079644
0.108190
0.047297
0.050084
0.090931
0.081365
0.092934
0.091426
0.089234
0.089942
0.093449
0.045640
0.097571
0.094598
0.085824
0.083797
0.074027
0.040363
0.053127
0.096148
0.082485
0.139160
0.091240
0.092196
0.092540
0.072567
0.045639
0.106560
0.096440
0.086451
0.089904
0.046870
0.037363
0.088517
0.093076
0.090712
0.094262
0.092483
0.092103
0.092822
0.047720
0.046566
0.096318
0.093181
0.082369
0.071302
0.069769
0.039515
0.089303
0.091525
0.089006
0.093006
0.089915
0.093066
0.093477
0.053390
0.042629
0.110853
0.094658
0.087896
0.093007
0.067062
0.066041
0.096446
0.080036
0.094369
0.093359
0.095357
0.096884
0.093237
0.042331
0.095318
0.098510
0.088276
0.079418
0.064535
0.045206
0.114205
0.092899
0.092946
0.092161
0.124152
0.091391
0.074188
0.044411
0.097869
0.107182
0.091106
0.097324
0.046708
0.040323
0.095145
0.095514
0.092573
0.093190
0.092488
0.092622
0.094890
0.047632
0.090334
0.098113
0.120161
0.083287
0.042135
0.093512
0.091754
0.093279
0.094617
0.094317
0.092837
0.095456
0.051843
0.094341
0.099469
0.092705
0.084461
0.074891
0.043746
0.089723
0.092601
0.092432
0.124637
0.095852
0.095381
0.096013
0.042128
0.095099
0.098829
0.088253
0.083521
0.074574
0.044263
0.107142
0.093307
0.095067
0.096045
0.092483
0.096023
0.092440
0.043673
0.094602
0.131993
0.097134
0.105968
0.046781
0.062765
0.095604
0.084762
0.100633
0.097215
0.095851
0.093997
0.069303
0.043969
0.102262
0.102387
0.094062
0.099450
0.046145
0.092031
0.096929
0.138441
0.099729
0.096943
0.096851
0.089813
0.045393
0.101446
0.105167
0.115145
0.091292
0.043490
0.098052
0.097157
0.093791
0.103919
0.096769
0.097844
0.091163
0.048528
0.116241
0.129554
0.094368
0.066901
0.067314
0.097484
0.086963
0.099319
0.096995
0.097561
0.098362
0.090716
0.101374
0.100832
0.094744
0.084929
0.071099
0.047596
0.096066
0.099216
0.096994
0.130874
0.100757
0.095746
0.074701
0.077389
0.100550
0.096493
0.092581
0.083294
0.072782
0.095968
0.091416
0.099607
0.097631
0.096897
0.096887
0.059081
0.046077
0.109395
0.118943
0.115267
0.081089
0.052659
0.100701
0.096934
0.095196
0.105837
0.096059
0.098685
0.086817
0.090919
0.103267
0.100675
0.086807
0.069232
0.047662
0.097783
0.099317
0.099749
0.099429
0.128475
0.100027
0.077725
0.100263
0.111255
0.088394
0.083198
0.068054
0.049303
0.108067
0.093334
0.101680
0.100711
0.101207
0.099328
0.080040
0.113037
0.107193
0.094379
0.100095
0.055116
0.106046
0.100318
0.098288
0.097811
0.100330
0.103007
0.102976
0.057167
0.105494
0.142140
0.097138
0.080118
0.049108
0.097756
0.099096
0.101096
0.101876
0.101153
0.101091
0.090560
0.101686
0.106534
0.089193
0.090233
0.057632
0.051844
0.113448
0.090427
0.102980
0.101065
0.101719
0.101760
0.067478
0.098257
0.105166
0.091440
0.079708
0.069721
0.049966
0.132976
0.089571
0.103459
0.100487
0.100320
0.092839
0.096727
0.095191
0.095277
0.052336
0.122399
0.101106
0.080355
0.064534
0.087048
0.098126
0.104808
0.101737
0.094028
0.104135
0.122501
0.081660
0.098188
0.096396
0.104820
0.105849
0.102452
0.060646
0.106669
0.104880
0.100960
0.093897
0.100505
0.099771
0.101014
0.101571
0.100717
0.101907
0.051500
0.105494
0.129506
0.104419
0.053792
0.101022
0.101599
0.104365
0.101463
0.106483
0.102221
0.111033
0.110304
0.097295
0.065512
0.104027
0.106124
0.104489
0.108625
0.102953
0.110165
0.081944
0.160937
0.105514
0.095379
0.074049
0.107099
0.106700
0.114657
0.115096
0.107801
0.069280
0.119892
0.112797
0.113970
0.198205
0.106134
0.115379
0.120844
0.088067
0.126067
0.130345
0.133451
0.107375
0.111539
0.113019
0.106747
0.110198
0.077295
0.108238
0.130546
0.127265
0.051950
0.107490
0.098198
0.102046
0.107508
0.113614
0.078169
0.140929
0.144488
0.074752
0.140738
0.134866
0.106467
0.102781
0.090137
0.112218
0.125586
0.122031
0.083459
0.156782
0.120760
0.109035
0.126395
0.058521
0.118673
0.129561
0.128941
0.113156
0.120431
0.110067
0.140098
0.108079
0.070503
0.126132
0.121687
0.152320
0.103444
0.121927
0.120681
0.114273
0.108230
0.093252
0.115655
0.116075
0.121362
0.122394
0.118218
0.118948
0.105707
0.101253
0.156504
0.115864
0.092678
0.059499
0.114970
0.105913
0.104077
0.107993
0.085392
0.118805
0.117962
0.069894
0.121172
0.145272
0.110014
0.111271
0.055071
0.127608
0.110545
0.107777
0.138276
0.101028
0.116506
0.115399
0.082429
0.114116
0.112896
0.112259
0.108090
0.141452
0.108369
0.109784
0.102115
0.117189
0.103832
0.118994
0.063749
0.116903
0.110729
0.113702
0.128727
0.089045
0.116094
0.099393
0.111443
0.117339
0.074669
0.136362
0.123053
0.108269
0.131917
0.109275
0.109161
0.113113
0.106698
0.132423
0.122481
0.129981
0.082348
0.143664
0.143109
0.106597
0.087952
0.122674
0.121939
0.115607
0.112497
0.124314
0.123334
0.109580
0.092633
0.123538
0.108932
0.116562
0.141781
0.116120
0.131800
0.113558
0.067966
0.127507
0.138043
0.126202
0.195766
0.117040
0.134198
0.143458
0.076949
0.132816
0.111271
0.192807
0.148087
0.252762
0.114651
0.132730
0.189180
0.132564
0.092813
0.116539
0.141853
0.075054
0.150641
0.114946
0.117934
0.124537
0.071260
0.164625
0.102696
0.121248
0.102931
0.125086
0.127018
0.099060
0.136434
0.116212
0.101036
0.131201
0.138761
0.117902
0.131994
0.075546
0.220217
0.116110
0.088583
0.114415
0.117824
0.118565
0.119823
0.085895
0.136695
0.129074
0.082390
0.126997
0.209817
0.135706
0.066000
0.122832
0.108330
0.083453
0.142939
0.138056
0.152970
0.116838
0.117604
0.121557
0.118301
0.130388
0.140017
0.137288
0.118877
0.121567
0.113115
0.118659
0.169944
0.133151
0.114262
0.117715
0.120066
0.119126
0.093749
0.112740
0.141866
0.155001
0.120130
0.091422
0.137666
0.126224
0.070001
0.118235
0.124168
0.112907
0.073143
0.140970
0.123730
0.092391
0.126875
0.117823
0.134243
0.110805
0.163899
0.117716
0.131228
0.116449
0.121898
0.120044
0.121525
0.067666
0.156740
0.136776
0.129454
0.117397
0.127789
0.110814
0.071608
0.129812
0.156513
0.101527
0.123422
0.121361
0.116840
0.121179
0.087548
0.119633
0.131147
0.122775
0.105413
0.113986
0.119277
0.084214
0.123978
0.126600
0.071926
0.132259
0.116699
0.121734
0.115509
0.156492
0.124512
0.106540
0.121864
0.117424
0.155879
0.107414
0.130563
0.119443
0.117464
0.107227
0.118111
0.116667
0.093307
0.126200
0.132955
0.125178
0.136946
0.115085
0.126866
0.136070
0.196105
0.122497
0.079085
0.142447
0.217733
0.127558
0.108877
0.116981
0.125816
0.118703
0.120926
0.119149
0.115318
0.075909
0.120618
0.140956
0.117683
0.120239
0.122431
0.114824
0.130949
0.140566
0.205248
0.109540
0.155497
0.142604
0.149707
0.115541
0.122976
0.115901
0.126251
0.109469
0.127607
0.128464
0.163077
0.102853
0.194055
0.132260
0.234417
0.187444
0.167324
0.119636
0.117459
0.118826
0.113349
0.112966
0.125102
0.114938
0.077756
0.123805
0.102642
0.067128
0.152583
0.131728
0.122205
0.073613
0.122046
0.138327
0.115710
0.125524
0.119059
0.112884
0.149772
0.154424
0.114464
0.127842
0.155021
0.116022
0.082087
0.125863
0.111762
0.064026
0.113884
0.124588
0.125501
0.130030
0.125132
0.105482
0.130335
0.094027
0.126432
0.132877
0.124589
0.119389
0.146963
0.088142
0.189241
0.126368
0.127753
0.117513
0.127120
0.116626
0.169118
0.119868
0.093925
0.118974
0.130139
0.121529
0.122421
0.123643
0.076432
0.109943
0.134880
0.153281
0.154604
0.129349
0.143604
0.183828
0.118977
0.107080
0.128671
0.115652
0.082785
0.172793
0.186688
0.221982
0.205914
0.175138
0.116056
0.120528
0.118194
0.129861
0.087258
0.131775
0.158044
0.092049
0.119084
0.145501
0.136729
0.070879
0.127133
0.162971
0.147074
0.130445
0.124610
0.073514
0.155663
0.129441
0.117485
0.126620
0.123722
0.178144
0.085678
0.123638
0.148751
0.099510
0.129946
0.127731
0.129246
0.090188
0.136962
0.074793
0.121104
0.128207
0.134521
0.123823
0.076200
0.119679
0.133800
0.125702
0.135730
0.132826
0.119868
0.130248
0.153980
0.116479
0.134790
0.148079
0.095819
0.151075
0.106242
0.129481
0.119026
0.105205
0.118999
0.129569
0.131363
0.081264
0.128260
0.123738
0.118464
0.115476
0.132585
0.121261
0.164158
0.120276
0.072167
0.130625
0.141027
0.128361
0.113825
0.123889
0.114769
0.115524
0.134318
0.124057
0.125447
0.135257
0.114101
0.078114
0.125574
0.126668
0.103846
0.144548
0.148509
0.077443
0.122769
0.143912
0.146663
0.157841
0.195871
0.133213
0.177479
0.174951
0.136853
0.163892
0.184293
0.140214
0.127012
0.130381
0.120100
0.125459
0.107271
0.132045
0.152270
0.078854
0.146974
0.118584
0.094431
0.166306
0.121192
0.127188
0.101321
0.130465
0.132586
0.123724
0.137233
0.125897
0.131860
0.122985
0.133871
0.120104
0.104642
0.126460
0.088092
0.135210
0.138653
0.201529
0.134394
0.131274
0.125612
0.121965
0.132728
0.094872
0.114809
0.093940
0.113520
0.127493
0.090510
0.151423
0.128458
0.113940
0.145539
0.184453
0.170322
0.133263
0.157160
0.205455
0.139266
0.125265
0.120373
0.130776
0.130334
0.125072
0.085373
0.124400
0.127666
0.125530
0.133837
0.086888
0.120542
0.123879
0.084263
0.125571
0.119401
0.121359
0.124561
0.079401
0.149886
0.137096
0.078566
0.128989
0.136191
0.131151
0.142066
0.133750
0.111817
0.137489
0.128320
0.174558
0.110014
0.130250
0.141901
0.135546
0.154509
0.126702
0.119210
0.081203
0.126039
0.122447
0.101799
0.147712
0.120859
0.134358
0.150913
0.133840
0.094528
0.136701
0.125704
0.085964
0.145965
0.126812
0.094792
0.146667
0.150011
0.127772
0.134270
0.147216
0.131682
0.088260
0.126320
0.146519
0.127217
0.137910
0.088230
0.201244
0.130107
0.132094
0.131494
0.108412
0.130756
0.128986
0.124736
0.114652
0.168337
0.132738
0.138959
0.128029
0.133791
0.131776
0.149152
0.146057
0.102488
0.142556
0.139408
0.086218
0.132638
0.078649
0.127487
0.145357
0.134325
0.112911
0.181070
0.125600
0.135382
0.126806
0.073426
0.132427
0.116819
0.112985
0.127226
0.148193
0.101578
0.130385
0.129581
0.144359
0.136403
0.098086
0.148951
0.135695
0.127848
0.162064
0.143774
0.097896
0.169906
0.128582
0.140397
0.135445
0.133108
0.136844
0.131788
0.151804
0.142971
0.153413
0.139146
0.118221
0.118750
0.132145
0.178956
0.130018
0.148232
0.109626
0.131115
0.157926
0.170683
0.157772
0.153206
0.321747
0.171148
0.227506
0.134562
0.141885
0.082517
0.131341
0.130122
0.129179
0.109771
0.135823
0.147285
0.139552
0.128124
0.142807
0.099217
0.137105
0.175664
0.178234
0.139974
0.133938
0.137559
0.115981
0.107789
0.132306
0.140861
0.128720
0.134504
0.095412
0.123584
0.140116
0.094348
0.136076
0.121494
0.121647
0.132404
0.140231
0.170295
0.183484
0.128093
0.098146
0.137861
0.132416
0.137631
0.147291
0.190931
0.165759
0.159299
0.129497
0.138975
0.137503
0.135807
0.138233
0.137109
0.126057
0.152213
0.163382
0.179738
0.137067
0.101182
0.154148
0.127193
0.134719
0.139775
0.141451
0.150610
0.118087
0.091179
0.098588
0.124294
0.081538
0.083246
0.085606
0.073585
0.074762
0.074421
0.088626
0.085825
0.090041
0.074588
0.071256
0.079784
0.085829
0.138422
0.086812
0.083905
0.100016
0.075767
0.122594
0.125445
0.128260
0.112539
0.154497
0.147496
0.196479
0.148338
0.154402
0.090263
0.155180
0.130996
0.192810
0.117568
0.095299
0.110956
0.145053
0.116983
0.142555
0.125286
0.124613
0.095927
0.137843
0.127307
0.166534
0.128933
0.167506
0.219335
0.162321
0.170636
0.172824
0.140267
0.143112
0.100707
0.199505
0.094494
0.125266
0.168084
0.114283
0.135148
0.106019
0.148152
0.111840
0.137229
0.136251
0.138340
0.133916
0.173126
0.138078
0.108669
0.142085
0.145341
0.086138
0.148834
0.152032
0.144052
0.199655
0.200197
0.253792
0.175007
0.215917
0.142199
0.152750
0.148905
0.171067
0.147113
0.176200
0.154965
0.154824
0.163039
0.098623
0.140654
0.137306
0.164632
0.131115
0.091106
0.145775
0.108489
0.225210
0.164564
0.133669
0.145222
0.130142
0.087143
0.150780
0.137718
0.141929
0.136661
0.143191
0.168868
0.147597
0.146636
0.111300
0.201278
0.129738
0.197821
0.156509
0.089242
0.134626
0.152095
0.125765
0.141637
0.097839
0.151121
0.164149
0.142500
0.133577
0.151467
0.144356
0.094133
0.149760
0.138364
0.146064
0.131976
0.086267
0.103017
0.079695
0.080892
0.080692
0.078951
0.087393
0.080663
0.086046
0.130584
0.082770
0.105378
0.083966
0.138259
0.107654
0.147163
0.119008
0.078653
0.117203
0.077769
0.082062
0.084735
0.080910
0.079728
0.083775
0.076861
0.078666
0.080646
0.079274
0.079544
0.095963
0.081406
0.078851
0.142922
0.119695
0.088649
0.079668
0.086508
0.087286
0.183520
0.133835
0.107151
0.153931
0.103204
0.086836
0.087335
0.085933
0.079409
0.082083
0.080776
0.078079
0.077082
0.078946
0.079530
0.134701
0.141583
0.087083
0.081948
0.081690
0.076138
0.078716
0.078816
0.076843
0.078109
0.080101
0.077471
0.120101
0.080314
0.086620
0.090100
0.088166
0.084728
0.092069
0.104637
0.091212
0.087219
0.082019
0.143415
0.127500
0.139650
0.123884
0.085507
0.089393
0.093502
0.082325
0.093941
0.087792
0.097909
0.086260
0.088210
0.089773
0.082842
0.083583
0.080447
0.128001
0.173673
0.088779
0.079026
0.079682
0.078225
0.085841
0.082267
0.084918
0.092358
0.085801
0.142762
0.129379
0.145742
0.120397
0.164602
0.090941
0.083359
0.083468
0.086472
0.084094
0.088563
0.080184
0.150620
0.135707
0.086233
0.088403
0.097368
0.085891
0.087524
0.091255
0.085425
0.088655
0.083334
0.084348
0.084357
0.090608
0.083187
0.083703
0.086756
0.092061
0.169465
0.117269
0.127612
0.081608
0.085512
0.083853
0.082675
0.127232
0.087139
0.131955
0.108261
0.082118
0.086086
0.085928
0.087574
0.104519
0.099581
0.084310
0.107083
0.093156
0.096047
0.092767
0.085925
0.090939
0.116975
0.083264
0.086334
0.098977
0.083038
0.127715
0.150339
0.098185
0.146235
0.127763
0.086595
0.082901
0.092134
0.087664
0.090810
0.088513
0.091764
0.086076
0.098786
0.083492
0.083299
0.090337
0.096555
0.086030
0.135013
0.086010
0.082952
0.100324
0.086663
0.092938
0.094477
0.095552
0.085462
0.083243
0.086994
0.093941
0.095423
0.091299
0.142316
0.145155
0.116981
0.094982
0.146863
0.099694
0.098734
0.087845
0.086839
0.158662
0.086536
0.088381
0.082877
0.085501
0.082956
0.085585
0.085131
0.084625
0.092710
0.090041
0.089988
0.090383
0.086864
0.133682
0.141814
0.172199
0.157862
0.209657
0.093140
0.089181
0.085870
0.084573
0.087739
0.093904
0.093905
0.085894
0.087738
0.086321
0.097331
0.086719
0.098485
0.085874
0.084791
0.083446
0.084532
0.089238
0.086906
0.087111
0.094449
0.085380
0.197578
0.130071
0.142998
0.101107
0.139004
0.156136
0.170768
0.091824
0.118755
0.092272
0.100324
0.084865
0.087486
0.128161
0.093394
0.144962
0.122379
0.142711
0.216183
0.092607
0.095920
0.091317
0.102490
0.110949
0.122459
0.085396
0.095237
0.156811
0.092115
0.088098
0.092316
0.097988
0.099136
0.109733
0.090074
0.092096
0.085981
0.087778
0.097958
0.103689
0.093614
0.131182
0.104203
0.092869
0.097914
0.092980
0.146242
0.165306
0.172854
0.101146
0.089613
0.145429
0.095240
0.099628
0.091683
0.130005
0.106637
0.094488
0.092825
0.136800
0.090016
0.100198
0.094093
0.094866
0.097398
0.089152
0.093491
0.092767
0.101106
0.096015
0.095303
0.093577
0.091657
0.154592
0.187548
0.124483
0.177927
0.134511
0.139534
0.114976
0.091142
0.102215
0.134519
0.091985
0.086983
0.089161
0.088651
0.093175
0.101998
0.093456
0.093445
0.092995
0.093650
0.100471
0.091061
0.094812
0.100528
0.096547
0.159726
0.173042
0.258517
0.144795
0.141399
0.100861
0.102370
0.099662
0.115119
0.109484
0.095279
0.087647
0.090091
0.097046
0.088333
0.093952
0.089396
0.091139
0.093115
0.093669
0.099149
0.090547
0.097526
0.098549
0.093253
0.157877
0.102253
0.095435
0.137180
0.136050
0.151247
0.140413
0.116841
0.096242
0.095625
0.094431
0.099331
0.092713
0.094305
0.107702
0.091250
0.105675
0.098588
0.112393
0.169288
0.093771
0.101540
0.094797
0.154216
0.165612
0.186977
0.143886
0.154245
0.142768
0.100634
0.097862
0.120326
0.093115
0.090793
0.149813
0.092889
0.111506
0.113858
0.103591
0.092119
0.093898
0.091865
0.095071
0.094360
0.097450
0.174240
0.168818
0.154643
0.214355
0.117495
0.108716
0.096592
0.092164
0.098603
0.104777
0.106931
0.095847
0.113853
0.096778
0.106879
0.104241
0.097044
0.096570
0.095382
0.095863
0.184223
0.155909
0.138711
0.159438
0.106492
0.098993
0.101465
0.093346
0.092941
0.091304
0.095698
0.093756
0.110857
0.099163
0.094187
0.093909
0.092998
0.094118
0.096519
0.137239
0.120403
0.090004
0.093116
0.100675
0.099891
0.110236
0.126853
0.164541
0.106185
0.154471
0.136652
0.147996
0.100031
0.094973
0.092608
0.098245
0.093076
0.113769
0.097546
0.098144
0.100473
0.093780
0.095287
0.092853
0.103304
0.138242
0.113335
0.102666
0.095478
0.185391
0.161382
0.189301
0.155809
0.167698
0.143907
0.202655
0.101810
0.095486
0.092334
0.098310
0.100025
0.104022
0.094876
0.093025
0.093778
0.100848
0.096293
0.099477
0.101930
0.115654
0.162213
0.155238
0.155966
0.177145
0.123257
0.188162
0.097970
0.093286
0.106311
0.110622
0.133538
0.108559
0.110712
0.120993
0.108458
0.103151
0.114591
0.102962
0.106484
0.096272
0.099112
0.101543
0.152222
0.099481
0.177795
0.138816
0.151006
0.112002
0.144469
0.152023
0.122082
0.110886
0.103177
0.098398
0.098737
0.096627
0.115296
0.102398
0.119517
0.103097
0.102628
0.115385
0.102187
0.104239
0.159550
0.223765
0.177169
0.168608
0.136490
0.172436
0.181962
0.094025
0.106008
0.100530
0.098052
0.137421
0.103436
0.098423
0.097224
0.094320
0.097866
0.101816
0.093143
0.097677
0.109375
0.104973
0.150374
0.107456
0.104064
0.165749
0.121420
0.142697
0.146830
0.166558
0.127665
0.115449
0.102467
0.097232
0.095662
0.101779
0.099787
0.157684
0.104520
0.132046
0.101297
0.123185
0.127821
0.110389
0.102946
0.187566
0.151459
0.184694
0.162097
0.169019
0.152160
0.114455
0.104084
0.110785
0.121997
0.103834
0.100726
0.104630
0.097923
0.101077
0.103169
0.110711
0.106541
0.171294
0.107589
0.102548
0.102567
0.099567
0.103318
0.104646
0.106398
0.103580
0.106721
0.103399
0.096722
0.098894
0.223358
0.135285
0.153422
0.156862
0.117027
0.158295
0.111459
0.099037
0.097048
0.107606
0.114280
0.109778
0.111256
0.148463
0.099849
0.102099
0.100845
0.106027
0.103518
0.100883
0.100416
0.103029
0.105002
0.101562
0.156741
0.193659
0.226511
0.159491
0.151182
0.110487
0.115358
0.110361
0.114513
0.102823
0.101563
0.102059
0.102554
0.104416
0.107294
0.151495
0.104644
0.101989
0.100364
0.104782
0.104059
0.112202
0.110640
0.165263
0.120254
0.152292
0.157857
0.148659
0.162598
0.100555
0.137833
0.146204
0.127281
0.130392
0.105265
0.158599
0.133812
0.105695
0.103875
0.133411
0.144555
0.205585
0.139553
0.163792
0.128048
0.132010
0.108420
0.098405
0.128557
0.103146
0.107708
0.125478
0.106140
0.106630
0.172395
0.108384
0.102452
0.107955
0.113075
0.138364
0.166586
0.119372
0.168781
0.184109
0.121689
0.113464
0.171904
0.159854
0.113321
0.115922
0.116093
0.108852
0.115447
0.116473
0.117730
0.109988
0.112977
0.116013
0.105084
0.168299
0.234030
0.156416
0.168123
0.165661
0.113204
0.107539
0.113838
0.131853
0.114969
0.103338
0.105632
0.101186
0.111521
0.191826
0.139811
0.128116
0.164914
0.181055
0.188892
0.132645
0.158139
0.109017
0.123071
0.115762
0.128443
0.108512
0.164099
0.101483
0.102419
0.109182
0.104310
0.105341
0.103350
0.107409
0.107899
0.110778
0.113671
0.124420
0.129820
0.208111
0.187237
0.164413
0.195177
0.168264
0.104422
0.109895
0.125999
0.114755
0.102839
0.129966
0.117351
0.110985
0.147757
0.115641
0.113210
0.132898
0.198844
0.167899
0.169894
0.168351
0.194238
0.151672
0.113225
0.107400
0.108283
0.162941
0.113463
0.113350
0.108526
0.113268
0.111050
0.113011
0.158080
0.120264
0.115891
0.130115
0.130050
0.148531
0.225676
0.167762
0.180293
0.167313
0.180200
0.166891
0.119207
0.129055
0.130180
0.103729
0.117649
0.166464
0.173095
0.242793
0.243639
0.137472
0.106454
0.131571
0.129826
0.126915
0.110762
0.115455
0.126773
0.110688
0.107191
0.116446
0.243876
0.137384
0.199123
0.197423
0.173023
0.170835
0.138624
0.112551
0.126021
0.120129
0.125434
0.118777
0.110638
0.176328
0.113467
0.109460
0.111093
0.169522
0.170542
0.122405
0.159180
0.165653
0.135801
0.127384
0.115349
0.145414
0.144054
0.113431
0.139970
0.120244
0.200336
0.210547
0.174362
0.168571
0.109618
0.197076
0.117093
0.116786
0.156394
0.117427
0.115276
0.113263
0.138750
0.171941
0.185913
0.148813
0.171466
0.247654
0.113936
0.139705
0.117504
0.123927
0.132882
0.161840
0.192260
0.180444
0.179503
0.171589
0.166160
0.209876
0.134243
0.118622
0.126792
0.202847
0.173539
0.159182
0.171330
0.169131
0.131395
0.130881
0.114088
0.154564
0.119880
0.108495
0.109687
0.110590
0.121441
0.217949
0.181356
0.127018
0.144992
0.119539
0.124541
0.165057
0.111002
0.119449
0.114737
0.136420
0.129171
0.110445
0.133950
0.176700
0.169460
0.169668
0.188487
0.156483
0.120697
0.117906
0.108202
0.109410
0.111824
0.119637
0.214181
0.151396
0.198791
0.166272
0.127565
0.130450
0.137938
0.162771
0.190347
0.116728
0.110419
0.140319
0.128802
0.120999
0.191794
0.125794
0.129129
0.122589
0.145058
0.120097
0.139484
0.145033
0.120734
0.117175
0.115901
0.127529
0.227907
0.137551
0.146317
0.139088
0.112337
0.160066
0.160285
0.126849
0.119947
0.124273
0.151926
0.118832
0.162202
0.120723
0.127563
0.118213
0.111276
0.120368
0.122888
0.120522
0.115263
0.119179
0.118625
0.126597
0.180127
0.141925
0.128090
0.119945
0.116516
0.118396
0.115601
0.124222
0.120366
0.148324
0.145976
0.182373
0.232140
0.134615
0.119704
0.133623
0.195074
0.176280
0.124689
0.140370
0.126644
0.191266
0.135425
0.141034
0.113375
0.118455
0.120975
0.127740
0.123482
0.118514
0.135697
0.164770
0.122815
0.172051
0.111457
0.127018
0.120452
0.113455
0.116367
0.118978
0.154765
0.133094
0.122007
0.125732
0.137789
0.231555
0.145057
0.121777
0.116409
0.129897
0.139402
0.126618
0.142947
0.127519
0.143190
0.124021
0.143262
0.190255
0.139010
0.141807
0.142335
0.139549
0.131559
0.130767
0.149120
0.192598
0.268361
0.219287
0.209233
0.293047
0.180497
0.182857
0.236847
0.271420
0.228746
0.214369
0.229042
0.201993
0.182191
0.222230
0.255092
0.303602
0.211477
0.142627
0.186588
0.204922
0.264213
0.163138
0.183293
0.163795
0.211294
0.251208
0.183818
0.143924
0.272294
0.189783
0.193118
0.183376
0.181297
0.145196
0.276297
0.136899
0.180334
0.154754
0.259636
0.168530
0.232758
0.181740
0.259589
0.210468
0.249389
0.218178
0.175035
0.187462
0.218332
0.181844
0.188267
0.210941
0.191095
0.214425
0.275873
0.200651
0.191010
0.180073
0.195992
0.176151
0.151250
0.205436
0.179781
0.196293
0.233992
0.235713
0.195680
0.136007
0.202227
0.231228
0.225234
0.143395
0.205333
0.250262
0.182962
0.226983
0.174740
0.190547
0.179973
0.219033
0.164838
0.182016
0.330345
0.204875
0.141448
0.190484
0.175169
0.191506
0.175778
0.198168
0.176369
0.206398
0.158137
0.294785
0.193026
0.188249
0.199221
0.244265
0.211660
0.326345
0.196027
0.221667
0.199854
0.192323
0.260302
0.164947
0.184251
0.189124
0.202629
0.148666
0.195173
0.203999
0.254086
0.214926
0.160362
0.190013
0.251889
0.205371
0.145828
0.173372
0.210256
0.297108
0.213606
0.185691
0.217019
0.168189
0.153082
0.205691
0.185503
0.191903
0.168444
0.223264
0.181533
0.226519
0.135929
0.266523
0.176141
0.267264
0.199457
0.196473
0.139564
0.182802
0.137644
0.273953
0.156231
0.208671
0.183642
0.205905
0.181687
0.234818
0.235047
0.217338
0.327894
0.199456
0.205946
0.193292
0.196531
0.207811
0.274450
0.231470
0.196580
0.255130
0.201443
0.192465
0.252563
0.235868
0.205746
0.227289
0.202454
0.151831
0.194248
0.191056
0.191454
0.257292
0.237387
0.205353
0.214605
0.179780
0.274777
0.231808
0.240585
0.214717
0.219591
0.220525
0.230504
0.252536
0.195765
0.271265
0.161365
0.201373
0.197345
0.226655
0.284312
0.216034
0.196196
0.189698
0.191854
0.192616
0.177741
0.167613
0.203417
0.246585
0.178913
0.208275
0.216707
0.190950
0.199075
0.216050
0.149501
0.237596
0.234267
0.211932
0.239874
0.244695
0.210171
0.195689
0.198124
0.222061
0.250209
0.155071
0.229730
0.189061
0.346707
0.207793
0.172858
0.194494
0.185476
0.181448
0.193877
0.188603
0.164769
0.256162
0.206734
0.196043
0.186733
0.186530
0.266578
0.188834
0.207530
0.222997
0.200356
0.228657
0.174621
0.197636
0.245573
0.192430
0.202856
0.229007
0.224280
0.210474
0.186178
0.255187
0.181534
0.196479
0.194726
0.201479
0.203909
0.173429
0.188531
0.195034
0.192454
0.332386
0.161908
0.182969
0.214753
0.159995
0.231793
0.184212
0.204012
0.228478
0.261853
0.196625
0.188811
0.232950
0.190236
0.217768
0.190099
0.292209
0.218270
0.160547
0.259730
0.283453
0.201178
0.191157
0.242628
0.227788
0.191494
0.192602
0.137450
0.189832
0.192441
0.202408
0.211797
0.248653
0.243072
0.202772
0.206499
0.197888
0.212448
0.200220
0.195084
0.161158
0.293278
0.226945
0.228820
0.191772
0.219002
0.215846
0.204052
0.239328
0.188541
0.426462
0.255591
0.202592
0.225496
0.206631
0.234601
0.204036
0.225241
0.204407
0.317793
0.195567
0.188303
0.147384
0.230482
0.155960
0.215750
0.226389
0.211596
0.252237
0.221018
0.221875
0.244794
0.159648
0.191788
0.214209
0.275542
0.162959
0.188467
0.188418
0.207312
0.186134
0.210103
0.188653
0.342049
0.263520
0.188349
0.227339
0.208462
0.195251
0.208969
0.199356
0.195244
0.285460
0.192925
0.155307
0.253197
0.162378
0.190825
0.203370
0.184666
0.348231
0.192193
0.206112
0.188418
0.202787
0.211911
0.225475
0.206852
0.185605
0.251079
0.190635
0.176336
0.196615
0.206684
0.223265
0.194133
0.192019
0.272943
0.238621
0.195631
0.212490
0.211595
0.209395
0.270897
0.221645
0.172662
0.196812
0.241471
0.163458
0.207031
0.205316
0.219342
0.195016
0.180512
0.287458
0.305984
0.215255
0.215911
0.202821
0.218868
0.187197
0.188756
0.239999
0.224384
0.199225
0.210244
0.140620
0.207680
0.178312
0.220990
0.247815
0.275198
0.216777
0.199911
0.199780
0.226053
0.185959
0.200892
0.189305
0.216216
0.192400
0.199526
0.202440
0.317862
0.157528
0.208406
0.216913
0.195535
0.248171
0.209761
0.213044
0.232306
0.187772
0.277070
0.207674
0.204770
0.191892
0.276478
0.178764
0.224589
0.227140
0.209688
0.163999
0.245555
0.209977
0.211129
0.285910
0.206859
0.184547
0.204065
0.209947
0.158102
0.207724
0.323301
0.205520
0.158699
0.191684
0.200981
0.188257
0.193463
0.211762
0.262219
0.187220
0.237714
0.201060
0.190260
0.197985
0.203093
0.246932
0.211348
0.249061
0.196631
0.212907
0.156611
0.192782
0.243260
0.167675
0.184839
0.265130
0.165053
0.201799
0.210189
0.197350
0.201126
0.215884
0.216504
0.196423
0.247294
0.158805
0.199985
0.223768
0.191106
0.245731
0.237067
0.196304
0.230978
0.187793
0.204628
0.191536
0.201420
0.221793
0.224917
0.187608
0.226961
0.167374
0.252165
0.239264
0.197558
0.215504
0.196938
0.199362
0.194791
0.228471
0.221340
0.266367
0.209651
0.186196
0.227354
0.198342
0.213324
0.251545
0.292524
0.197875
0.240677
0.200696
0.243851
0.200475
0.188245
0.203146
0.184145
0.196295
0.215496
0.208253
0.272902
0.190836
0.162154
0.263300
0.191799
0.206246
0.202518
0.235923
0.167316
0.218114
0.308937
0.239850
0.203233
0.215430
0.197729
0.204431
0.195920
0.223877
0.203671
0.228855
0.286907
0.161775
0.197116
0.198015
0.202873
0.193556
0.239954
0.193445
0.316839
0.199522
0.257079
0.210471
0.195525
0.201005
0.200583
0.240110
0.198759
0.220162
0.203960
0.196267
0.215957
0.188296
0.222282
0.275034
0.297870
0.217842
0.194956
0.228470
0.250700
0.201165
0.345842
0.199595
0.215578
0.210014
0.191651
0.196876
0.232535
0.255122
0.167382
0.199020
0.193488
0.206604
0.186509
0.203678
0.213173
0.282107
0.252545
0.338226
0.211085
0.227010
0.264827
0.219837
0.202020
0.239650
0.242322
0.307244
0.210119
0.224809
0.215378
0.217737
0.266330
0.220202
0.244487
0.147701
0.220021
0.207146
0.212572
0.199582
0.207242
0.201245
0.255623
0.255421
0.278782
0.211504
0.231804
0.216635
0.225899
0.249388
0.199847
0.216508
0.225503
0.210899
0.193965
0.204815
0.236202
0.208104
0.213177
0.212089
0.226980
0.201558
0.229350
0.190510
0.232068
0.223875
0.268486
0.209365
0.193042
0.198714
0.226614
0.177897
0.235827
0.313430
0.376738
0.204515
0.208217
0.199738
0.198098
0.208330
0.183360
0.272034
0.225385
0.202702
0.205327
0.217185
0.209642
0.215479
0.214616
0.301400
0.241802
0.218185
0.220206
0.240432
0.204360
0.201588
0.270831
0.204710
0.217895
0.202028
0.154124
0.200392
0.231862
0.246747
0.200518
0.213684
0.202039
0.205880
0.207024
0.149900
0.206873
0.202446
0.206807
0.280813
0.204369
0.217424
0.202767
0.209314
0.165139
0.198917
0.199314
0.264519
0.248883
0.216178
0.239760
0.205125
0.202653
0.190928
0.231483
0.153312
0.199351
0.227593
0.208679
0.182224
0.211396
0.211597
0.259328
0.220001
0.273818
0.279495
0.263815
0.215048
0.210873
0.273361
0.205368
0.202123
0.205747
0.204337
0.201075
0.196056
0.270259
0.205130
0.200516
0.212291
0.211768
0.194042
0.231362
0.211827
0.245883
0.258157
0.232920
0.206772
0.239394
0.208876
0.305350
0.167336
0.212929
0.218500
0.224038
0.170725
0.217034
0.218139
0.254007
0.207147
0.216856
0.235809
0.165551
0.198002
0.202219
0.275022
0.175656
0.219585
0.186208
0.175393
0.207944
0.206738
0.223015
0.226295
0.197017
0.231718
0.173609
0.227472
0.194394
0.286639
0.206108
0.219233
0.228121
0.204967
0.190236
0.212116
0.217053
0.265863
0.240974
0.206806
0.212612
0.200022
0.207501
0.200328
0.312023
0.159569
0.216676
0.160613
0.176718
0.223011
0.214329
0.271354
0.216166
0.235338
0.212884
0.175687
0.197807
0.203289
0.291185
0.204184
0.215141
0.220565
0.220999
0.168641
0.207724
0.215927
0.248693
0.220171
0.161976
0.209984
0.211511
0.234902
0.241361
0.257035
0.199123
0.201749
0.202399
0.243397
0.242527
0.206031
0.244690
0.223955
0.264237
0.221817
0.214937
0.214803
0.203826
0.331450
0.209884
0.218342
0.186585
0.207420
0.205189
0.211441
0.181820
0.256740
0.206265
0.201905
0.199474
0.207101
0.214085
0.202452
0.236354
0.198867
0.220710
0.188203
0.217917
0.203023
0.206420
0.279038
0.225754
0.329560
0.316408
0.271928
0.212915
0.239071
0.251873
0.160668
0.183811
0.162673
0.160303
0.143253
0.163420
0.154234
0.205338
0.181277
0.156038
0.146077
0.187299
0.174202
0.153887
0.207972
0.151871
0.158391
0.151361
0.153334
0.165145
0.175524
0.227494
0.143771
0.159219
0.160948
0.194646
0.177539
0.161656
0.206612
0.143038
0.153524
0.179691
0.185085
0.183004
0.186634
0.220639
0.267977
0.212552
0.204144
0.246279
0.204234
0.224627
0.228705
0.398528
0.196873
0.189872
0.206678
0.205694
0.253526
0.233918
0.285120
0.220542
0.254396
0.243746
0.208161
0.189880
0.202709
0.273878
0.217683
0.205957
0.256660
0.255596
0.226769
0.171241
0.215562
0.300486
0.189697
0.185281
0.191516
0.251074
0.259950
0.238510
0.223866
0.215636
0.221913
0.181530
0.209992
0.235479
0.272276
0.273982
0.177628
0.231064
0.322684
0.267305
0.258891
0.259273
0.290129
0.191672
0.217066
0.207436
0.241755
0.171324
0.272222
0.295361
0.164126
0.209679
0.241060
0.218582
0.176591
0.209956
0.267946
0.264528
0.170162
0.155208
0.219081
0.146677
0.305142
0.220438
0.227337
0.159512
0.145969
0.147720
0.186924
0.146417
0.159983
0.160696
0.168630
0.184926
0.155628
0.251475
0.173448
0.233907
0.195916
0.146535
0.149613
0.188904
0.161871
0.217048
0.154341
0.150540
0.149790
0.252406
0.226418
0.192151
0.202499
0.167903
0.179671
0.206851
0.231126
0.152295
0.159944
0.172011
0.220330
0.193280
0.261355
0.154228
0.149150
0.158849
0.172090
0.157160
0.242843
0.211554
0.244185
0.165704
0.166429
0.168827
0.193554
0.190675
0.158424
0.151451
0.230160
0.262467
0.165716
0.220430
0.164130
0.222803
0.172379
0.155380
0.150261
0.189828
0.148346
0.241732
0.192034
0.219761
0.167617
0.215671
0.227556
0.167455
0.149655
0.149565
0.184965
0.253907
0.269759
0.164038
0.174412
0.166924
0.221752
0.162315
0.255006
0.150764
0.223874
0.214723
0.168544
0.165874
0.161789
0.298201
0.171019
0.213033
0.211116
0.217585
0.205570
0.213248
0.153907
0.209586
0.176327
0.161153
0.204456
0.257113
0.231459
0.178949
0.163834
0.209184
0.151744
0.222468
0.266451
0.203856
0.157690
0.186849
0.160130
0.167064
0.208159
0.250411
0.205586
0.187444
0.195197
0.170079
0.216750
0.172159
0.218421
0.211032
0.203151
0.241196
0.166522
