1.043685
0.033650
0.053060
0.019083
0.068998
0.061929
0.066123
0.051962
0.073653
0.064822
0.057476
0.073938
0.019736
0.021420
0.019231
0.022290
0.019893
0.076466
0.067764
0.026802
0.103752
0.051865
0.022951
0.074357
0.109525
0.021638
0.042604
0.017864
0.024923
0.082012
0.054358
0.078498
0.075763
0.078241
0.072258
0.069465
0.074101
0.022600
0.024691
0.023339
0.097385
0.076258
0.077319
0.063101
0.089492
0.047885
0.079000
0.064773
0.061470
0.044545
0.021542
0.021717
0.020899
0.020468
0.075477
0.040534
0.025871
0.078276
0.067492
0.044504
0.109258
0.071399
0.062774
0.099190
0.070042
0.075138
0.077394
0.065604
0.092656
0.077247
0.030165
0.079184
0.053692
0.076881
0.064943
0.133125
0.131947
0.128135
0.127856
0.119626
0.145920
0.119851
0.111741
0.117909
0.087961
0.086060
0.099456
0.094759
0.084598
0.033798
0.090847
0.091323
0.084509
0.071231
0.075307
0.102692
0.092070
0.082852
0.074028
0.091269
0.133479
0.024783
0.091541
0.074276
0.075862
0.040919
0.090156
0.096563
0.116374
0.082047
0.094898
0.092321
0.075959
0.051112
0.100288
0.092971
0.089405
0.084819
0.031337
0.088152
0.142511
0.087291
0.065213
0.109918
0.094085
0.085400
0.038763
0.092655
0.093842
0.095861
0.078089
0.051269
0.091744
0.092844
0.087023
0.029900
0.092389
0.082801
0.053846
0.093199
0.118474
0.073588
0.089247
0.091977
0.077985
0.089643
0.135386
0.086205
0.075849
0.088985
0.092775
0.086565
0.077501
0.091879
0.096308
0.086486
0.087998
0.095628
0.075787
0.073477
0.135043
0.089965
0.087529
0.097284
0.095140
0.074129
0.029320
0.104224
0.091984
0.082700
0.088353
0.102903
0.083455
0.088151
0.093481
0.096844
0.081512
0.084337
0.030484
0.099080
0.110607
0.093833
0.092759
0.076109
0.081368
0.083126
0.092300
0.086876
0.074918
0.098955
0.033175
0.092071
0.077780
0.096298
0.072999
0.096736
0.092751
0.043400
0.086130
0.064189
0.036760
0.026648
0.026094
0.029578
0.026351
0.025021
0.026845
0.025504
0.028311
0.025425
0.025281
0.030345
0.028569
0.025491
0.029883
0.027078
0.025975
0.027587
0.024679
0.028033
0.032974
0.031221
0.027140
0.028597
0.026211
0.025679
0.025295
0.025958
0.024503
0.024132
0.028072
0.026399
0.024956
0.026120
0.025103
0.028049
0.026288
0.029269
0.033744
0.030956
0.036091
0.026701
0.026406
0.026814
0.028201
0.042274
0.037874
0.028847
0.028762
0.029672
0.026613
0.041338
0.026740
0.034795
0.034607
0.028268
0.031721
0.029761
0.028591
0.028443
0.033867
0.027916
0.028361
0.032552
0.025837
0.034484
0.031621
0.031428
0.028348
0.026684
0.029623
0.027858
0.027395
0.033095
0.032831
0.029643
0.048746
0.037064
0.039534
0.034019
0.035025
0.029379
0.030877
0.028572
0.035215
0.031475
0.030649
0.029467
0.031883
0.033120
0.035011
0.028208
0.030044
0.027910
0.030090
0.027974
0.031705
0.037213
0.030981
0.030138
0.042168
0.027457
0.027915
0.035582
0.030314
0.030726
0.028956
0.030564
0.030534
0.029178
0.029779
0.032902
0.035163
0.029057
0.032064
0.029498
0.029805
0.032842
0.034129
0.032670
0.038823
0.028527
0.030283
0.028511
0.033694
0.038560
0.032457
0.050196
0.028356
0.030416
0.029921
0.037531
0.044408
0.036467
0.043645
0.032744
0.032534
0.030151
0.029805
0.031668
0.040131
0.038929
0.034009
0.034931
0.031367
0.032842
0.032146
0.035591
0.039896
0.030661
0.032137
0.030984
0.033436
0.044441
0.031289
0.035534
0.030452
0.032335
0.031203
0.028925
0.040409
0.042557
0.029604
0.031671
0.033086
0.032068
0.034971
0.036422
0.031915
0.031163
0.034911
0.034663
0.032938
0.039783
0.034530
0.039705
0.030951
0.035274
0.031539
0.031183
0.037282
0.032819
0.034040
0.031209
0.039851
0.036343
0.039635
0.048510
0.033476
0.032352
0.029734
0.035318
0.033959
0.041197
0.040878
0.041906
0.046795
0.033932
0.032130
0.032804
0.037373
0.037530
0.036171
0.039793
0.041406
0.036450
0.033009
0.036743
0.042170
0.036540
0.031059
0.033545
0.030825
0.034610
0.035008
0.030941
0.032721
0.032897
0.032706
0.033979
0.035913
0.032423
0.034395
0.034665
0.033327
0.035909
0.034381
0.039719
0.038424
0.035843
0.040578
0.032971
0.033935
0.033221
0.033664
0.034019
0.035094
0.033517
0.033437
0.040951
0.039541
0.035149
0.033801
0.034196
0.037428
0.038644
0.033809
0.034678
0.033760
0.033056
0.038211
0.038025
0.037546
0.033494
0.033009
0.036006
0.036927
0.036851
0.037614
0.035400
0.044544
0.053134
0.036288
0.034584
0.039141
0.037735
0.038933
0.034665
0.036221
0.035136
0.045422
0.034945
0.038032
0.037073
0.036718
0.040099
0.034930
0.037797
0.038856
0.037838
0.042101
0.039008
0.036819
0.033000
0.035725
0.035289
0.037917
0.036076
0.038344
0.037374
0.039647
0.035354
0.035766
0.047467
0.039721
0.036399
0.036986
0.036113
0.040007
0.043758
0.041386
0.037946
0.035148
0.041113
0.059885
0.039103
0.041085
0.034369
0.034979
0.038247
0.036192
0.039130
0.043362
0.051711
0.053470
0.040630
0.043904
0.048117
0.039286
0.036919
0.044820
0.035779
0.040554
0.040190
0.056295
0.061768
0.051995
0.040723
0.035804
0.037102
0.052167
0.039505
0.037987
0.038646
0.041968
0.044857
0.035655
0.036290
0.033836
0.036381
0.047560
0.041098
0.037172
0.037374
0.038998
0.038410
0.038537
0.040705
0.039356
0.038275
0.042017
0.036894
0.039302
0.041924
0.039536
0.036878
0.038838
0.037213
0.038164
0.046635
0.045282
0.041401
0.041106
0.039997
0.041454
0.038349
0.048051
0.050431
0.039879
0.037328
0.041943
0.036651
0.038734
0.046180
0.038321
0.042275
0.040487
0.037623
0.038372
0.038918
0.042351
0.038521
0.039250
0.039858
0.040571
0.040078
0.056563
0.041783
0.047851
0.042538
0.039488
0.045158
0.044296
0.044658
0.036924
0.103644
0.037788
0.040864
0.045169
0.040294
0.055745
0.052244
0.041993
0.046307
0.042863
0.044403
0.045215
0.043195
0.044201
0.043171
0.042178
0.040316
0.047107
0.043865
0.041893
0.039995
0.042133
0.039483
0.039045
0.039980
0.058241
0.043042
0.042887
0.040669
0.053719
0.042632
0.040027
0.039948
0.041162
0.041252
0.051658
0.041514
0.042902
0.038418
0.042121
0.047090
0.043516
0.040722
0.043733
0.042152
0.046379
0.044292
0.048464
0.046149
0.042258
0.043360
0.044243
0.044899
0.041449
0.041454
0.042665
0.040513
0.038143
0.038372
0.046475
0.041371
0.044120
0.041320
0.043589
0.045010
0.046060
0.039745
0.042872
0.041003
0.041944
0.046978
0.043673
0.044370
0.045828
0.043867
0.045318
0.041612
0.041475
0.047646
0.043483
0.043781
0.047921
0.043878
0.042185
0.040556
0.051018
0.039371
0.042449
0.059560
0.045291
0.057051
0.068294
0.091507
0.078367
0.051816
0.048872
0.048165
0.043608
0.047721
0.047594
0.046195
0.049582
0.041543
0.050564
0.040225
0.057286
0.043618
0.056394
0.050936
0.059924
0.058182
0.044106
0.049185
0.043973
0.043702
0.050165
0.075819
0.043144
0.044139
0.043386
0.047816
0.045685
0.055350
0.054570
0.052948
0.060311
0.044402
0.051661
0.047850
0.046331
0.055809
0.043624
0.048025
0.046888
0.047549
0.044584
0.046511
0.051112
0.046709
0.047738
0.054804
0.047768
0.044861
0.048233
0.047657
0.051209
0.051660
0.049598
0.049112
0.043591
0.056433
0.057047
0.056220
0.056779
0.059470
0.052877
0.050888
0.065620
0.098239
0.053810
0.063875
0.054692
0.044894
0.047248
0.048101
0.052958
0.046446
0.050314
0.045630
0.044207
0.045337
0.052475
0.049534
0.059940
0.061045
0.056215
0.054356
0.056779
0.057111
0.053936
0.046730
0.054212
0.049557
0.047532
0.047163
0.050638
0.045020
0.043664
0.046254
0.044592
0.043357
0.043360
0.051915
0.057580
0.058306
0.062941
0.051637
0.049392
0.045384
0.052025
0.044701
0.047748
0.053574
0.068157
0.048732
0.057834
0.049058
0.054278
0.054440
0.049981
0.054235
0.050501
0.050234
0.052535
0.055622
0.050494
0.051933
0.052462
0.048576
0.044327
0.049802
0.049264
0.048776
0.046127
0.048297
0.070580
0.048403
0.054244
0.048084
0.049193
0.052396
0.063994
0.051664
0.087298
0.094057
0.082053
0.055666
0.054997
0.051370
0.060205
0.082116
0.060202
0.050750
0.048516
0.064358
0.070111
0.099007
0.082805
0.108958
0.079236
0.106825
0.124113
0.110155
0.096840
0.130647
0.114703
0.092074
0.109584
0.162481
0.138941
0.085902
0.128280
0.137149
0.132586
0.121745
0.124432
0.123908
0.112341
0.110891
0.079826
0.111080
0.129181
0.111466
0.115744
0.118167
0.101853
0.089206
0.073626
0.119000
0.109339
0.112347
0.112414
0.076444
0.085788
0.104319
0.142129
0.071262
0.092480
0.105675
0.117218
0.113600
0.064690
0.106707
0.099357
0.110717
0.142404
0.108051
0.086876
0.119424
0.057164
0.109308
0.107688
0.106158
0.055123
0.150534
0.137888
0.113507
0.111693
0.117184
0.097979
0.105205
0.118869
0.131284
0.110683
0.110944
0.086170
0.104678
0.096076
0.098086
0.113652
0.091863
0.105624
0.111894
0.112042
0.115977
0.134891
0.108175
0.110354
0.055708
0.118190
0.105606
0.105819
0.108962
0.080904
0.102830
0.116228
0.114255
0.112160
0.080604
0.247634
0.212744
0.122066
0.115503
0.114261
0.100238
0.138791
0.112436
0.132255
0.080875
0.093604
0.127869
0.111881
0.107969
0.058814
0.106241
0.108449
0.076813
0.107887
0.082000
0.109058
0.109715
0.060479
0.107905
0.103954
0.068648
0.129991
0.107657
0.074366
0.148017
0.101972
0.117706
0.103636
0.113078
0.107762
0.128259
0.087622
0.165433
0.074570
0.123986
0.110868
0.124629
0.123679
0.183121
0.133124
0.110610
0.108900
0.120489
0.111511
0.114605
0.112445
0.114998
0.113115
0.099593
0.112375
0.128092
0.117470
0.062617
0.091170
0.066878
0.116770
0.129810
0.110892
0.108888
0.079950
0.111931
0.141721
0.103097
0.091855
0.113477
0.117243
0.064466
0.063990
0.110048
0.123649
0.100515
0.111677
0.105006
0.115370
0.096977
0.112291
0.119403
0.117845
0.075311
0.118104
0.115712
0.136782
0.115892
0.115601
0.146316
0.104464
0.121038
0.117907
0.068827
0.110490
0.115858
0.119281
0.123133
0.078043
0.132961
0.088486
0.121598
0.123407
0.113620
0.135129
0.070060
0.146934
0.114398
0.126481
0.108427
0.091568
0.116392
0.119091
0.162141
0.193648
0.127108
0.131608
0.119203
0.111499
0.077553
0.123411
0.094810
0.120200
0.121937
0.115332
0.119130
0.149056
0.123960
0.070127
0.116956
0.127520
0.108703
0.097624
0.126461
0.120047
0.143269
0.114423
0.107632
0.140540
0.120159
0.071787
0.107886
0.094437
0.125913
0.116102
0.116617
0.147571
0.127243
0.108384
0.116082
0.126232
0.119792
0.139127
0.125102
0.121905
0.120144
0.125058
0.119270
0.113636
0.131842
0.129089
0.124503
0.119931
0.103501
0.120398
0.115006
0.150023
0.135014
0.133543
0.124825
0.113125
0.085694
0.135849
0.127865
0.121802
0.118470
0.087866
0.121306
0.154741
0.130378
0.165009
0.200644
0.118905
0.074356
0.131759
0.119461
0.161341
0.153643
0.138600
0.110481
0.092363
0.144348
0.120910
0.133996
0.128039
0.106010
0.067472
0.119931
0.119922
0.124113
0.090952
0.132558
0.116535
0.119275
0.117881
0.118656
0.073465
0.132669
0.119054
0.078018
0.114132
