7.533777
0.061648
0.069238
0.066234
0.066508
0.018239
0.081526
0.071510
0.021646
0.034576
0.090550
0.078608
0.028437
0.083076
0.068141
0.035725
0.029097
0.081905
0.076048
0.063401
0.029730
0.084440
0.080705
0.069999
0.056563
0.031682
0.069328
0.074173
0.076415
0.075114
0.072725
0.080632
0.082675
0.075498
0.040519
0.075814
0.067313
0.083127
0.084394
0.089223
0.043726
0.096414
0.064922
0.071751
0.076151
0.084419
0.081516
0.080196
0.080512
0.026214
0.081958
0.075227
0.074762
0.044204
0.079267
0.076469
0.081567
0.081001
0.025546
0.084026
0.103065
0.076768
0.027792
0.078194
0.077942
0.079025
0.077738
0.061399
0.028478
0.088629
0.071828
0.067694
0.075506
0.059299
0.083218
0.079648
0.137173
0.094720
0.069250
0.027711
0.036520
0.026383
0.072164
0.077353
0.077198
0.079093
0.081345
0.080265
0.036731
0.088100
0.075365
0.033834
0.024266
0.077696
0.074388
0.077214
0.081365
0.083789
0.081292
0.084096
0.037755
0.086394
0.088022
0.082328
0.082122
0.048950
0.085047
0.075540
0.073263
0.069826
0.083500
0.080667
0.086998
0.064497
0.085156
0.059615
0.037416
0.115813
0.082469
0.081095
0.112828
0.072671
0.085537
0.071990
0.062697
0.078822
0.079745
0.086193
0.032685
0.086266
0.077158
0.069975
0.045194
0.068725
0.086745
0.086990
0.085243
0.078742
0.086598
0.088355
0.111905
0.044605
0.078801
0.088583
0.083867
0.084956
0.083304
0.072490
0.071534
0.026825
0.082577
0.082831
0.083273
0.084395
0.066196
0.090666
0.077961
0.081210
0.086495
0.081862
0.116750
0.054230
0.083985
0.086356
0.055985
0.035536
0.080796
0.085417
0.069251
0.095552
0.086306
0.082010
0.082853
0.084741
0.085743
0.082074
0.076893
0.087650
0.077952
0.030340
0.109674
0.081634
0.085092
0.096963
0.051494
0.088393
0.051083
0.082322
0.081851
0.030113
0.089421
0.032651
0.075648
0.092005
0.084693
0.085811
0.031918
0.089646
0.087188
0.081746
0.096909
0.051011
0.077258
0.083591
0.086154
0.025310
0.090839
0.074721
0.054096
0.033028
0.082402
0.089627
0.082891
0.052146
0.103856
0.074709
0.062373
0.067554
0.083659
0.081958
0.117050
0.085436
0.088986
0.089106
0.080978
0.054287
0.082773
0.094733
0.086795
0.104610
0.151665
0.155532
0.086298
0.044585
0.084401
0.082746
0.090394
0.085337
0.085357
0.086535
0.119668
0.097558
0.079484
0.074160
0.102122
0.206235
0.117234
0.051419
0.111425
0.146510
0.106999
0.038560
0.075143
0.082099
0.084749
0.087924
0.085205
0.089281
0.075950
0.032807
0.112512
0.085969
0.086785
0.090943
0.092700
0.082353
0.072458
0.083683
0.087825
0.097229
0.098013
0.080085
0.032532
0.082974
0.098828
0.104172
0.091331
0.090712
0.083946
0.086724
0.133556
0.147694
0.041021
0.097920
0.082811
0.085966
0.054674
0.090574
0.073431
0.083626
0.073482
0.092588
0.053686
0.095834
0.088907
0.081633
0.088592
0.090743
0.087833
0.121479
0.118531
0.085999
0.086749
0.091538
0.031620
0.087187
0.079626
0.084049
0.087905
0.089859
0.090336
0.089611
0.046791
0.104822
0.097000
0.078363
0.079228
0.035756
0.090533
0.096286
0.124898
0.093553
0.084987
0.090268
0.083731
0.091019
0.035440
0.086122
0.091412
0.086051
0.091672
0.067998
0.039943
0.081499
0.070070
0.054464
0.033971
0.080335
0.087948
0.091040
0.131241
0.085233
0.087700
0.087300
0.082901
0.088786
0.086679
0.094576
0.090288
0.096607
0.091986
0.088821
0.088919
0.093368
0.082525
0.045071
0.090088
0.089139
0.089260
0.079590
0.076108
0.035289
0.087097
0.097384
0.093037
0.089687
0.089808
0.056447
0.050015
0.086534
0.036507
0.075188
0.075961
0.090453
0.045178
0.089854
0.098373
0.091427
0.088044
0.091227
0.110770
0.090247
0.076329
0.098671
0.106803
0.105909
0.089005
0.117232
0.087624
0.087335
0.091114
0.090524
0.097084
0.093067
0.035267
0.095162
0.076500
0.059991
0.039307
0.089641
0.124965
0.091615
0.088157
0.070485
0.102018
0.086200
0.088404
0.088656
0.091797
0.093749
0.099361
0.081719
0.086812
0.042034
0.038554
0.091695
0.099690
0.054136
0.097574
0.087348
0.122957
0.125239
0.099451
0.099204
0.094601
0.050193
0.089775
0.121385
0.132946
0.103480
0.092224
0.096577
0.084945
0.090657
0.087844
0.093498
0.096987
0.091182
0.040162
0.090271
0.123111
0.081765
0.081857
0.093117
0.089743
0.091165
0.054580
0.096225
0.073982
0.061926
0.063399
0.092901
0.090159
0.096748
0.094207
0.094895
0.090263
0.041337
0.036535
0.092552
0.125255
0.092935
0.039218
0.090577
0.106894
0.088369
0.093163
0.095518
0.046816
0.100081
0.094986
0.091548
0.098220
0.038769
0.097059
0.091958
0.081178
0.090823
0.094570
0.094311
0.138901
0.093522
0.058452
0.085976
0.099980
0.095508
0.062022
0.100426
0.107360
0.082707
0.094476
0.096479
0.091725
0.102651
0.089910
0.048414
0.095115
0.094687
0.069926
0.094989
0.104517
0.041508
0.097418
0.098232
0.149266
0.101543
0.096992
0.054222
0.093884
0.104634
0.041486
0.095002
0.102070
0.086587
0.090584
0.120873
0.113779
0.096700
0.084701
0.100215
0.129457
0.088078
0.109294
0.097471
0.098522
0.093817
0.088661
0.099604
0.101946
0.102652
0.099288
0.100829
0.100065
0.090623
0.037989
0.098662
0.093301
0.091575
0.048638
0.099053
0.128391
0.067403
0.096678
0.093958
0.050904
0.094850
0.084324
0.094636
0.052648
0.104902
0.082935
0.098096
0.099812
0.100922
0.094597
0.100703
0.094384
0.083659
0.100623
0.106342
0.124377
0.099053
0.093596
0.099438
0.100637
0.111392
0.103241
0.082934
0.107508
0.106242
0.097688
0.115121
0.093304
0.097167
0.094957
0.100103
0.099962
0.086949
0.096963
0.104395
0.125839
0.100081
0.090913
0.076651
0.096598
0.094260
0.096815
0.101100
0.099526
0.047128
0.099983
0.095746
0.079298
0.099099
0.045565
0.095264
0.095817
0.107533
0.101379
0.099268
0.058233
0.097798
0.098712
0.112519
0.089064
0.088755
0.096798
0.097877
0.099638
0.096706
0.107072
0.093271
0.096102
0.095660
0.060678
0.095021
0.098656
0.087384
0.095091
0.099576
0.119908
0.103240
0.096516
0.106826
0.100116
0.103478
0.088223
0.060532
0.098537
0.099345
0.104368
0.103158
0.069746
0.094645
0.099080
0.101426
0.052545
0.098537
0.100618
0.075762
0.135424
0.090074
0.107591
0.045347
0.037909
0.042552
0.044403
0.046923
0.045044
0.044375
0.090551
0.104156
0.113340
0.100623
0.104043
0.127232
0.098121
0.103865
0.161686
0.103264
0.116023
0.105214
0.092575
0.121836
0.090304
0.115038
0.103619
0.093163
0.101503
0.099557
0.045582
0.039596
0.040197
0.090904
0.101808
0.097028
0.110072
0.137868
0.088966
0.048552
0.058105
0.098724
0.095844
0.081511
0.098805
0.101156
0.049674
0.087102
0.090139
0.102434
0.101992
0.043973
0.043476
0.046862
0.041022
0.042307
0.045306
0.051214
0.044419
0.042349
0.135617
0.101125
0.102105
0.097790
0.111243
0.084325
0.085871
0.095739
0.100995
0.103536
0.080948
0.046651
0.090934
0.046638
0.104962
0.049310
0.103479
0.099013
0.067223
0.048686
0.051549
0.046550
0.048002
0.044867
0.050487
0.086562
0.102816
0.116995
0.051568
0.102101
0.097261
0.101915
0.102015
0.104538
0.061933
0.097884
0.103772
0.104573
0.121269
0.147601
0.207558
0.099344
0.128850
0.050048
0.129608
0.109628
0.111202
0.092281
0.109944
0.134252
0.133345
0.106717
0.125955
0.254539
0.195405
0.209314
0.122922
0.210245
0.114396
0.139314
0.165671
0.147349
0.157781
0.120363
0.096216
0.115485
0.104792
0.121162
0.125946
0.097005
0.117863
0.111699
0.095138
0.115134
0.114374
0.113874
0.118760
0.109280
0.068131
0.110255
0.169987
0.108312
0.099191
0.108668
0.123715
0.112073
0.112880
0.088566
0.064357
0.102824
0.109074
0.113167
0.108093
0.120536
0.057358
0.124056
0.114357
0.108692
0.055638
0.100266
0.123309
0.117153
0.109368
0.055164
0.126016
0.097747
0.110568
0.105346
0.110049
0.057473
0.101131
0.108859
0.120865
0.113861
0.109949
0.062820
0.104221
0.113028
0.095329
0.109725
0.139238
0.105273
0.102911
0.104813
0.076682
0.104634
0.103980
0.115955
0.104908
0.114756
0.102062
0.057885
0.108864
0.114117
0.109384
0.111057
0.107705
0.055876
0.108141
0.103172
0.144487
0.103603
0.118141
0.065393
0.104783
0.106436
0.109753
0.073746
0.112335
0.098945
0.080095
0.120388
0.104690
0.105872
0.061555
0.117487
0.101312
0.107595
0.101344
0.110594
0.138169
0.109765
0.109328
0.098634
0.103040
0.103415
0.109032
0.080415
0.051577
0.113170
0.108393
0.108579
0.121536
0.064299
0.110889
0.100129
0.112022
0.110924
0.108313
0.104915
0.127059
0.058355
0.108206
0.125342
0.110882
0.068761
0.098282
0.059331
0.097494
0.097370
0.107512
0.046268
