118	69	114	162
114	59	118	154
114	57	118	166
112	58	120	155
112	57	123	160
113	57	120	155
114	55	115	161
116	55	117	159
115	55	118	166
113	56	117	158
112	56	121	165
112	58	122	161
112	58	118	163
109	58	116	156
108	62	119	154
106	60	122	155
108	61	115	162
102	62	120	164
100	63	119	159
97	63	116	164
92	64	117	158
90	65	120	157
93	64	113	145
87	62	114	141
86	61	119	139
88	60	115	138
93	61	111	131
86	63	116	128
86	61	117	126
92	55	107	131
89	54	114	130
88	57	112	115
88	53	112	115
88	52	111	117
86	52	115	121
89	52	112	124
89	51	114	126
91	55	112	111
91	53	112	115
92	54	112	119
96	52	110	119
91	50	116	132
96	49	115	127
101	52	114	131
101	53	115	114
102	53	116	117
105	51	116	117
108	51	116	127
114	52	109	117
118	51	108	115
115	54	112	110
121	51	108	118
123	55	108	114
118	54	117	117
123	52	115	123
123	54	114	132
129	51	112	130
128	55	108	124
129	55	109	126
129	58	113	124
130	59	110	129
127	59	111	134
130	67	108	129
130	64	113	137
128	64	113	142
133	67	108	141
130	66	110	144
132	66	114	151
129	70	120	149
128	69	122	155
129	66	119	156
129	66	119	168
130	67	120	164
136	67	112	159
134	68	114	158
132	68	116	161
129	68	123	165
128	67	123	162
130	67	118	160
129	67	121	159
128	67	114	152
126	66	118	146
125	64	113	146
126	65	117	157
128	65	117	152
128	64	116	154
126	63	113	149
136	62	105	167
127	60	115	175
150	64	85	165
151	63	80	152
152	65	79	152
150	64	83	156
147	66	80	152
147	65	79	164
146	67	79	159
146	68	77	156
143	68	79	151
142	66	81	167
142	66	80	166
142	66	77	172
142	67	78	169
143	69	73	165
142	69	79	161
142	69	76	156
144	68	71	159
143	68	75	161
143	67	74	167
141	70	77	148
144	68	71	158
144	69	70	154
143	71	74	149
142	70	76	154
143	69	73	154
142	70	75	145
142	69	77	152
141	69	73	155
142	68	76	166
142	71	73	153
139	70	81	153
140	68	79	156
140	69	77	148
141	68	73	157
140	70	77	149
139	68	79	156
141	67	72	166
141	70	75	150
139	70	79	150
137	69	80	156
137	69	82	156
137	67	82	158
139	68	78	154
138	68	80	156
139	67	76	156
138	69	78	151
136	68	81	149
136	66	82	153
133	65	87	159
129	64	89	159
126	65	94	166
123	65	94	165
120	64	99	165
117	69	101	160
112	63	107	162
107	66	114	166
103	63	117	163
105	64	117	155
103	63	115	167
100	64	122	165
98	64	124	158
103	65	119	154
97	65	122	162
98	67	123	155
103	65	112	155
103	67	115	151
101	64	113	157
99	63	115	157
99	64	119	159
97	64	122	156
101	64	119	159
100	63	117	163
96	61	118	174
96	60	120	167
99	64	114	152
97	63	120	162
96	62	123	173
97	62	120	168
98	65	123	150
101	65	118	145
100	64	119	139
101	64	120	147
105	63	109	154
102	65	110	157
101	62	109	158
99	61	115	159
101	62	111	149
101	63	111	148
103	63	101	150
104	66	89	150
99	66	106	152
102	67	88	151
99	69	99	158
100	73	89	155
104	70	75	155
107	72	73	150
106	73	74	153
102	73	81	154
107	77	69	144
103	75	73	149
111	74	64	152
108	81	64	143
111	80	62	145
114	81	57	145
113	75	60	150
113	74	60	153
110	76	64	151
111	76	63	154
109	76	66	153
109	78	65	148
114	78	58	149
105	74	73	157
111	77	60	151
112	77	60	149
109	76	65	152
112	79	60	148
108	75	67	154
109	78	64	152
107	77	66	152
108	78	66	152
109	80	63	153
111	82	60	148
112	84	58	147
107	81	67	154
109	84	62	151
109	87	63	147
110	85	62	150
109	85	65	148
107	87	69	147
105	86	72	149
109	82	66	153
103	77	79	157
98	75	93	160
95	69	111	171
96	70	100	142
95	63	111	150
97	59	113	143
99	56	109	146
99	51	112	154
103	50	110	153
104	48	110	156
104	46	115	156
102	44	119	161
105	42	113	150
105	42	115	153
102	43	123	140
100	40	120	142
102	38	118	157
100	42	117	152
103	46	115	153
103	47	118	153
100	45	120	161
99	43	127	177
98	44	125	181
98	44	126	187
100	47	123	170
102	49	125	166
103	51	119	154
104	50	123	157
105	49	120	165
104	53	122	155
106	51	117	163
107	54	121	156
107	53	118	159
107	51	122	170
108	55	118	156
106	56	119	159
108	59	121	153
107	57	120	161
108	57	116	158
105	58	121	163
104	59	122	162
108	60	114	165
104	63	121	154
105	62	121	160
107	62	116	165
107	63	112	163
104	65	119	155
105	65	117	159
105	65	123	157
105	63	123	168
104	60	120	164
107	60	119	157
108	60	115	148
106	62	113	139
108	63	113	137
104	63	118	134
105	67	113	130
104	65	116	128
105	65	112	131
107	64	108	133
103	65	116	127
102	67	113	132
105	68	109	124
101	66	112	134
94	67	118	127
99	69	111	124
100	70	110	121
98	70	109	119
99	71	113	119
98	68	110	119
100	70	108	119
95	67	114	136
100	69	111	127
100	69	108	121
95	71	112	117
96	71	114	115
98	70	110	121
93	69	116	127
94	69	116	123
97	73	110	112
94	71	113	116
95	72	112	116
96	72	111	113
94	73	111	113
96	74	110	111
93	71	114	115
91	71	117	128
93	75	115	115
97	70	111	117
92	70	117	124
99	70	107	116
94	72	114	114
94	70	116	118
99	71	110	118
96	70	111	120
93	68	117	121
95	70	116	120
96	68	114	125
99	67	110	127
94	67	116	127
98	65	112	134
92	63	120	141
93	62	118	150
96	63	115	155
97	66	116	160
96	67	116	164
91	68	120	161
91	66	121	170
93	65	118	158
90	64	117	161
92	64	118	161
89	65	119	155
88	66	119	157
88	65	121	162
85	63	119	157
89	64	117	162
85	62	117	163
83	63	125	164
86	64	121	159
84	62	118	164
86	64	114	166
85	67	115	156
81	67	117	159
77	65	120	171
75	67	119	165
73	68	121	160
70	66	118	161
75	67	114	163
73	67	114	168
75	66	112	165
77	67	107	149
83	66	103	156
88	64	95	171
88	60	93	164
91	64	91	155
96	68	86	155
98	65	82	154
97	64	84	162
97	63	84	161
96	64	85	154
98	65	82	157
97	64	83	158
97	62	84	161
97	61	83	168
96	63	83	162
95	62	84	157
94	63	90	154
95	64	87	156
98	62	85	166
99	61	84	171
99	62	87	174
98	62	90	169
100	65	88	156
104	61	81	168
103	63	85	158
106	62	83	161
108	62	80	168
107	64	83	153
108	62	84	168
108	63	83	161
110	62	83	169
109	62	83	158
111	61	81	151
112	59	80	161
111	58	85	164
112	58	82	156
111	55	86	169
113	55	82	164
112	55	86	170
114	55	81	169
114	57	83	159
114	55	82	161
116	56	81	155
115	56	82	160
114	55	82	166
113	54	88	163
112	53	88	167
112	54	89	164
111	54	90	163
109	53	93	167
109	54	90	170
108	53	98	173
107	56	95	160
108	56	97	165
104	52	100	169
107	58	95	162
100	54	107	164
96	58	111	168
89	58	123	176
89	55	124	186
90	57	122	171
92	58	118	157
92	57	117	168
88	56	124	177
87	56	119	176
87	60	124	162
89	59	120	172
90	58	119	173
88	63	118	155
90	63	116	160
90	65	119	159
88	64	118	161
86	65	127	168
88	69	122	160
87	70	119	161
87	70	126	162
89	70	121	164
88	69	117	160
88	68	115	164
89	71	119	159
89	71	115	157
86	70	125	167
86	71	123	162
85	72	122	159
86	69	125	167
89	69	117	159
87	69	122	150
90	69	118	145
92	69	117	148
90	69	119	144
92	69	118	155
93	69	111	159
90	69	115	153
90	68	116	155
91	66	110	151
91	67	114	149
91	65	108	150
92	66	105	148
92	68	100	144
93	69	89	146
93	70	90	154
88	67	107	160
92	69	91	155
95	70	72	154
97	70	70	152
103	73	63	150
100	75	65	147
95	78	69	142
101	76	60	146
99	76	63	146
100	74	62	148
101	74	61	148
103	77	57	144
100	71	62	154
94	77	70	143
95	74	67	147
104	77	56	143
101	74	61	151
99	76	60	147
96	73	67	150
96	79	64	141
93	76	70	149
96	76	64	146
97	77	63	143
93	77	67	143
98	77	63	141
101	78	57	145
102	80	55	143
100	74	58	152
101	74	56	152
102	71	54	154
100	73	58	151
99	71	61	154
100	74	58	150
97	73	64	151
95	77	65	147
96	77	63	145
97	79	64	141
98	78	62	140
102	74	55	151
98	76	61	148
98	78	62	142
98	77	60	145
92	75	68	146
102	73	56	153
102	73	55	152
99	74	59	148
98	76	61	144
95	77	65	143
99	75	61	147
101	77	56	145
103	73	54	153
103	74	55	152
102	79	55	146
99	81	60	142
99	76	61	148
97	78	62	147
97	76	63	149
101	75	57	153
102	75	57	151
103	78	54	146
100	81	55	143
103	75	53	151
104	75	49	156
102	77	51	147
106	84	46	141
108	84	41	141
107	78	42	145
108	79	40	145
111	76	36	151
111	76	35	152
112	75	34	152
112	74	32	154
113	72	31	158
113	76	30	150
115	78	27	148
115	78	27	149
114	78	26	150
114	78	26	150
114	82	25	144
114	82	25	146
113	84	27	141
115	85	23	140
112	84	29	143
114	88	25	136
115	87	25	137
115	87	25	139
114	86	26	140
114	81	26	148
113	84	26	143
114	86	26	141
114	89	26	135
113	90	27	134
113	83	26	145
113	85	26	140
113	89	26	137
112	85	27	143
112	86	27	140
112	87	27	139
113	93	27	131
112	88	28	139
111	83	27	144
111	86	28	138
111	88	28	139
111	89	26	137
109	85	29	143
111	82	27	147
110	80	27	148
110	80	27	148
109	83	28	144
110	83	28	144
110	82	27	147
110	82	27	147
111	85	26	141
110	84	27	145
109	85	29	144
109	87	28	141
110	86	28	144
110	83	29	151
111	82	28	149
110	86	29	144
111	89	29	140
111	91	29	138
111	91	30	138
111	89	29	140
110	93	31	136
111	94	29	134
112	91	29	138
111	89	30	143
111	84	30	148
111	84	30	151
111	88	29	147
111	93	29	143
112	87	27	150
112	88	27	148
111	90	26	147
109	89	29	145
110	83	29	148
112	83	30	146
109	82	36	132
123	82	56	129
120	81	76	134
107	84	93	139
94	84	114	148
93	82	119	155
95	82	117	150
94	81	119	155
92	79	123	158
94	79	117	151
97	79	118	158
94	82	119	150
95	80	117	151
98	80	112	155
96	80	122	157
97	80	115	156
97	82	118	150
96	84	115	151
99	83	112	151
99	83	117	152
95	80	118	156
94	81	125	162
93	81	128	161
94	78	124	155
100	80	116	146
96	79	119	139
101	79	115	135
103	79	113	130
100	76	114	128
103	77	110	120
103	75	109	118
102	77	108	112
107	77	104	103
105	78	105	104
105	75	104	104
101	77	109	107
100	79	110	101
96	78	116	105
101	78	106	99
100	77	112	103
98	78	112	97
100	78	112	105
99	78	112	100
102	78	103	98
100	77	112	104
103	76	105	106
98	76	113	116
101	76	107	107
103	79	102	100
100	76	109	106
99	79	108	98
100	79	111	100
105	79	101	99
104	76	100	103
102	77	104	103
100	77	107	105
102	78	105	102
102	78	105	100
100	77	109	104
103	75	101	108
103	76	104	102
100	78	107	100
101	77	109	103
103	77	106	103
101	76	109	105
104	76	105	103
101	76	106	99
105	77	101	102
104	77	106	97
101	78	109	100
101	78	108	102
101	77	109	101
98	77	109	101
102	77	108	103
102	77	110	100
103	76	106	105
104	74	105	114
104	74	107	116
105	74	105	109
105	76	104	108
101	72	111	119
97	76	114	115
102	74	105	112
95	76	114	107
95	78	115	108
96	77	112	115
92	77	116	119
90	76	116	128
90	73	115	132
86	74	119	141
84	77	119	138
82	77	120	148
82	79	119	146
79	79	120	150
78	74	120	154
76	73	119	154
73	73	120	163
74	75	116	148
73	74	119	151
76	74	115	150
74	71	113	163
78	73	105	157
81	73	103	151
84	73	98	156
83	70	96	155
88	73	91	149
89	71	90	148
94	71	82	149
98	68	77	160
101	69	75	155
101	69	76	156
107	68	68	156
109	72	67	144
110	71	65	143
110	69	64	154
112	70	62	142
112	71	60	143
112	70	60	142
112	68	60	147
113	68	58	137
112	68	62	137
111	67	62	143
111	68	62	137
111	68	63	139
111	66	61	149
112	67	63	151
113	66	59	151
113	64	60	151
113	65	59	159
112	65	64	147
114	67	60	144
112	66	63	139
113	65	62	146
113	68	61	134
114	66	62	139
114	65	60	144
116	66	57	144
117	64	59	148
116	64	62	151
117	64	61	145
119	62	61	155
120	63	62	146
120	66	66	136
122	64	63	146
123	64	62	143
126	64	60	143
127	65	63	136
129	64	60	139
129	64	63	139
130	62	62	141
132	64	63	135
133	62	58	144
132	62	65	139
134	63	61	137
136	63	61	138
135	63	62	136
136	61	59	138
136	61	60	136
135	57	61	140
133	56	64	142
133	57	67	142
133	54	64	143
135	54	62	149
132	55	71	145
134	53	63	143
134	53	67	148
134	52	66	154
133	55	67	140
133	52	66	141
134	51	64	151
132	53	69	143
131	52	67	149
130	52	70	152
129	52	69	153
127	51	73	153
124	50	78	162
122	49	78	169
122	49	76	173
118	51	82	165
115	50	85	161
115	48	86	166
112	48	89	160
113	48	89	172
100	45	104	171
95	50	109	168
86	49	120	174
90	50	116	171
90	51	119	180
89	51	119	172
89	52	121	167
88	53	121	181
89	52	119	171
87	56	121	151
90	54	115	162
86	54	123	173
86	57	121	161
87	55	120	165
87	57	117	163
89	60	121	153
87	59	125	159
87	55	124	168
87	54	125	169
87	52	120	171
87	55	125	170
87	57	124	159
90	56	118	166
89	57	122	167
93	58	120	157
90	57	119	160
90	57	125	169
93	57	119	154
96	58	119	161
97	57	115	165
96	56	126	171
97	56	121	163
99	57	118	165
100	55	119	171
97	59	122	157
99	58	122	165
100	57	120	162
102	59	121	161
98	57	125	166
101	59	122	167
102	58	124	165
103	58	123	155
106	61	117	147
110	60	120	142
112	61	118	137
116	58	114	133
122	62	110	124
121	61	113	116
121	60	116	113
123	62	116	111
122	60	118	114
129	61	110	110
130	61	110	108
133	61	108	103
136	62	107	106
133	63	111	102
135	62	112	99
135	63	110	98
138	62	108	94
139	62	109	93
140	63	111	90
144	62	105	94
141	64	106	85
145	64	106	84
145	64	103	87
142	63	109	86
142	61	110	94
140	63	112	93
143	65	106	86
143	64	109	88
142	64	106	87
143	63	108	88
144	63	106	89
142	64	109	88
141	64	111	88
140	63	112	90
144	64	108	91
141	65	110	88
141	65	111	90
142	64	107	93
141	66	109	89
140	65	108	89
142	64	107	94
136	64	111	95
138	64	108	94
136	64	110	94
133	64	111	93
132	63	108	94
133	63	105	92
130	63	109	93
128	64	109	91
127	63	111	97
128	63	107	95
128	63	108	96
126	62	109	96
125	62	111	94
125	63	107	93
125	63	107	92
122	63	110	90
119	63	112	89
120	61	109	95
119	61	107	96
118	62	107	96
116	59	106	95
112	57	108	97
107	56	113	101
110	54	102	109
104	50	111	107
102	53	114	110
105	57	110	111
105	54	112	117
104	57	114	119
102	59	115	123
106	59	115	135
106	60	112	141
106	63	114	137
105	61	116	135
104	64	115	133
105	65	116	135
99	62	121	150
