3.678797
0.065268
0.081826
0.062025
0.072268
0.070261
0.087204
0.068891
0.036148
0.035438
0.078446
0.073177
0.075054
0.077136
0.074593
0.074875
0.023700
0.024271
0.078161
0.067187
0.081403
0.021804
0.022810
0.074126
0.073105
0.077508
0.076463
0.084435
0.079845
0.026370
0.019365
0.073392
0.071895
0.052927
0.032049
0.077500
0.078953
0.074799
0.076302
0.080253
0.108950
0.026838
0.078280
0.082626
0.088152
0.068532
0.062273
0.022998
0.020874
0.038045
0.076497
0.076447
0.077496
0.080771
0.078284
0.083533
0.080229
0.088708
0.080717
0.064093
0.095255
0.035934
0.035267
0.024651
0.073958
0.076005
0.073742
0.077342
0.079582
0.076643
0.084613
0.081791
0.028837
0.083546
