1.550354
0.061858
0.062156
0.065443
0.062212
0.063115
0.056664
0.017928
0.079747
0.053125
0.019385
0.070605
0.064149
0.073943
0.075430
0.034691
0.078591
0.076332
0.019162
0.062266
0.098041
0.059968
0.073704
0.074003
0.074804
0.074910
0.050728
0.020219
0.077335
0.074770
0.062602
0.019918
0.071184
0.071505
0.073761
0.075171
0.029178
0.026175
0.030660
0.077582
0.112278
0.066714
0.020984
0.067142
0.075183
0.075647
0.060737
0.021656
0.033542
0.028611
0.032189
0.071997
0.064954
0.026989
0.028489
0.021928
0.042342
0.074832
0.074131
0.075378
0.029732
0.078746
0.025862
0.083548
0.079501
0.094325
0.083840
0.078353
0.029132
0.079385
0.074793
0.020397
0.023259
0.079906
0.032007
0.021852
0.020950
0.074246
0.074094
0.063824
0.105984
0.077309
0.025072
0.080793
0.074843
0.024206
0.078079
0.066693
0.081197
0.075757
0.077998
0.049940
0.074994
0.078157
0.077662
0.079293
0.078579
0.057173
0.081069
0.076528
0.092497
0.091860
0.079957
0.032484
0.087741
0.072208
0.067781
0.036510
0.080001
0.078813
0.081916
0.021376
0.083123
0.077200
0.078448
0.078504
0.081761
0.079536
0.026927
0.024957
0.108260
0.073153
0.059352
0.080550
0.061594
0.088046
0.081293
0.055552
0.023453
0.021925
0.027254
0.021516
0.024503
0.031025
0.028666
0.020570
0.023628
0.026494
0.030656
0.025539
0.028210
0.024029
0.021692
0.024133
0.022644
0.024202
0.024386
0.023660
0.022858
0.024776
0.027085
0.022487
0.023906
0.022555
0.025009
0.025174
0.024196
0.027913
0.022697
0.020819
0.030680
0.021602
0.023151
0.022671
0.023937
0.023403
0.024997
0.026335
0.025742
0.028666
0.021036
0.021441
0.021417
0.021670
0.022556
0.025316
0.021946
0.033161
0.023323
0.025809
0.029265
0.023402
0.024258
0.030873
0.025444
0.026609
0.026292
0.027416
0.024916
0.026031
0.023574
0.026510
0.023236
0.023206
0.024115
0.023518
0.023354
0.024395
0.023822
0.039499
0.043657
0.038395
0.044331
0.031532
0.062848
0.043887
0.065671
0.042764
0.101794
0.081472
0.075428
0.050907
0.048418
0.123562
0.082629
0.050735
0.199400
0.087731
0.100473
0.077088
0.099478
0.066255
0.086597
0.080886
0.075622
0.026249
0.084532
0.069430
0.146556
0.081491
0.027801
0.082329
0.066126
0.082391
0.077915
0.093381
0.088735
0.038531
0.121831
0.029272
0.033118
0.033211
0.087533
0.101652
0.071127
0.106973
0.072189
0.066877
0.052346
0.084403
0.044730
0.081666
0.071774
0.131628
0.073805
0.060843
0.087212
0.047165
0.083544
0.031928
0.083507
0.088444
0.054568
0.089017
0.086127
0.091933
0.069674
0.064416
0.088632
0.089681
0.044244
0.089654
0.082393
0.065336
0.083303
0.081892
0.079927
0.028769
0.085777
0.066731
0.076765
0.073383
0.085751
