245	64	12	13
245	63	11	14
245	63	11	14
245	63	11	15
246	63	11	15
245	63	11	14
245	63	11	14
246	62	12	15
246	63	11	14
246	63	11	14
246	63	11	14
246	62	11	15
246	62	11	15
246	63	11	14
246	62	11	14
247	63	11	14
247	63	11	15
246	63	11	14
246	62	12	15
246	62	12	15
246	62	12	15
245	62	11	14
246	63	11	14
245	63	11	14
244	63	12	15
244	63	12	15
243	63	12	15
242	63	12	15
241	63	12	15
240	63	12	15
240	63	12	14
239	63	12	14
237	63	12	15
236	63	13	15
235	64	12	14
234	64	13	15
232	64	13	14
231	64	12	14
229	64	12	14
227	64	12	14
226	65	12	14
224	64	12	14
222	64	12	14
220	64	12	15
218	63	12	14
217	63	12	14
215	63	12	14
213	62	12	14
212	62	11	14
209	61	12	14
208	61	12	15
206	61	12	14
204	62	12	13
203	62	11	14
201	62	12	14
199	62	11	14
197	62	11	15
196	62	11	15
194	62	11	14
192	62	12	15
190	61	11	16
189	61	11	16
187	61	11	15
185	61	12	16
184	60	12	16
182	60	11	15
180	60	11	15
178	59	11	16
177	60	12	16
175	59	11	16
173	60	12	16
171	59	12	16
169	60	12	15
167	60	12	16
165	60	12	17
164	61	12	16
162	61	12	17
160	61	12	16
158	61	12	16
156	61	13	16
155	61	12	16
154	60	12	15
152	60	11	16
152	59	11	16
151	59	11	15
150	58	11	16
150	58	12	17
149	58	12	17
149	58	12	16
149	58	12	17
149	59	12	18
148	59	13	17
150	60	12	17
150	60	12	18
150	60	13	17
150	59	12	17
151	59	13	17
151	59	13	18
151	59	13	18
151	59	12	18
151	59	13	17
152	58	12	18
152	58	13	18
152	58	12	18
152	58	12	18
153	58	12	17
153	58	13	17
152	58	13	18
153	58	13	18
153	58	13	20
153	59	13	18
153	59	13	19
154	60	13	18
153	60	13	18
154	61	13	18
154	62	14	17
154	62	13	18
155	62	14	18
155	63	14	18
155	63	14	18
155	63	15	18
155	62	15	18
155	62	14	18
155	62	16	19
154	62	16	19
154	61	16	20
154	61	16	19
153	60	16	19
153	59	15	19
153	58	17	20
151	58	17	21
151	57	16	20
150	57	18	20
149	58	18	20
149	57	17	20
148	57	17	20
147	57	17	21
147	57	17	20
147	58	16	21
146	57	16	21
146	58	17	20
146	58	17	20
146	58	17	20
145	57	17	20
145	57	17	21
145	56	16	21
145	55	16	20
144	54	17	21
143	54	17	21
142	54	17	22
141	54	17	21
140	54	18	21
139	54	17	21
138	55	17	22
136	55	17	22
134	55	17	22
132	55	18	21
130	56	18	22
128	55	17	22
126	55	17	23
125	55	17	22
123	55	17	22
122	55	16	22
120	54	17	22
118	54	16	22
116	54	17	20
115	53	17	21
114	52	17	22
112	51	18	23
111	50	17	22
109	50	17	23
108	50	17	22
106	49	18	23
105	49	17	23
103	50	18	22
103	50	17	22
102	50	18	22
101	50	17	23
101	50	18	22
100	50	18	23
100	50	18	24
99	50	18	23
98	50	18	23
98	49	18	24
98	49	18	23
97	48	18	25
96	48	18	25
95	48	19	25
94	48	19	24
93	47	19	25
92	48	18	25
92	48	18	25
90	48	19	24
88	48	19	24
87	49	19	24
86	48	19	26
84	49	19	26
83	50	19	25
81	50	19	25
79	50	19	26
77	50	19	27
76	50	20	26
74	50	19	26
73	49	19	27
73	48	19	27
71	47	20	27
72	46	20	27
70	46	20	28
71	45	21	28
70	45	20	27
72	45	20	28
71	44	21	29
72	45	22	29
74	47	21	27
74	46	22	28
76	46	22	29
76	45	22	29
78	46	23	29
80	45	22	29
80	45	22	29
80	44	22	29
81	44	22	29
82	44	23	29
82	42	22	30
83	43	23	31
83	42	22	30
84	42	22	31
83	42	23	31
86	42	22	31
85	42	24	31
85	43	24	31
87	43	24	30
87	43	23	32
86	42	24	33
87	43	24	33
86	43	24	31
87	43	24	32
87	43	24	32
88	43	25	32
88	42	24	33
89	41	23	33
89	41	23	33
90	41	25	33
90	40	24	32
90	40	25	32
91	39	25	32
92	38	24	33
91	37	25	33
93	38	25	34
92	38	26	33
94	38	26	33
95	38	26	35
97	38	26	34
97	38	27	33
98	40	29	33
101	39	27	33
103	40	29	34
105	41	29	34
109	42	29	33
111	43	30	33
115	42	30	34
117	43	32	34
120	43	33	34
124	43	31	33
127	42	31	33
130	41	30	33
132	41	31	34
134	40	30	33
136	41	30	31
138	39	29	32
139	39	30	31
140	39	30	31
141	37	30	32
143	38	31	32
144	38	31	32
145	37	32	32
147	37	32	32
149	38	33	32
151	38	34	31
157	38	32	32
159	38	33	33
163	39	32	33
167	40	33	34
171	41	32	33
177	41	30	34
180	41	33	33
186	42	30	32
190	42	30	33
194	42	31	32
198	41	32	34
201	40	32	33
203	41	34	33
207	39	33	33
211	39	32	34
214	38	32	34
216	39	32	33
218	38	33	33
221	39	31	33
224	40	33	33
226	40	34	32
230	41	32	32
234	42	31	33
237	42	31	32
239	43	32	32
244	44	30	33
246	45	30	33
249	45	30	32
252	45	29	33
255	46	30	32
258	45	30	32
261	45	29	32
264	45	28	32
266	44	28	32
268	43	28	33
271	42	27	33
274	44	27	33
276	43	27	34
279	43	26	34
281	44	26	34
283	44	28	34
286	44	27	34
287	44	28	36
289	44	28	36
290	44	29	36
293	43	27	36
293	42	27	35
295	41	26	36
296	41	27	36
297	40	25	35
297	38	26	37
298	37	27	36
298	36	27	38
298	35	28	38
299	34	27	36
299	33	28	37
300	32	27	37
301	32	28	38
303	33	29	37
304	34	29	38
306	36	29	37
308	37	29	40
310	38	29	40
312	39	29	39
314	40	30	38
317	40	29	38
319	39	30	39
320	37	32	39
323	35	32	41
324	34	33	41
324	32	34	42
325	31	32	42
325	29	32	44
325	28	32	44
323	28	35	45
322	26	35	46
319	25	37	46
318	24	38	46
316	25	38	47
313	26	40	48
312	27	40	49
309	27	40	50
306	28	41	49
302	29	43	50
300	30	42	50
296	30	42	49
292	30	44	49
290	31	43	50
286	29	45	50
284	29	47	49
281	28	48	48
278	26	49	50
276	25	51	51
274	25	50	50
270	25	51	52
268	24	51	51
264	24	51	52
262	24	51	53
258	25	53	53
254	24	55	54
250	24	56	53
248	23	55	54
246	23	54	55
243	22	56	55
240	22	57	55
238	21	57	55
235	21	57	55
233	20	58	57
230	22	59	57
227	22	61	59
224	23	61	57
223	22	58	58
219	24	62	58
218	24	61	59
217	24	62	58
216	24	61	58
217	23	62	59
217	23	61	59
217	22	61	59
217	20	62	59
218	19	60	59
218	17	63	61
218	17	62	62
219	15	61	61
219	12	60	63
219	11	60	61
220	12	59	58
222	9	55	61
224	10	53	59
225	8	52	59
224	8	54	60
223	9	53	57
221	7	53	59
221	10	52	56
217	9	54	58
212	11	55	57
209	12	52	56
203	13	53	58
198	14	52	58
190	18	52	54
181	19	54	56
173	21	51	54
163	23	51	58
154	25	48	55
139	26	51	53
125	27	55	54
115	29	53	54
105	28	53	53
95	28	50	54
86	27	50	55
79	26	49	54
71	24	51	56
64	25	53	53
59	23	53	56
55	24	52	54
50	23	54	55
45	24	55	52
44	24	53	55
41	24	54	54
40	23	52	54
37	22	54	53
37	22	53	53
36	21	53	53
36	19	55	53
36	20	53	52
36	16	51	53
36	15	50	52
36	14	51	53
34	11	53	55
34	11	52	52
33	9	52	53
32	9	51	51
31	8	51	51
28	7	52	52
27	7	52	51
24	7	52	51
20	8	52	52
17	8	52	52
12	8	53	50
5	7	56	53
0	7	55	53
