6.168360
0.063130
0.059376
0.047412
0.019297
0.068466
0.080616
0.064133
0.065177
0.077528
0.081246
0.071801
0.024894
0.128864
0.096548
0.063741
0.055250
0.074869
0.081035
0.056020
0.107870
0.065110
0.082935
0.079758
0.064534
0.067623
0.023294
0.074105
0.080837
0.059770
0.063534
0.025468
0.018529
0.076477
0.081383
0.077323
0.059853
0.018821
0.030524
0.083787
0.110873
0.067354
0.083727
0.075778
0.067787
0.036229
0.090874
0.085622
0.064638
0.054042
0.063300
0.082515
0.072807
0.065305
0.066628
0.042541
0.084728
0.069923
0.028013
0.086048
0.116896
0.073946
0.069324
0.025807
0.037743
0.088922
0.118266
0.070980
0.071734
0.031875
0.089331
0.083382
0.073769
0.095842
0.086802
0.068878
0.040976
0.100819
0.071170
0.069033
0.082591
0.022118
0.091599
0.086346
0.060799
0.086767
0.059803
0.086995
0.078167
0.060009
0.090399
0.083644
0.058409
0.023986
0.088946
0.083097
0.075963
0.062059
0.058627
0.079972
0.127395
0.074445
0.070848
0.040423
0.107411
0.083483
0.080199
0.032357
0.025175
0.097244
0.079173
0.056005
0.087924
0.084664
0.076819
0.081778
0.077663
0.099500
0.107522
0.076419
0.085671
0.085424
0.087997
0.064215
0.096107
0.086418
0.083351
0.072646
0.034134
0.083555
0.085987
0.079230
0.027766
0.025407
0.140237
0.085275
0.072028
0.028989
0.092168
0.068717
0.028020
0.085741
0.075986
0.091170
0.076696
0.083048
0.087290
0.071546
0.069559
0.038117
0.092643
0.088762
0.079176
0.037652
0.085332
0.089575
0.079497
0.072594
0.089500
0.083737
0.127327
0.071174
0.082101
0.028249
0.068251
0.089103
0.079389
0.091620
0.086849
0.079376
0.031796
0.026649
0.091810
0.066457
0.088982
0.080913
0.034825
0.101445
0.088296
0.080513
0.182276
0.067544
0.080019
0.072406
0.092386
0.091410
0.073226
0.073373
0.098291
0.075584
0.047190
0.038458
0.089375
0.079744
0.080698
0.068330
0.095886
0.103553
0.078172
0.078201
0.123613
0.091958
0.077188
0.081522
0.085580
0.086684
0.089875
0.083468
0.071685
0.028132
0.094922
0.092908
0.038483
0.090305
0.063434
0.047182
0.028553
0.090783
0.073828
0.091463
0.112644
0.055243
0.100393
0.087792
0.078778
0.079546
0.079490
0.073297
0.067847
0.083278
0.077434
0.035659
0.098189
0.079426
0.088559
0.083195
0.050917
0.076463
0.069129
0.088921
0.119096
0.084906
0.092047
0.075370
0.094937
0.088271
0.087600
0.087141
0.083877
0.030694
0.089571
0.079258
0.091192
0.088057
0.085088
0.029273
0.087894
0.095432
0.087794
0.089476
0.099917
0.042509
0.082383
0.084621
0.036954
0.088375
0.057526
0.031984
0.087124
0.083957
0.077132
0.095762
0.085496
0.068283
0.086134
0.081461
0.076555
0.090559
0.083838
0.084243
0.040163
0.098340
0.090990
0.071207
0.086755
0.086869
0.084579
0.083823
0.035607
0.052705
0.089521
0.084154
0.073396
0.088926
0.081867
0.089883
0.081616
0.084440
0.089229
0.087033
0.124460
0.085467
0.076692
0.081537
0.093330
0.075822
0.032666
0.090481
0.093696
0.076758
0.078301
0.057037
0.092408
0.088001
0.079325
0.084678
0.031683
0.091890
0.042171
0.033249
0.123406
0.086920
0.094704
0.041186
0.104470
0.076791
0.089439
0.089281
0.078634
0.085888
0.029423
0.091755
0.076064
0.066845
0.094117
0.089100
0.088024
0.093570
0.092125
0.071511
0.071681
0.054272
0.089758
0.089209
0.087532
0.076654
0.032311
0.092445
0.093445
0.089569
0.086955
0.055873
0.043061
0.074565
0.091338
0.085115
0.033459
0.056643
0.088549
0.091818
0.107085
0.142763
0.108197
0.082669
0.074010
0.039779
0.085863
0.093233
0.084250
0.081337
0.095455
0.093829
0.081998
0.093722
0.076931
0.059880
0.084720
0.094868
0.069180
0.084552
0.126849
0.050893
0.052249
0.084569
0.089711
0.081908
0.047320
0.064516
0.092523
0.077321
0.121355
0.096205
0.073965
0.057818
0.103364
0.082103
0.052612
0.092723
0.080371
0.067840
0.112935
0.039685
0.091972
0.101169
0.075850
0.091219
0.098306
0.083464
0.070717
0.055585
0.047998
0.102990
0.093560
0.082889
0.091614
0.051903
0.100217
0.095304
0.093432
0.078898
0.039421
0.076239
0.068199
0.029924
0.046448
0.095079
0.091374
0.077370
0.074558
0.040326
0.114848
0.082779
0.079489
0.068761
0.092800
0.091343
0.083365
0.074370
0.035171
0.034434
0.039300
0.036620
0.088604
0.077772
0.069737
0.033097
0.032717
0.050936
0.089771
0.039426
0.087146
0.091227
0.035404
0.091290
0.084715
0.082629
0.068618
0.033132
0.032968
0.034272
0.038859
0.042707
0.040177
0.038694
0.035549
0.060640
0.094155
0.101017
0.040682
0.034639
0.036664
0.050519
0.043587
0.044059
0.091290
0.083861
0.079768
0.084180
0.081311
0.035894
0.040146
0.037957
0.035380
0.037375
0.037007
0.036607
0.040063
0.092722
0.048952
0.037587
0.047799
0.048375
0.099019
0.075547
0.039255
0.050841
0.041066
0.040857
0.037747
0.033507
