22.114707
0.063323
0.055672
0.066155
0.023464
0.061804
0.022355
0.036756
0.081074
0.118638
0.062877
0.102517
0.079991
0.057700
0.062521
0.077868
0.080678
0.076599
0.065374
0.065465
0.088834
0.063836
0.078801
0.079734
0.070755
0.026562
0.081471
0.018746
0.075723
0.019834
0.019653
0.025322
0.081266
0.067983
0.067263
0.020439
0.085308
0.080651
0.070809
0.031143
0.113289
0.068847
0.045568
0.075662
0.080107
0.034277
0.044405
0.086535
0.069698
0.085333
0.071728
0.071828
0.045939
0.086219
0.078562
0.048935
0.084907
0.068798
0.084320
0.078290
0.078347
0.087101
0.075987
0.079247
0.089509
0.092158
0.025991
0.073656
0.083966
0.081426
0.064193
0.074650
0.084600
0.076895
0.082262
0.067283
0.079456
0.080875
0.074139
0.026883
0.091181
0.080010
0.062242
0.077549
0.081059
0.023523
0.100612
0.086779
0.057779
0.065955
0.027467
0.084646
0.074150
0.083596
0.070784
0.067816
0.057859
0.085954
0.072992
0.080645
0.078447
0.076499
0.021657
0.077593
0.084571
0.069466
0.024995
0.074184
0.088662
0.085604
0.067037
0.083438
0.082197
0.038007
0.088516
0.068471
0.033506
0.077634
0.061548
0.079924
0.041235
0.069364
0.083931
0.078043
0.085875
0.082524
0.086662
0.078295
0.091766
0.079891
0.085313
0.071507
0.085376
0.071580
0.087550
0.041242
0.066505
0.027702
0.027462
0.025904
0.029013
0.024106
0.023308
0.027544
0.023271
0.029615
0.045123
0.024887
0.024964
0.028748
0.024866
0.027267
0.025990
0.026513
0.027769
0.028093
0.023999
0.023853
0.025450
0.021461
0.031918
0.024337
0.022068
0.024761
0.023590
0.025824
0.028949
0.022316
0.025513
0.022839
0.028641
0.030031
0.023602
0.026967
0.026697
0.025244
0.025856
0.025034
0.025263
0.025118
0.029182
0.023754
0.024247
0.026254
0.025722
0.027671
0.024542
0.027264
0.026762
0.025031
0.029332
0.029912
0.026435
0.025445
0.024607
0.025915
0.025535
0.024814
0.030411
0.024379
0.031696
0.025169
0.026251
0.024939
0.028253
0.028976
0.029176
0.026145
0.033832
0.036398
0.027859
0.025037
0.030026
0.027998
0.028108
0.026639
0.030582
0.028223
0.029108
0.029117
0.030460
0.025519
0.025249
0.026643
0.026614
0.027832
0.027702
0.032089
0.026155
0.026689
0.026045
0.025339
0.025515
0.025990
0.026393
0.024740
0.025301
0.028864
0.030454
0.029986
0.030815
0.025765
0.027103
0.027013
0.027656
0.029172
0.026601
0.024608
0.027411
0.026516
0.037010
0.029203
0.027639
0.029083
0.027332
0.032155
0.027171
0.028999
0.027531
0.030286
0.033106
0.032681
0.031399
0.037765
0.030011
0.033024
0.052933
0.028047
0.029222
0.036205
0.031575
0.029912
0.034078
0.031294
0.031673
0.027466
0.026570
0.027431
0.026276
0.029114
0.032157
0.028898
0.028605
0.026868
0.027780
0.032339
0.026577
0.036912
0.028258
0.039253
0.032974
0.029773
0.032179
0.027097
0.028206
0.027807
0.029652
0.028764
0.028995
0.030437
0.034411
0.028382
0.028564
0.027998
0.031263
0.026934
0.032572
0.029557
0.033863
0.027389
0.028981
0.030665
0.029039
0.028755
0.029991
0.036553
0.033667
0.031231
0.029305
0.028550
0.040452
0.030858
0.034125
0.030076
0.039124
0.031946
0.029645
0.028320
0.030083
0.030303
0.030763
0.027916
0.029534
0.033353
0.030005
0.031875
0.029220
0.030212
0.031669
0.030235
0.034509
0.030513
0.031382
0.030272
0.028141
0.030550
0.031235
0.030514
0.034093
0.029882
0.030185
0.030330
0.032396
0.030206
0.036925
0.036632
0.037509
0.036873
0.031121
0.030429
0.038939
0.033069
0.033134
0.032877
0.032102
0.030519
0.031063
0.030992
0.033651
0.032556
0.032611
0.030628
0.031489
0.031330
0.031608
0.034850
0.036630
0.040236
0.035932
0.032498
0.035495
0.033157
0.032534
0.030860
0.032586
0.028908
0.034954
0.030931
0.033322
0.033128
0.032194
0.035564
0.031763
0.043792
0.031930
0.035731
0.031843
0.031550
0.032120
0.029932
0.037981
0.031570
0.032031
0.034257
0.033850
0.030195
0.034836
0.034446
0.029566
0.032827
0.032685
0.040083
0.040175
0.040085
0.054539
0.033341
0.033084
0.040297
0.033201
0.032645
0.049474
0.035015
0.035801
0.033811
0.032594
0.032106
0.081862
0.033477
0.034990
0.036833
0.036540
0.032815
0.036882
0.031634
0.037792
0.034266
0.033122
0.038822
0.033489
0.033418
0.039786
0.037006
0.034051
0.033027
0.034251
0.037524
0.031926
0.032035
0.035998
0.048040
0.043331
0.036273
0.033910
0.037290
0.053329
0.045514
0.043668
0.048212
0.041252
0.035238
0.041897
0.039846
0.037229
0.040189
0.038920
0.038297
0.039676
0.034872
0.037672
0.039222
0.041023
0.035839
0.035259
0.036887
0.037127
0.034902
0.035117
0.038283
0.034856
0.034200
0.045663
0.035073
0.036772
0.036630
0.037833
0.035194
0.047579
0.049834
0.056844
0.036570
0.040262
0.035632
0.043064
0.038267
0.034824
0.033777
0.046453
0.038078
0.040226
0.056371
0.043922
0.044645
0.035497
0.036987
0.036721
0.034324
0.033936
0.042530
0.037596
0.036632
0.040162
0.039940
0.036813
0.043030
0.035284
0.035550
0.057034
0.050620
0.059501
0.081615
0.095852
0.064425
0.076223
0.052851
0.127355
0.067855
0.098493
0.141215
0.113194
0.094044
0.149098
0.046939
0.101267
0.085842
0.110416
0.103441
0.051694
0.090184
0.116634
0.098373
0.133988
0.103554
0.109492
0.102033
0.106606
0.102350
0.093244
0.102755
0.105341
0.050326
0.087543
0.092979
0.103598
0.120159
0.086025
0.120187
0.103602
0.117578
0.092104
0.153276
0.122136
0.096618
0.087418
0.099069
0.104084
0.104958
0.115607
0.102980
0.095058
0.058736
0.097889
0.049193
0.091894
0.094932
0.096062
0.099504
0.086851
0.099741
0.092133
0.094120
0.120327
0.101168
0.101206
0.066961
0.097558
0.102551
0.111564
0.094455
0.085209
0.097360
0.062821
0.112282
0.108076
0.097041
0.090606
0.110688
0.094207
0.108343
0.058600
0.102933
0.062083
0.120652
0.073662
0.107130
0.108937
0.091062
0.112127
0.103880
0.086435
0.079975
0.112723
0.071197
0.156090
0.100629
0.093895
0.099790
0.093479
0.104063
0.088748
0.092254
0.062162
0.101846
0.094861
0.098913
0.095358
0.096574
0.101994
0.102441
0.057765
0.100449
0.119308
0.096516
0.053663
0.104317
0.097379
0.097281
0.099777
0.072838
0.099427
0.099696
0.057877
0.068128
0.102121
0.108856
0.125309
0.097326
0.103341
0.114076
0.079889
0.103043
0.103627
0.105609
0.096159
0.102220
0.109836
0.101894
0.049735
0.106871
0.193560
0.085537
0.138886
0.094262
0.048060
0.103768
0.107631
0.122886
0.100331
0.100065
0.100773
0.050472
0.109497
0.095565
0.098243
0.096696
0.101713
0.101315
0.103479
0.105196
0.120041
0.167550
0.151543
0.105294
0.112767
0.146604
0.071232
0.099734
0.098895
0.100351
0.110194
0.098724
0.111211
0.095351
0.096958
0.097819
0.057423
0.134844
0.099560
0.055867
0.058767
0.119309
0.131530
0.077537
0.090612
0.097420
0.106136
0.100442
0.053061
0.107135
0.116972
0.093017
0.149487
0.104410
0.109090
0.116297
0.103327
0.134000
0.103960
0.104441
0.102365
0.057965
0.128236
0.102512
0.103166
0.106238
0.112880
0.122031
0.125211
0.090030
0.144999
0.128765
0.088984
0.107109
0.109931
0.126359
0.106741
0.103465
0.147289
0.107099
0.108783
0.115075
0.059484
0.110001
0.059035
0.114039
0.100870
0.109650
0.100843
0.121896
0.108186
0.102399
0.110529
0.060870
0.119190
0.104656
0.115276
0.143209
0.070814
0.106510
0.107258
0.113330
0.133532
0.103733
0.114454
0.106548
0.103257
0.100353
0.077924
0.107861
0.104630
0.064778
0.101711
0.105570
0.115263
0.100384
0.103833
0.109962
0.108219
0.103226
0.057983
0.105448
0.134427
0.159393
0.108731
0.107633
0.114321
0.108142
0.138988
0.105707
0.113312
0.104667
0.110146
0.106737
0.104895
0.111637
0.141113
0.102730
0.119809
0.076500
0.089484
0.096342
0.138921
0.106119
0.105616
0.101662
0.105101
0.123662
0.101960
0.115379
0.104526
0.104547
0.091633
0.094742
0.109783
0.098900
0.111631
0.119228
0.095120
0.121144
0.106500
0.160705
0.086153
0.101414
0.106937
0.119639
0.056571
0.115987
0.070165
0.111534
0.116674
0.104126
0.114350
0.114282
0.122153
0.115746
0.113690
0.065776
0.113632
0.086595
0.112003
0.115777
0.104548
0.109428
0.071028
0.104602
0.105685
0.107701
0.121470
0.094129
0.102453
0.066339
0.078702
0.131492
0.123358
0.069589
0.115234
0.110861
0.073631
0.106209
0.093258
0.113113
0.140185
0.097919
0.103941
0.117331
0.115747
0.095010
0.109679
0.105431
0.125117
0.109598
0.063381
0.107019
0.052034
0.111227
0.103824
0.120090
0.104335
0.104297
0.109973
0.108781
0.137686
0.107008
0.111721
0.103008
0.110044
0.101772
0.119236
0.107355
0.104417
0.127149
0.107390
0.111269
0.096199
0.121297
0.107291
0.114944
0.113171
0.108615
0.135245
0.098324
0.138425
0.099127
0.109898
0.073407
0.120316
0.114216
0.084518
0.103458
0.109185
0.072613
0.065664
0.117681
0.075270
0.113190
0.096849
0.107561
0.143958
0.125922
0.071727
0.080370
0.138950
0.090910
0.109081
0.133567
0.097367
0.108390
0.130755
0.064003
0.110980
0.130368
0.064415
0.117012
0.055315
0.100942
0.111797
0.104446
0.117213
0.112937
0.066441
0.155211
0.156440
0.115793
0.108626
0.112507
0.077976
0.112584
0.104377
0.108505
0.129450
0.112140
0.129648
0.112423
0.113496
0.100339
0.119029
0.128479
0.114594
0.112426
0.110222
0.113161
0.095370
0.119306
0.112147
0.112266
0.119921
0.129993
0.131633
0.101235
0.133670
0.114769
0.076039
0.109294
0.114669
0.115525
0.113467
0.115160
0.121659
0.110639
0.099261
0.096536
0.149216
0.112030
0.083919
0.057944
0.134917
0.119936
0.105000
0.109021
0.086333
0.126444
0.117050
0.102402
0.101950
0.114192
0.115977
0.140763
0.093666
0.109630
0.127053
0.108123
0.101537
0.139971
0.112138
0.087048
0.114608
0.130007
0.135636
0.102950
0.185373
0.135416
0.096216
0.114059
0.147518
0.113377
0.084532
0.135944
0.084546
0.122672
0.115488
0.104337
0.093408
0.112437
0.166477
0.113710
0.122655
0.110804
0.117569
0.129555
0.060237
0.113689
0.110284
0.126058
0.110718
0.111881
0.067151
0.066491
0.108469
0.159340
0.113068
0.113093
0.111865
0.137240
0.128071
0.115790
0.115974
0.119958
0.108501
0.120562
0.131477
0.119669
0.115475
0.130590
0.126064
0.113972
0.116225
0.066691
0.113133
0.117642
0.117903
0.092274
0.116397
0.113781
0.112857
0.114164
0.113299
0.118138
0.123949
0.114730
0.113967
0.112621
0.117992
0.125242
0.121395
0.119812
0.135531
0.124527
0.121833
0.071318
0.173639
0.075892
0.140978
0.121334
0.127739
0.128718
0.128554
0.070004
0.127871
0.118362
0.126868
0.126668
0.118454
0.112434
0.127711
0.125785
0.074318
0.120174
0.112220
0.109746
0.117114
0.066983
0.140928
0.117181
0.077010
0.142792
0.142175
0.119607
0.121833
0.092315
0.126061
0.118449
0.101508
0.118192
0.120278
0.119048
0.121367
0.114717
0.114603
0.113953
0.122593
0.125303
0.091898
0.085830
0.120906
0.115383
0.122097
0.122514
0.118270
0.132318
