5.553370
0.063614
0.065049
0.055720
0.063219
0.068875
0.085665
0.021798
0.071151
0.076869
0.083166
0.051961
0.075022
0.059753
0.082295
0.059242
0.077744
0.079238
0.068538
0.182677
0.094422
0.046216
0.073709
0.065234
0.076668
0.079952
0.071898
0.072011
0.075822
0.073930
0.074806
0.074402
0.078529
0.073849
0.065704
0.076390
0.065955
0.060957
0.031723
0.076994
0.091745
0.090513
0.080914
0.025472
0.083464
0.076824
0.078064
0.077628
0.062293
0.072647
0.080202
0.058350
0.087486
0.076442
0.079604
0.104940
0.076147
0.096987
0.079148
0.051217
0.108342
0.082043
0.084256
0.046557
0.080746
0.077624
0.042304
0.084705
0.032704
0.077849
0.078112
0.070477
0.082703
0.076416
0.079341
0.074961
0.082430
0.071347
0.082769
0.083400
0.111135
0.077853
0.080402
0.095016
0.088132
0.067403
0.058679
0.077462
0.081390
0.083659
0.072348
0.054051
0.078470
0.080039
0.076452
0.072768
0.079417
0.090949
0.084158
0.065341
0.104594
0.078901
0.078127
0.077004
0.077759
0.081442
0.070382
0.082058
0.041544
0.110013
0.084014
0.085111
0.085966
0.030225
0.079073
0.088161
0.083543
0.078815
0.080918
0.083683
0.124008
0.045991
0.084730
0.072218
0.085153
0.076820
0.074961
0.083966
0.120508
0.094038
0.082931
0.111847
0.086758
0.026127
0.083609
0.079380
0.080953
0.043988
0.071187
0.081034
0.110257
0.071069
0.082407
0.090181
0.081942
0.091939
0.085636
0.081674
0.045872
0.081305
0.083159
0.082812
0.087296
0.028905
0.082316
0.087645
0.044399
0.070824
0.080596
0.080985
0.111158
0.093623
0.085636
0.069630
0.085653
0.082395
0.070479
0.030845
0.082446
0.089289
0.078779
0.082725
0.081215
0.050327
0.084709
0.082241
0.040400
0.079416
0.079567
0.085898
0.101554
0.080997
0.083524
0.082767
0.083360
0.084378
0.086252
0.105732
0.083830
0.030212
0.084722
0.086369
0.084397
0.081510
0.031319
0.068001
0.028992
0.085170
0.071646
0.087471
0.098129
0.083036
0.097693
0.084582
0.083440
0.073002
0.082253
0.079765
0.032772
0.026757
0.033708
0.034350
0.033406
0.025434
0.026692
0.026454
0.029859
0.029697
0.027240
0.025435
0.031592
0.025623
0.026332
0.027558
0.026186
0.030113
0.027740
0.025146
0.027909
0.028971
0.036327
0.038452
0.038754
0.085367
0.084846
0.071199
0.093573
0.029569
0.029713
0.108486
0.110477
0.083311
0.090429
0.070500
0.083032
0.093004
0.120104
0.039525
0.063490
0.068431
0.090240
0.122891
0.081740
0.087570
0.090351
0.090106
0.092647
0.073769
0.101168
0.073033
0.119726
0.124500
0.089057
0.051834
0.087472
0.080172
0.090315
0.081637
0.077349
0.087384
0.089786
0.083809
0.030502
0.106734
0.071532
0.119225
0.087326
0.094550
0.110745
0.088886
0.048012
0.098767
0.069256
0.092224
0.077130
0.088762
0.109732
0.079814
0.091984
0.096416
0.093843
0.087485
0.099336
0.093587
0.124368
0.090802
0.035621
0.100453
0.047444
0.090429
0.136471
0.043893
0.103668
0.075117
0.095813
0.082036
0.099200
0.069343
0.101802
0.099479
0.044495
0.096039
0.085658
0.097828
0.074076
0.098387
0.084001
0.123940
0.097978
0.097960
0.134563
0.080468
0.102718
0.092931
0.099370
0.095929
0.087902
0.043459
0.089950
0.084570
0.116066
0.080777
0.041004
0.097690
0.073932
0.093559
0.086063
0.085753
0.092063
0.081367
0.089129
0.084816
0.123098
0.104471
0.086521
0.086770
0.088084
0.101191
0.114665
0.122969
0.085194
0.035239
0.080721
0.099920
0.087314
0.075743
0.094101
0.089093
0.089567
0.073885
0.128467
0.042314
0.174700
0.095339
0.098528
0.082105
0.095669
0.071137
0.096852
0.091738
0.116688
0.105676
0.105461
0.120310
0.084833
0.049648
0.099248
0.082801
0.095408
0.087841
0.153979
0.082343
0.085580
0.110555
0.040139
0.097197
0.054946
0.092119
0.093685
0.087747
0.067573
0.105314
0.082270
0.106105
0.109380
0.096356
0.087569
0.095360
0.091627
0.095102
0.106034
0.091594
0.120344
0.051524
0.094151
0.093516
0.100670
0.074915
0.095121
0.103457
0.070636
0.071983
0.095768
0.119506
0.086841
0.113577
0.080836
0.090892
0.162663
0.091635
0.131400
0.123295
0.101246
0.108483
0.103606
0.100953
0.088023
0.177144
0.063873
0.113159
0.078449
0.104521
0.105023
0.101929
0.110850
0.046187
0.087234
0.074833
0.113190
0.083936
0.089581
0.081967
0.060464
0.095124
0.048305
0.099426
0.096098
0.045126
0.037056
0.096695
0.059073
0.101503
0.079094
0.117249
0.108941
0.072594
0.098047
0.084423
0.104417
0.082719
0.087256
0.039995
0.100833
0.098726
0.104754
0.102843
0.039902
0.092641
0.110607
0.091719
0.150559
0.089378
0.063986
0.103324
0.090202
0.100294
0.089584
0.054327
0.086465
0.032834
0.132260
0.055655
0.054590
0.045506
0.041552
0.056881
0.050151
0.047691
0.046777
0.059186
0.051196
0.058192
0.103120
0.050301
0.049704
0.089779
0.113959
0.057610
0.173220
0.045427
0.131039
0.105874
0.073082
0.063941
0.084001
0.100449
0.077849
0.096951
0.082705
0.132054
0.084891
0.043760
0.098569
0.084551
0.184547
0.126398
0.090046
0.106447
0.103607
0.084741
0.149889
0.088631
0.104213
0.101806
0.111941
0.108209
0.042652
0.123374
0.093731
0.265915
0.077471
0.103210
0.075314
0.093100
0.116539
0.117921
0.107725
0.072283
0.097387
0.111479
0.126266
0.078261
0.094668
0.097453
0.079700
0.086433
0.062997
0.096631
0.045086
0.086984
0.102122
0.092764
0.107948
0.084203
0.055764
0.116940
0.103372
0.083031
0.106430
0.104752
0.126838
0.087764
0.066126
0.103494
0.044311
0.106687
0.085996
0.101356
0.096401
0.044824
0.101177
0.045794
0.116862
0.086362
0.111286
0.075716
0.100502
0.101375
0.050652
0.103782
0.072899
0.092938
0.040201
0.093092
0.108693
0.098963
0.163038
0.050031
0.053215
0.105972
0.080744
0.112458
0.060383
0.105110
0.070678
0.131963
0.102657
0.105063
0.058610
0.104287
0.060962
0.118935
0.083525
0.144000
0.057904
0.092923
0.109754
0.105773
0.054661
0.111342
0.078959
0.193403
0.118456
0.088173
0.094300
0.122903
0.195137
0.111752
0.105158
0.138424
0.134918
0.119507
0.093876
0.084745
0.119766
0.096424
0.110387
0.061078
0.101030
0.079776
0.108396
0.090508
0.103338
0.105854
0.049526
0.077021
0.062707
0.118662
0.053791
0.112699
0.147225
0.105616
0.122705
0.128987
0.049279
0.101186
0.051760
0.102065
0.065625
0.139659
0.065815
0.105763
0.097489
0.091827
0.092539
0.051680
0.105658
0.093346
0.046628
0.044225
0.051260
0.041180
0.041400
0.041610
0.040689
0.039951
0.040293
0.039128
0.045416
0.044566
0.043567
0.046379
0.049732
0.044017
0.048361
0.044936
0.042358
0.043038
0.050927
0.049678
0.047544
0.044472
0.046788
0.040787
0.040208
0.041959
0.045830
0.042740
0.042000
0.045272
0.042678
0.047515
0.047029
0.049141
0.047167
0.046412
0.047025
0.042621
0.042180
0.043056
0.047017
0.047326
0.043111
0.042785
0.047633
0.041833
0.061932
0.054223
0.053997
0.043127
0.045262
0.042612
0.043512
0.045779
0.045712
0.044014
0.050386
0.045178
0.048840
0.043860
0.051486
0.055066
0.048309
0.043069
0.042116
0.045851
0.050224
0.043785
0.043591
0.053633
0.042098
0.045585
0.052137
0.049128
0.045334
0.047525
0.054136
0.046159
0.046642
0.043534
0.049137
0.048291
0.044633
0.051652
0.044871
0.044286
0.051350
0.058016
0.058473
0.063873
0.044477
0.050737
0.045252
0.045620
0.074345
0.056010
0.044114
0.043978
0.045233
0.052724
0.062873
0.045181
0.046574
0.044371
0.048540
0.063827
0.084526
0.046622
0.046413
0.045845
0.054232
0.076720
0.066782
0.053550
0.046311
0.046868
0.057040
0.058959
0.058223
0.052196
0.051423
0.051610
0.047186
0.049606
0.056604
0.049908
0.044755
0.048669
0.045257
0.048040
0.063017
0.051014
0.045448
0.048914
0.049183
0.088787
0.047749
0.049075
0.046827
0.057599
0.061921
0.047223
0.045844
0.046226
0.046487
0.050975
0.047951
0.047000
0.043768
0.050101
0.049705
0.048670
0.050458
0.052745
0.047189
0.056151
0.048220
0.046149
0.051659
0.053532
0.057833
0.047615
0.049715
0.048245
0.053099
0.047795
0.046808
0.063995
0.051535
0.049311
0.053677
0.053265
0.045103
0.055149
0.049000
0.049008
0.048885
0.046808
0.051549
0.050341
0.051290
0.047385
0.048804
0.051720
0.056117
0.051080
0.050923
0.051383
0.052614
0.047832
0.054221
0.048582
0.051839
0.054487
0.050820
0.047643
0.048444
0.048234
0.051807
0.051451
0.051731
0.046998
0.050094
0.052642
0.053977
0.051642
0.059398
0.103249
0.053662
0.049390
0.048428
0.052683
0.050409
0.079399
0.053406
0.061663
0.070919
0.057386
0.087789
0.076100
0.091649
0.063879
0.051795
0.056497
0.053269
0.055395
0.054434
0.053538
0.055173
0.052487
0.051959
0.051045
0.057679
0.056724
0.052178
0.048957
0.056983
0.064382
0.088642
0.061094
0.089405
0.080544
0.070213
0.142571
0.053258
0.118779
0.177596
0.144723
0.125526
0.124196
0.063866
0.145291
0.108450
0.111630
0.110891
0.120833
0.157655
0.121905
0.096348
0.125752
0.102846
0.135449
0.108486
0.123539
0.114368
0.104153
0.116650
0.150338
0.135503
0.116827
0.114869
0.100883
0.110128
0.063908
0.109680
0.107413
0.120495
0.077056
0.101168
0.122852
0.079276
0.175967
0.121003
0.117403
0.128622
0.077772
0.124230
0.110422
0.130692
0.163501
0.066748
0.124758
0.110035
0.122661
0.157301
0.199350
0.071187
0.112614
0.127358
0.118289
0.151912
0.111291
0.142120
0.119000
0.089771
0.121110
0.071814
0.123566
0.115097
0.101473
0.130693
0.104683
0.138506
0.127079
0.131600
0.114203
0.122371
0.128318
0.110314
0.066214
0.136414
0.127276
0.111892
0.110404
0.110991
0.157812
0.109387
0.126087
0.072165
0.089439
0.108319
0.121565
0.110313
0.114196
0.114978
0.107113
0.095223
0.068043
0.119053
0.115165
0.077043
0.137823
0.139832
0.118299
0.061514
0.082875
0.131715
0.126903
0.203847
0.158349
0.062047
0.136555
0.122861
0.074660
0.127097
0.108344
0.127068
0.121097
0.116394
0.110545
0.162270
0.125078
0.112181
0.153482
0.133921
0.103258
0.107331
0.140564
0.111112
0.111602
0.127638
0.133143
0.125987
0.114936
0.111689
0.118649
0.061111
0.207002
0.116752
0.088647
0.196728
0.123167
0.126052
0.120601
0.137313
0.113159
0.139971
0.115969
0.144973
0.161501
0.127530
0.100117
0.112396
0.125017
0.159787
0.219580
0.081551
0.129735
0.064142
0.092123
0.129417
0.078772
0.179291
0.117872
0.082277
0.123072
0.126445
0.132730
0.118520
0.110729
0.139348
0.105150
0.134878
0.094213
0.107843
0.114815
0.116987
0.129247
0.071242
0.100640
0.155329
0.097777
0.256898
0.157482
0.115723
0.079427
0.130922
0.121780
0.124165
0.113467
0.119505
0.127060
0.141363
0.191186
0.128383
0.206574
0.158139
0.256546
0.140680
0.127746
0.152918
0.097279
0.134876
0.156302
0.145063
0.098342
0.178361
0.181203
0.119290
0.145174
0.124741
0.099902
0.128347
0.123998
0.131052
0.175965
0.128942
0.127942
0.105585
0.118931
0.153971
0.127546
0.129308
0.133039
0.153443
0.134587
0.117168
0.121645
0.134766
0.119295
0.136398
0.131737
0.134933
0.124659
0.151029
0.132230
0.126004
0.122868
0.139771
0.089025
0.169093
0.089765
0.121967
0.120441
0.124687
0.160854
0.140890
0.118669
0.133822
0.133237
0.134143
0.119725
0.139821
0.140395
0.128873
0.130136
0.115052
0.083174
0.125656
0.133231
0.085817
0.126742
0.127624
0.165080
0.141462
0.075229
0.142876
0.206611
0.201069
0.131683
0.138171
0.101597
0.137671
0.119740
0.129417
0.148940
0.146503
0.179649
0.134894
0.141170
0.159219
0.086708
0.142439
0.124649
0.122261
0.128101
0.126616
0.136969
0.131444
0.083910
0.144490
0.161710
0.134146
0.120388
0.077378
0.136614
0.110363
0.140016
0.160635
0.178610
0.082752
0.128560
0.123996
0.136826
0.123531
0.084862
0.152369
0.125470
0.156630
0.145726
0.120666
0.148671
0.147848
0.129464
0.127537
0.138723
0.135501
0.066052
0.127639
0.132156
0.201003
0.114895
0.093414
0.141280
0.121416
0.163188
0.108799
0.130284
0.126696
0.116373
0.108433
0.134704
0.139142
0.125251
0.163574
0.191697
0.144821
0.178182
0.120197
0.138606
0.151102
0.130039
0.125125
0.116547
0.125489
0.164329
0.221436
0.162365
0.173357
0.134388
0.092041
0.185283
0.120595
0.139034
0.132542
0.089081
0.130136
0.145458
0.145327
0.106733
0.166721
0.136461
0.144665
0.151675
0.126123
0.129470
0.121810
0.131924
0.156889
0.132339
0.118521
0.133873
0.102778
0.127191
0.139307
0.142514
0.119401
0.128542
0.140265
0.135116
0.145462
0.164730
0.124435
0.129549
0.115569
0.169810
0.182895
0.133770
0.129337
0.078195
0.131289
0.125465
0.115229
0.122056
0.107518
0.128360
0.108726
0.173694
0.116892
0.117978
0.154984
0.088929
0.231596
0.083490
0.129018
0.123977
0.131091
0.153789
0.150532
0.131933
0.158777
0.129608
0.120462
0.126931
0.154675
0.106115
0.129120
0.124929
0.134663
0.153623
0.157453
0.114034
0.143919
0.133595
0.121044
0.129623
0.139583
0.124218
0.126300
0.134031
0.143439
0.099357
0.243622
0.131021
0.174947
0.120817
0.085096
0.142515
0.149064
0.078335
0.152523
0.128246
0.136986
0.121096
0.142576
0.110560
0.131300
0.127467
0.145829
0.162467
0.148540
0.133897
0.151028
0.127728
0.126289
0.125088
0.141212
0.138642
0.159199
0.117764
0.138331
0.125500
0.144412
0.121415
0.134302
0.141674
0.131970
0.127989
0.100088
0.176818
0.146544
0.129861
0.136539
0.108325
0.134722
0.139391
0.108844
0.149884
0.137923
0.125214
0.184993
0.153581
0.078288
0.152832
0.180131
0.133310
0.109853
0.127787
0.134376
0.139531
0.088175
0.156826
0.085465
0.148102
0.132205
0.134614
0.120433
0.158418
0.134656
0.151077
0.131260
0.141927
0.135415
0.090159
0.147386
0.108927
0.151489
0.126445
0.119115
0.128343
0.143478
0.241235
0.097532
0.131912
0.141981
0.141263
0.126695
0.133339
0.290010
0.169835
0.185174
0.145359
0.121613
0.107666
0.137446
0.130397
0.135499
0.157145
0.165221
0.172398
0.172388
0.154232
0.141091
0.157716
0.085707
0.151929
0.132562
0.088198
0.139917
0.146348
0.164640
0.176188
0.154532
0.139752
0.137326
0.090654
0.142406
0.193557
0.179625
0.148130
0.180100
0.170404
0.132660
0.159222
0.131398
0.140296
0.160259
0.083260
0.137540
0.151970
0.156030
0.153458
0.168787
0.137727
0.098519
0.149950
0.134547
0.133912
0.137613
0.156894
0.122989
0.079857
0.134836
0.170190
0.136171
0.107954
0.164589
0.126198
0.156011
0.184593
0.157519
0.139604
0.189778
0.159418
0.182540
0.156689
0.162715
0.176328
0.150523
0.146403
0.180146
0.134727
0.160302
0.189600
0.161204
0.157053
0.151062
0.092799
0.136122
0.131419
0.171699
0.149953
0.136806
0.131884
0.128843
0.160440
0.135082
0.162741
0.132817
0.135126
0.178468
0.141077
0.156199
0.114542
0.148372
0.144368
0.147386
0.136256
0.185601
0.161027
0.183022
0.160573
0.150701
0.107753
0.194895
0.136897
0.132820
0.178854
0.123700
0.188653
0.114986
0.183660
0.142246
0.144655
0.150351
0.136873
0.139191
0.155046
0.177623
0.119826
0.099610
0.129214
0.145702
0.185653
0.148370
0.153971
0.096612
0.171639
0.177814
0.142705
0.173955
0.124643
0.138392
0.157177
0.089199
0.149066
0.151866
0.132980
0.135135
0.139453
0.092859
0.140304
0.158468
0.138670
0.151381
0.099653
0.147601
0.151953
0.147128
0.138069
0.156410
0.168786
0.112207
0.142375
0.142163
0.154477
0.156733
0.136865
0.154470
0.145383
0.180025
0.188452
0.184566
0.184460
0.151357
0.133107
0.134284
0.167259
0.146748
0.146827
0.140403
0.133265
0.174999
0.095423
0.144732
0.136477
0.127578
0.146525
0.148518
0.139997
0.173649
0.139988
0.170392
0.145792
0.161817
0.142270
0.137041
0.131056
0.129325
0.288559
0.097391
0.167329
0.124617
0.189482
0.185472
0.111140
0.191789
0.104343
0.137202
0.133255
0.168701
0.119292
0.137395
0.153372
0.223070
0.146481
0.160782
0.144455
0.085350
0.136396
0.142970
0.141949
0.148045
0.138464
0.153571
0.145090
0.187272
0.156183
0.109252
0.191874
0.172041
0.200423
0.170212
0.137558
0.112296
0.136232
0.151332
0.140431
0.182803
0.143929
0.151540
0.138607
0.143839
0.161870
0.125979
0.136269
0.152131
0.107171
0.172063
0.133469
0.181123
0.133740
0.205454
0.124011
0.210183
0.141757
0.137929
0.143063
0.100972
0.137421
0.137452
0.199469
0.106798
0.152086
0.172102
0.145120
0.107212
0.197974
0.113276
0.156307
0.208155
0.119205
0.163746
0.129879
0.105420
0.145676
0.137764
0.136177
0.199992
0.168414
0.237821
0.207531
0.171535
0.140106
0.223317
0.111782
0.141571
0.195832
