1.250237
0.059360
0.052230
0.058575
0.027310
0.017590
0.059302
0.081654
0.080647
0.069283
0.072879
0.064487
0.042807
0.017966
0.032926
0.080678
0.078096
0.078823
0.062096
0.061449
0.076262
0.019142
0.033559
0.080339
0.078232
0.078768
0.068562
0.057432
0.066962
0.017903
0.018520
0.075080
0.078794
0.078823
0.068406
0.070116
0.071648
0.026562
0.022369
0.078400
0.116031
0.081948
0.072980
0.072993
0.038918
0.020500
0.046968
0.081461
0.080739
0.075017
0.075328
0.071419
0.039469
0.019319
0.078935
0.079959
0.080209
0.065290
0.065698
0.066692
0.026065
0.062857
0.079728
0.080401
0.066942
0.071117
0.068128
0.024664
0.020744
0.076905
0.080194
0.080267
0.063000
0.063854
0.065548
0.020968
0.039278
0.082871
0.080303
0.074786
0.085098
0.074905
0.030383
0.020410
0.075558
0.080371
0.080271
0.064717
0.064967
0.066725
0.021062
0.038206
0.086896
0.080173
0.072015
0.068777
0.074218
0.037707
0.022122
0.079392
0.113745
0.072366
0.071491
0.073436
0.034601
0.021959
0.079046
0.080476
0.080326
0.062564
0.062901
0.067041
0.021994
0.079328
0.080469
0.080330
0.063785
0.066060
0.067827
0.022099
0.098986
0.082516
0.082471
0.073494
0.076828
0.042108
0.024450
0.082203
0.081953
0.082655
0.068910
0.076343
0.037976
0.023535
0.079271
0.082231
0.082768
0.072562
0.078291
0.038060
0.034752
0.082175
0.082329
0.083131
0.072123
0.079002
0.034659
0.024303
0.082953
0.082110
0.082075
0.074181
0.076641
0.031586
0.026688
0.082247
0.085459
0.084972
0.072389
0.079371
0.041679
0.042690
0.088658
0.084276
0.079342
0.076495
0.070075
0.024083
0.076143
0.084823
0.082815
0.069290
0.064033
0.067575
0.024726
0.081757
0.084765
0.084658
0.075407
0.080745
0.041772
0.075678
0.084937
0.084523
0.073053
0.059982
0.064894
0.023417
0.080040
0.083852
0.084563
0.075731
0.080791
0.034029
0.050153
0.084679
0.081994
0.080441
0.074183
0.072865
0.032542
0.081299
0.084756
0.084883
0.075514
0.080878
0.036305
0.026338
0.083014
0.084327
0.083208
0.077694
0.076908
0.029325
0.081282
0.080253
0.069158
0.041014
0.029976
0.031154
0.031230
0.025643
0.025108
0.025162
0.025442
0.025614
0.026208
0.025159
0.025593
0.026319
0.024954
0.024969
0.024870
0.024768
0.025349
0.026001
0.025435
0.025296
0.025412
0.025221
0.030118
0.025422
0.025657
0.025655
0.025536
0.025657
0.025656
0.025385
0.025705
0.026083
0.025568
0.025386
0.025827
0.025755
0.026084
0.025801
0.026035
0.025768
0.025620
0.025678
0.030235
0.028590
0.025991
0.026128
0.025886
0.025659
0.026211
0.025872
0.026144
0.026374
0.026054
0.026561
0.026205
0.028143
0.026278
0.026281
0.026775
0.027109
0.027882
0.028540
0.032032
0.026637
0.027851
0.028107
0.027490
0.028098
0.027997
0.028229
0.028079
0.028255
0.028144
0.028061
0.028086
0.028175
0.028355
0.026590
0.027803
0.027745
0.028422
0.028147
0.031995
0.027802
0.027422
0.028223
0.026204
0.026161
0.026660
