0.831028
0.018222
0.019580
0.017380
0.022171
0.020702
0.021397
0.022551
0.020575
0.019286
0.017967
0.024422
0.019523
0.022473
0.022230
0.018790
0.020770
0.024351
0.030879
0.022631
0.037564
0.071760
0.076814
0.059489
0.066718
0.062826
0.030488
0.024798
0.082141
0.095458
0.070683
0.073456
0.071155
0.073565
0.072121
0.039518
0.016729
0.024080
0.063200
0.074187
0.098565
0.047226
0.057796
0.026242
0.028085
0.025208
0.022922
0.072716
0.071929
0.066265
0.077121
0.073955
0.075282
0.074836
0.065895
0.021837
0.023369
0.059175
0.077938
0.062423
0.094065
0.050359
0.021302
0.022446
0.021470
0.072966
0.074312
0.069068
0.072839
0.073817
0.072733
0.072814
0.066904
0.023556
0.021767
0.070190
0.073776
0.068443
0.066785
0.063085
0.029742
0.024763
0.023552
0.043491
0.073714
0.072171
0.064101
0.072243
0.072777
0.072829
0.072917
0.055327
0.023686
0.021654
0.075426
0.075311
0.054890
0.065011
0.062293
0.025418
0.029881
0.027011
0.072096
0.073029
0.070627
0.074845
0.072799
0.072863
0.074436
0.071444
0.022353
0.023236
0.072567
0.076186
0.061897
0.064556
0.062546
0.026700
0.076006
0.077762
0.091133
0.078945
0.074975
0.078643
0.075529
0.031486
0.023860
0.072702
0.075126
0.064708
0.064795
0.062110
0.024050
0.024664
0.025036
0.075766
0.078681
0.063303
0.076929
0.074261
0.102962
0.076930
0.043351
0.025407
0.073452
0.079965
0.064317
0.064208
0.063030
0.025023
0.026508
0.075467
0.076251
0.066365
0.076897
0.077054
0.077786
0.077684
0.052701
0.025174
0.097547
0.077832
0.066718
0.074340
0.030366
0.026952
0.078669
0.079940
0.065530
0.078880
0.077192
0.077854
0.077481
0.040011
0.026062
0.074062
0.081909
0.058946
0.064873
0.062624
0.034861
0.030088
0.079880
0.088980
0.060973
0.079771
0.077735
0.077572
0.077730
0.037293
0.023660
0.071040
0.081029
0.066327
0.057743
0.060519
0.027680
0.027856
0.075766
0.078744
0.093584
0.077653
0.077938
0.077419
0.079958
0.040453
0.028942
0.076956
0.081378
0.063468
0.075902
0.036931
0.027470
0.030170
0.077359
0.078387
0.060748
0.079794
0.077848
0.076970
0.105176
0.027152
0.082568
0.079806
0.062684
0.059437
0.061701
0.028410
0.032564
0.074881
0.078577
0.070115
0.079337
0.079568
0.079991
0.079554
0.037386
0.028778
0.076950
0.079732
0.089047
0.075349
0.032050
0.028925
0.028401
0.077979
0.082590
0.067550
0.081354
0.079726
0.082060
0.080161
0.027291
0.031312
0.086806
0.082328
0.069189
0.072544
0.030253
0.030898
0.072623
0.079261
0.077165
0.079492
0.079825
0.079792
0.080170
0.058964
0.033588
0.082665
0.080333
0.073614
0.059400
0.028030
0.091474
0.085711
0.078518
0.080642
0.079748
0.081454
0.084207
0.033349
0.084462
0.082887
0.076657
0.082278
0.035257
0.032210
0.081028
0.080875
0.073123
0.086268
0.082446
0.083971
0.082019
0.049283
0.031708
0.088032
0.082939
0.078354
0.077367
0.040685
0.041720
0.084790
0.079823
0.080672
0.081276
0.081345
0.085831
0.062708
0.029106
0.085094
0.086323
