0.769055
0.051603
0.019596
0.021253
0.058852
0.058882
0.066740
0.071341
0.070296
0.071092
0.072030
0.052348
0.017777
0.021994
0.072001
0.070786
0.060069
0.048938
0.059999
0.024071
0.024017
0.020823
0.071515
0.070455
0.058485
0.071015
0.071246
0.071243
0.072920
0.064929
0.018890
0.021789
0.071836
0.073700
0.059437
0.051213
0.057771
0.021324
0.020843
0.019760
0.047425
0.073962
0.073478
0.074947
0.075442
0.075495
0.073557
0.073231
0.021995
0.022375
0.072540
0.075571
0.062520
0.059180
0.061836
0.021209
0.022557
0.023434
0.075181
0.072569
0.088556
0.074590
0.074794
0.075547
0.073665
0.020403
0.075694
0.093398
0.064126
0.071757
0.026261
0.022600
0.020483
0.072913
0.072000
0.062808
0.073514
0.072882
0.073502
0.073502
0.055329
0.023766
0.084637
0.074319
0.055785
0.054038
0.057747
0.022578
0.024673
0.040931
0.073343
0.071981
0.076080
0.073451
0.077868
0.073593
0.062652
0.022326
0.044506
0.075916
0.086191
0.067404
0.060165
0.023984
0.023306
0.023942
0.076546
0.074617
0.061889
0.073551
0.073482
0.075659
0.073288
0.058371
0.025812
0.074957
0.078488
0.061595
0.058516
0.060583
0.032229
0.024601
0.075124
0.074632
0.063827
0.086403
0.075672
0.075634
0.076077
0.045373
0.020966
0.051373
0.076780
0.069825
0.075373
0.064537
0.026236
0.024879
0.042873
0.074971
0.091738
0.077636
0.075714
0.075635
0.075974
0.062390
0.022996
0.077449
0.080541
0.064412
0.060632
0.045147
0.026549
0.031830
0.079158
0.078441
0.065886
0.079988
0.077694
0.079379
0.092177
0.022376
0.027832
0.080364
0.080758
0.073611
0.072148
0.028177
0.024480
0.028590
0.081394
0.077153
0.077552
0.077773
0.078050
0.078396
0.068053
0.024343
0.064946
0.083709
0.094510
0.075255
0.036063
0.026894
0.028527
0.077698
0.081635
0.062794
0.078203
0.077818
0.078713
0.078447
0.038874
0.028426
0.081325
0.080960
0.066066
0.078850
0.040134
0.029572
0.078505
0.076838
0.068805
0.080253
0.078043
0.078195
0.080283
0.038206
0.029586
0.078697
0.080285
0.070075
0.077326
0.031881
0.029060
0.030623
0.079020
0.077986
0.080472
0.080382
0.107978
0.082599
0.025672
0.029374
0.082321
0.083233
0.071104
0.074722
