1.092932
0.063298
0.031234
0.062116
0.051655
0.029499
0.074112
0.059318
0.075282
0.074919
0.072567
0.072190
0.099645
0.018756
0.070786
0.070847
0.073530
0.073379
0.073021
0.074299
0.079082
0.067420
0.029067
0.028881
0.081906
0.080570
0.073318
0.089846
0.080585
0.075695
0.024867
0.025841
0.074787
0.076208
0.058143
0.048457
0.058993
0.146800
0.076876
0.075173
0.121205
0.097383
0.050862
0.021274
0.077357
0.079943
0.124367
0.031833
0.023597
0.083632
0.075473
0.066630
0.075996
0.073800
0.073698
0.076488
0.058183
0.022872
0.025192
0.080182
0.093570
0.070440
0.064983
0.025481
0.024245
0.073862
0.077904
0.065629
0.075652
0.074242
0.076627
0.073565
0.035151
0.025356
0.077173
0.076416
0.061195
0.052856
0.060930
0.025685
0.031304
0.099171
0.074435
0.074927
0.076017
0.074509
0.075961
0.073591
0.028427
0.025280
0.077127
0.078789
0.081808
0.063728
0.035248
0.058701
0.077291
0.075097
0.076058
0.074674
0.105659
0.076646
0.044777
0.026841
0.097248
0.074713
0.077155
0.059612
0.035151
0.040599
0.075899
0.070365
0.075989
0.078237
0.078493
0.076028
0.065801
0.023634
0.051838
0.080448
0.088316
0.054911
0.061624
0.031138
0.026556
0.074541
0.080225
0.077907
0.080185
0.075981
0.078309
0.071328
0.100286
0.082680
0.060534
0.059829
0.061535
0.027882
0.028014
0.079825
0.091785
0.082142
0.079258
0.082964
0.079566
0.045917
0.026912
0.079452
0.080946
0.066938
0.080802
0.031723
0.026483
0.027445
0.093714
0.077535
0.080419
0.079840
0.079486
0.081019
0.069699
0.027864
0.085112
0.080388
0.066140
0.079834
0.028099
0.028535
0.048841
0.080285
0.068847
0.077992
0.079136
0.079069
0.078535
0.064588
0.025365
0.079399
0.081275
0.069362
0.097694
0.029911
0.029383
0.081304
0.081413
0.080906
0.076950
0.078730
0.079123
0.064420
0.028603
0.079121
0.080156
0.069202
0.051340
0.056537
0.028409
0.029979
0.079787
0.081885
0.104921
0.080866
0.080612
0.080997
0.049593
0.030642
0.080270
0.082460
0.072014
0.067966
0.030172
0.039211
0.089625
0.078602
0.078330
0.081536
0.080092
0.082307
0.068946
0.028383
0.109366
0.073843
0.079055
0.067722
0.128374
0.097836
0.085456
0.084681
0.082585
0.081180
0.053652
0.033043
0.088897
0.082017
0.076035
0.062856
0.032683
0.034084
0.081154
0.080036
0.107803
0.083567
0.085865
0.086885
0.042882
0.035700
0.082364
0.084520
0.075384
0.068491
0.033018
0.032968
0.081322
0.082182
0.085370
0.080570
0.083478
0.080611
0.047379
0.033793
0.186733
0.070511
0.060755
0.034634
0.059653
0.085066
0.080223
0.082973
0.080487
0.083223
0.080301
0.034769
0.030574
0.097889
0.078825
0.078994
0.063555
0.056474
0.090552
0.079014
0.110887
0.088900
0.089605
0.048511
0.037024
0.083814
0.086932
0.082104
0.071120
0.030157
0.053070
0.084694
0.081696
0.087460
0.085456
0.084285
0.085460
0.033999
0.034948
0.086995
0.122205
0.079469
0.041478
0.035012
0.112283
0.082678
0.088011
0.082404
0.085627
0.084785
0.046143
0.107515
0.088589
0.084572
0.061885
0.035820
0.062128
0.095020
0.075775
0.086359
0.115566
0.086715
0.069859
0.068405
0.089934
0.073309
0.077388
0.055906
0.038312
0.089180
0.090408
0.089952
0.090048
0.090891
0.087941
0.057947
0.035738
0.090346
0.090673
0.088379
0.072931
0.035376
0.079326
0.089856
0.071876
0.086874
0.083838
0.106589
0.040477
0.094950
0.088284
0.094303
0.075609
0.049219
0.085324
0.085624
0.086933
0.086378
0.087825
0.088071
0.052313
0.087552
0.089069
0.078250
0.087381
0.033974
