1.090339
0.052157
0.046599
0.017925
0.061326
0.061236
0.065198
0.073547
0.071604
0.071208
0.071419
0.048236
0.186677
0.088865
0.059801
0.023828
0.019315
0.032473
0.073501
0.072226
0.097467
0.071355
0.073157
0.073307
0.034549
0.019996
0.037337
0.072225
0.074254
0.061041
0.047374
0.057200
0.036276
0.022898
0.079182
0.070696
0.067679
0.073988
0.073832
0.074785
0.103798
0.025520
0.020516
0.077079
0.068041
0.075145
0.052377
0.091916
0.073721
0.072137
0.073672
0.074651
0.073609
0.065881
0.020880
0.021579
0.149502
0.069016
0.071535
0.024378
0.029361
0.074253
0.076451
0.076930
0.084591
0.075112
0.076366
0.033531
0.023993
0.069248
0.077413
0.065433
0.063204
0.056383
0.025157
0.024741
0.047185
0.073173
0.072559
0.072960
0.101955
0.073990
0.074669
0.064194
0.022057
0.024400
0.074459
0.077846
0.068497
0.075546
0.031549
0.026159
0.022224
0.078288
0.077562
0.059302
0.077108
0.074825
0.074873
0.074949
0.068046
0.032590
0.077095
0.076816
0.095293
0.057083
0.031325
0.029765
0.114056
0.073741
0.079709
0.076314
0.081009
0.073817
0.107803
0.078613
0.072479
0.140941
0.070173
0.080172
0.107242
0.052027
0.076944
0.075048
0.065026
0.027946
0.080261
0.068222
0.079749
0.078264
0.092604
0.024285
0.083293
0.083103
0.059667
0.031509
0.081290
0.089704
0.090491
0.072143
0.037565
0.086808
0.070932
0.036387
0.083452
0.068622
0.084488
0.075904
0.062073
0.164373
0.068554
0.034407
0.080019
0.084680
0.029911
0.080036
0.071670
0.030794
0.061357
0.083929
0.106246
0.051576
0.079970
0.085721
0.053167
0.079709
0.079163
0.079702
0.068497
0.083811
0.070171
0.067392
0.078690
0.081641
0.080037
0.078302
0.079121
0.026454
0.090938
0.074452
0.035549
0.077453
0.071525
0.081968
0.083105
0.076915
0.090801
0.066576
0.031830
0.081025
0.077740
0.081684
0.078463
0.035931
0.094005
0.074431
0.066166
0.053174
0.093443
0.082027
0.110428
0.078239
0.079305
0.084760
0.080573
0.029916
0.079803
0.084978
0.081515
0.080039
0.080055
0.080495
0.028002
0.082249
0.071700
0.064392
0.047226
0.060468
0.083726
0.085882
0.109678
0.080211
0.081093
0.032342
0.033492
0.093544
0.080974
0.069214
0.036152
0.029570
0.054123
0.083690
0.072959
0.080998
0.081313
0.081826
0.028118
0.079856
0.067232
0.087958
0.056158
0.085883
0.076880
0.082292
0.085960
0.080944
0.084534
0.068224
0.073565
0.032278
0.055645
0.082377
0.080446
0.090821
0.083280
0.031199
0.127929
0.075247
0.039476
0.033334
0.114487
0.084608
0.080693
0.083280
0.071492
0.085570
0.072315
0.078371
0.085557
0.087313
0.080038
0.084287
0.080499
0.032566
0.089204
0.067842
0.069930
0.083580
0.081030
0.081638
0.108724
0.080215
0.036070
0.080197
0.080473
0.071777
0.081558
0.074271
0.085864
0.079900
0.083079
0.040732
0.086421
0.074238
0.072385
0.032813
0.085486
0.086418
0.082760
0.084445
0.067990
0.089488
0.071558
0.061126
0.085253
0.073505
0.086969
0.082883
0.036782
0.107402
0.070204
0.052034
0.096649
0.084811
0.089452
0.088067
0.089671
0.088440
0.091274
0.061592
0.049093
0.091358
0.078165
0.091820
0.088438
0.063891
0.090724
0.071506
0.073737
0.097914
0.085109
0.086129
0.086462
0.071301
0.090549
0.072949
0.071567
0.086732
0.068534
0.086556
0.115916
0.082968
0.034370
0.090706
0.072280
0.082142
0.035420
0.087754
0.080653
0.089361
0.094979
0.086751
0.040509
0.085040
0.080136
0.081372
0.048711
0.083081
0.079959
0.086031
0.112708
0.052182
0.089169
0.079407
0.063059
0.045542
0.036015
0.081157
0.086453
0.083716
0.087006
0.086392
0.041809
0.094594
0.094442
0.090292
0.041284
0.091043
0.083861
0.091311
0.113921
0.090118
0.037194
0.089063
0.077862
0.065219
0.046489
0.035467
0.087747
0.090997
0.118732
0.085634
0.073421
0.035296
0.091808
0.072096
0.084566
0.034227
0.051161
0.085560
0.113397
0.085385
0.086528
0.084476
0.052509
0.103385
0.079304
0.072853
0.046371
0.085173
0.076171
0.084527
0.084979
0.086309
0.044280
0.087027
0.078972
0.061629
0.050688
0.037889
0.109711
0.073861
0.085590
0.088394
0.083819
0.036332
0.089749
0.071672
0.085037
0.038232
0.086874
0.083758
0.087035
0.085040
0.085587
0.039770
0.086870
0.080369
0.087022
0.035943
0.115467
0.076058
0.087660
0.086878
0.088629
0.037560
0.087944
0.086742
0.077760
0.035079
0.089236
0.076424
0.089571
0.090391
0.065805
0.093442
0.112442
0.040969
0.088292
0.097610
0.126085
0.083615
0.041825
0.088630
0.088928
0.037137
0.036902
0.039125
0.039146
0.036747
0.038656
0.038972
0.037990
