162	188	34	84
163	179	32	87
162	178	33	87
161	179	34	88
162	174	33	91
162	175	34	89
161	176	35	90
159	178	40	90
160	178	34	88
159	179	35	89
160	180	33	85
161	181	29	85
161	181	27	86
162	181	28	84
162	182	28	86
162	183	28	86
161	184	28	85
160	187	29	81
160	189	30	82
160	189	28	86
161	192	28	81
161	195	28	75
163	196	26	74
165	196	24	75
164	198	26	73
165	196	27	75
165	196	30	76
167	196	32	75
168	196	31	77
170	195	28	84
170	195	28	79
168	194	30	87
168	194	31	83
167	193	32	86
165	195	36	82
164	195	35	77
163	196	37	78
164	197	35	75
163	197	35	77
162	197	34	75
160	198	33	73
159	197	35	73
159	198	35	71
157	197	36	71
157	198	41	75
155	195	42	78
155	195	36	83
154	197	36	81
153	197	37	77
150	197	39	77
147	195	42	78
151	194	36	80
150	195	36	84
150	193	36	82
152	190	32	84
151	188	33	85
150	190	37	84
148	187	39	92
148	185	33	96
145	185	31	93
147	184	30	91
145	184	30	89
146	185	28	89
141	185	34	88
138	186	37	86
139	187	37	86
139	188	37	85
139	188	37	86
141	188	34	87
144	188	33	88
140	186	38	89
139	186	40	92
138	186	42	92
132	185	49	91
138	183	45	101
142	183	42	104
146	186	41	103
144	183	46	111
149	183	45	104
159	183	36	102
161	182	40	102
162	182	41	104
167	183	39	99
173	181	38	102
177	180	37	101
181	180	40	101
185	178	37	105
187	179	38	103
188	179	38	98
191	178	38	100
194	182	39	97
195	180	41	97
195	181	45	100
196	180	46	100
197	181	42	100
197	177	39	101
197	176	42	101
196	179	42	97
195	180	48	97
196	177	50	101
197	177	47	102
197	179	46	99
195	177	59	108
198	172	49	109
198	174	50	108
198	170	52	113
200	172	47	109
198	170	56	114
199	169	58	117
200	166	56	117
202	166	54	116
204	161	57	124
205	161	56	122
208	159	53	124
209	155	54	128
212	157	54	127
213	154	55	129
215	157	54	124
215	156	56	124
217	155	56	125
218	156	56	124
219	154	54	128
221	155	53	126
221	151	53	129
221	154	52	124
221	152	52	129
221	151	53	131
221	155	53	122
220	154	52	126
220	153	51	125
220	153	57	126
221	155	54	123
220	152	55	129
219	151	56	132
220	151	55	130
221	153	54	126
220	151	54	126
219	151	58	127
220	154	53	124
218	151	58	128
219	154	52	123
219	150	55	127
219	153	54	124
219	148	56	132
220	152	50	127
220	147	53	129
218	152	59	127
218	152	62	123
217	152	64	123
218	155	62	118
218	153	62	123
220	152	60	123
222	154	56	120
221	154	67	121
226	159	65	119
230	156	73	121
224	157	80	121
227	156	74	120
233	150	64	132
229	150	67	134
230	148	65	140
232	146	62	134
234	141	58	136
233	141	56	137
233	141	57	137
231	140	59	141
232	141	61	134
229	140	67	136
228	141	69	138
229	140	70	145
233	139	67	142
246	139	53	135
241	144	58	142
237	143	66	144
236	147	71	142
234	149	80	135
230	152	88	118
227	151	91	120
224	150	89	121
221	151	102	116
222	150	87	120
222	150	82	123
221	152	81	124
227	151	85	127
208	145	68	137
213	145	46	137
216	145	39	134
216	147	36	132
217	145	32	132
217	147	31	132
216	149	32	130
213	151	35	129
209	156	41	120
209	155	38	121
207	157	44	120
206	159	38	114
205	159	38	112
200	158	44	115
200	158	42	114
198	157	45	116
197	157	45	113
195	159	49	115
194	156	51	112
192	158	50	114
192	160	48	111
191	163	44	104
191	168	38	102
189	170	40	101
186	171	36	101
181	179	36	95
178	183	36	89
177	185	37	87
175	186	38	88
175	184	41	90
171	182	48	95
172	173	48	102
175	162	50	108
182	162	44	106
183	161	45	108
180	163	48	106
179	157	51	113
185	154	44	121
184	155	44	120
184	153	43	120
182	153	46	120
182	158	45	114
182	155	45	116
182	154	45	113
182	156	40	110
182	154	41	111
180	153	45	116
180	149	43	121
179	150	44	125
179	151	43	127
179	151	45	127
178	149	49	133
178	147	49	137
180	145	46	143
181	146	45	142
182	145	46	140
185	146	45	135
185	146	46	134
187	147	45	130
185	144	47	144
186	143	44	146
190	145	41	141
191	142	42	139
186	143	48	142
178	143	55	135
173	138	61	142
175	138	59	142
174	137	62	145
178	134	59	151
187	136	48	149
192	137	40	143
191	132	37	154
189	133	39	153
192	132	38	155
192	133	37	154
191	134	36	157
191	134	36	157
188	136	40	155
187	135	42	160
192	134	45	156
191	138	50	151
190	136	52	153
187	134	53	155
188	132	55	160
191	132	56	158
189	132	59	158
190	132	61	159
191	134	60	157
193	133	60	149
201	138	54	143
211	134	48	148
216	136	41	149
221	142	40	143
216	137	49	156
219	135	45	159
224	137	45	155
225	133	52	162
229	138	55	155
237	153	55	143
234	155	68	136
241	166	59	128
242	159	57	136
240	146	68	146
241	138	64	155
241	139	62	151
241	135	57	156
238	136	51	158
240	136	48	164
245	138	44	161
248	141	44	160
247	139	49	162
244	134	54	169
244	138	53	161
244	136	65	165
242	141	68	161
244	145	66	157
244	146	53	154
249	145	40	157
247	141	38	159
247	144	36	157
242	146	39	152
236	143	49	158
236	144	46	154
242	150	38	144
239	143	40	151
241	150	41	142
237	151	46	145
235	156	48	139
233	155	49	136
233	154	49	140
229	152	48	141
222	143	53	151
227	144	45	146
228	144	42	145
229	144	45	144
228	144	52	140
225	142	51	143
225	141	45	143
224	141	44	151
225	139	40	155
220	139	48	155
220	140	51	153
218	139	53	153
215	139	59	154
213	143	62	146
214	142	57	150
214	141	55	149
212	141	60	153
217	145	52	148
222	140	47	155
225	142	46	153
228	141	45	152
233	142	44	154
236	144	42	152
235	143	46	153
234	143	51	149
239	140	51	152
245	139	49	149
248	139	48	151
253	142	49	145
256	141	48	142
253	140	56	150
256	140	55	152
259	146	57	146
260	143	51	147
262	137	51	152
269	133	46	156
271	126	43	163
269	124	44	173
268	126	48	170
263	142	57	158
270	151	49	146
270	144	53	152
277	142	50	153
275	137	58	155
275	139	61	157
279	135	63	165
263	128	73	164
260	141	72	154
263	145	66	150
277	146	52	144
283	143	46	153
286	142	41	154
290	138	40	156
291	144	42	147
292	141	44	152
295	144	42	157
296	140	43	159
298	145	45	154
300	138	48	164
304	137	46	169
308	147	43	163
306	141	48	166
310	140	44	170
307	138	53	171
313	140	48	168
317	141	45	161
318	142	45	166
322	139	42	173
324	139	42	178
326	139	42	182
328	139	43	183
330	137	43	190
331	136	47	195
332	136	48	193
334	135	48	189
330	134	55	188
331	139	57	183
327	137	53	181
333	134	47	186
330	134	47	185
328	137	52	181
333	135	47	187
334	133	48	184
334	131	51	185
335	129	54	181
