0.846956
0.055928
0.015521
0.018036
0.060459
0.063116
0.057476
0.019248
0.020179
0.072927
0.076107
0.063694
0.066764
0.017422
0.089274
0.073507
0.060779
0.064277
0.019159
0.030977
0.105567
0.054677
0.066409
0.020461
0.093211
0.062750
0.060304
0.058055
0.020081
0.166555
0.063099
0.065171
0.035305
0.075494
0.070977
0.059870
0.059144
0.020269
0.080127
0.081595
0.088294
0.068301
0.111835
0.091385
0.061958
0.067137
0.021282
0.075649
0.078188
0.059340
0.053587
0.050757
0.052566
0.097009
0.099973
0.056052
0.025815
0.077912
0.076740
0.059326
0.080529
0.038200
0.025801
0.143902
0.066792
0.076856
0.023169
0.034517
0.103137
0.069798
0.061790
0.040312
0.025269
0.075357
0.079080
0.057445
0.070860
0.029795
0.181426
0.065852
0.072428
0.023572
0.083749
0.081715
0.059796
0.059107
0.041913
0.213729
0.093541
0.050148
0.029359
0.077457
0.062678
0.078777
0.026267
0.060017
0.082128
0.066756
0.027789
0.059016
0.030778
0.024767
0.022573
0.038515
0.036628
0.034519
0.032901
0.063589
0.029202
0.029709
0.022087
0.030101
0.017841
0.031160
0.033411
0.034935
0.034220
0.026438
0.051795
0.027472
0.022874
0.014205
0.018573
0.033725
0.031624
0.031986
0.035318
0.025115
0.028673
0.029305
0.032486
0.015170
0.019284
0.029908
0.080719
0.069275
0.077987
0.059398
0.034535
0.080262
0.102874
0.077080
0.059470
0.053491
0.148497
0.063670
0.080832
0.082994
0.065639
0.077307
0.082251
0.082843
0.060002
0.047373
0.027667
0.089304
0.070997
0.064652
0.068684
0.083781
0.102221
0.061694
0.058525
0.031446
0.079032
0.076041
0.086921
0.033406
0.081846
0.079550
0.073393
0.057456
0.076571
0.081121
0.078158
0.069596
0.027190
0.085619
0.098280
0.071616
0.062716
0.054500
0.081638
0.064223
0.063033
0.048371
0.131764
0.076100
0.062047
0.051381
0.035883
0.081896
0.079852
0.067525
0.057096
0.030339
0.102364
0.068168
0.077245
0.032143
0.112879
0.085877
0.080851
0.056410
0.030823
0.082634
0.074512
0.070871
0.058111
0.030027
0.081391
0.082223
0.071770
0.071193
0.028426
0.177958
0.073592
0.057179
0.030050
0.081919
0.103633
0.122188
0.031026
0.081490
0.084248
0.077718
0.064749
0.031529
0.081878
0.080122
0.072645
0.066431
0.029171
0.083183
0.083685
0.069170
0.076556
0.028449
0.084188
0.085318
0.086789
0.071812
0.028537
0.082736
0.092297
0.071944
0.073306
0.031443
0.048544
0.086916
0.073597
0.064023
0.057197
0.028619
0.105187
0.076208
0.087159
0.046744
0.088796
0.079077
0.096009
0.038997
0.045690
0.088100
0.076295
0.064515
0.054198
0.028493
0.086874
0.088818
0.075507
0.060661
0.030327
0.093520
0.076771
0.076261
0.052234
0.049067
0.088599
0.074194
0.096388
0.041801
0.045601
0.085025
0.074645
0.067544
0.057313
0.083017
0.085444
0.068012
0.079652
0.032912
0.085352
0.073738
0.073385
0.063094
0.044541
0.085715
0.071146
0.073749
0.065252
0.043990
0.089042
0.070403
0.074281
0.058894
0.035362
0.084743
0.085058
0.077687
0.060332
0.028332
0.085140
0.083877
0.078280
0.060989
0.030582
0.100829
0.077444
0.075739
0.064432
0.048214
0.090253
0.077091
0.068526
0.055914
0.031489
0.086761
0.085921
0.085152
0.049531
0.031241
0.086821
0.085332
0.079011
0.064261
0.031745
0.087234
0.084013
0.069709
0.075937
0.032130
0.087677
0.081154
0.068675
0.055457
0.033071
0.086365
0.084979
0.078760
0.060193
0.031417
0.085704
0.085228
0.077524
0.064013
0.036618
0.087621
0.084671
0.076563
0.067891
0.060875
0.088516
0.068119
0.064640
0.056768
0.031857
0.091290
0.084788
0.079459
0.057464
0.032078
0.098748
0.079243
0.077603
0.061827
0.033985
0.089656
0.081075
0.077939
0.064961
0.047461
0.100117
0.075205
0.075058
0.033709
0.090216
0.039725
0.037878
0.040562
0.038928
0.028092
