0.898399
0.189928
0.094257
0.092148
0.092228
0.085356
0.088582
0.095683
0.064556
0.085053
0.048845
0.018831
0.068190
0.096203
0.087895
0.086342
0.087499
0.076899
0.072374
0.076495
0.041234
0.018493
0.078007
0.081630
0.079945
0.081613
0.069439
0.051668
0.067561
0.021376
0.019606
0.074743
0.079364
0.079168
0.068993
0.067881
0.072812
0.019338
0.036168
0.081195
0.111763
0.061864
0.064262
0.061242
0.017484
0.019477
0.075834
0.079361
0.072312
0.071730
0.074141
0.021370
0.019574
0.076320
0.077512
0.070654
0.066352
0.074314
0.025814
0.081534
0.120325
0.065240
0.072204
0.064617
0.022888
0.040114
0.077757
0.078636
0.063285
0.070161
0.064096
0.022849
0.020401
0.075220
0.078117
0.071998
0.061697
0.074345
0.033003
0.035882
0.114259
0.077542
0.066534
0.069881
0.036424
0.021208
0.074713
0.079974
0.072080
0.066580
0.062842
0.021101
0.039155
0.079892
0.078274
0.060978
0.061592
0.062729
0.021855
0.040219
0.109617
0.074492
0.068011
0.071115
0.021852
0.021117
0.078419
0.080078
0.062447
0.069338
0.060846
0.023714
0.041448
0.078875
0.080065
0.067080
0.074876
0.034180
0.022668
0.076807
0.110138
0.064026
0.054581
0.062400
0.021099
0.048243
0.079328
0.080513
0.063101
0.076974
0.031344
0.024477
0.076892
0.078754
0.062423
0.070251
0.064291
0.026404
0.107053
0.077890
0.087617
0.071725
0.027947
0.022713
0.080609
0.080803
0.068555
0.066799
0.063970
0.023980
0.062075
0.081218
0.072705
0.067325
0.071079
0.026878
0.025976
0.079355
0.082495
0.067492
0.090805
0.041879
0.024188
0.077778
0.080867
0.067567
0.063379
0.061364
0.023270
0.078669
0.080564
0.068829
0.066499
0.064514
0.026481
0.083000
0.080653
0.068857
0.065952
0.064719
0.031255
0.088410
0.079928
0.072521
0.079098
0.030569
0.078812
0.080788
0.068855
0.071741
0.062456
0.039075
0.079100
0.083158
0.070132
0.064212
0.061251
0.027981
0.079355
0.082730
0.097297
0.077888
0.036262
0.028576
0.081341
0.082879
0.065040
0.056669
0.061812
0.027922
0.081709
0.082806
0.071076
0.058611
0.061883
0.028566
0.083471
0.084366
0.066381
0.059817
0.060486
0.034283
0.173103
0.082436
0.071075
0.026897
0.100301
0.082315
0.062541
0.059599
0.056157
0.028534
0.096695
0.089278
0.073829
0.070454
0.026158
0.079657
0.082459
0.069856
0.092276
0.039301
0.043754
0.082657
0.082728
0.084535
0.067424
0.027047
0.080016
0.083730
0.065317
0.061428
0.058062
0.042607
0.091739
0.073357
0.079386
0.065204
0.032129
0.079940
0.112069
0.077972
0.066751
0.062642
0.090716
0.072839
0.071183
0.063794
0.026457
0.080120
0.083485
0.062134
0.057869
0.062648
0.090360
0.072568
0.062651
0.036347
0.029336
0.033313
0.031710
0.028090
0.026686
0.027059
0.026794
0.027035
0.027580
0.027098
0.027392
0.025034
0.025714
0.025805
0.026297
0.026181
0.024797
0.025855
0.026967
0.026706
0.029058
0.026816
0.030790
0.026043
0.026012
0.026420
0.027181
0.026155
0.026381
0.026607
0.026395
0.028567
0.027242
0.028799
0.027625
0.028092
0.027005
0.027157
0.028188
0.027067
0.026772
0.027922
0.031719
0.029069
0.027497
0.027060
0.027361
0.029655
0.026809
0.026081
0.027430
0.028652
0.027185
0.027097
0.027905
0.027415
0.028032
0.028278
0.031046
0.030652
0.028207
0.027938
0.034591
0.028351
0.028987
0.030061
0.028709
0.026687
0.033317
0.029246
0.028203
0.029168
0.030538
0.029180
0.027611
0.028968
0.027937
0.035957
0.031241
0.030908
0.034698
0.032533
0.040323
0.029542
0.029944
0.029114
0.030023
0.030804
0.029981
0.031660
0.028723
0.028302
0.041138
0.028106
0.029465
0.031227
0.037414
0.028438
