275	137	23	26
278	135	18	25
279	135	20	23
280	134	20	25
280	135	20	24
277	137	18	22
272	144	19	21
269	151	19	22
269	152	19	21
270	155	18	22
273	154	19	22
277	151	19	23
279	144	19	23
279	144	19	23
279	132	20	23
278	118	20	23
277	102	20	26
275	86	20	26
275	86	20	26
275	74	20	26
278	66	19	25
281	58	19	25
282	53	20	24
282	53	20	24
283	53	19	26
284	58	19	25
286	65	21	24
286	71	20	24
286	71	20	25
283	73	20	27
279	69	22	27
279	62	21	27
278	56	22	27
278	56	22	28
278	54	22	27
276	51	21	27
277	47	20	28
278	47	22	26
279	46	22	25
277	44	23	26
273	39	21	27
267	32	21	26
263	26	22	27
263	26	23	26
261	29	22	25
257	32	21	27
250	32	23	29
251	34	23	27
251	34	22	26
258	43	23	28
268	56	23	28
276	62	22	29
285	66	22	30
285	66	23	29
294	74	22	28
298	87	23	27
294	98	23	28
283	103	23	27
283	103	22	25
271	99	24	27
261	90	24	27
253	80	24	28
247	74	26	30
247	75	25	29
244	74	25	26
242	73	25	27
242	72	25	27
242	70	24	27
242	70	24	26
242	67	24	27
241	66	24	28
242	65	24	26
240	65	24	27
240	65	23	28
241	70	24	27
243	75	24	28
241	81	24	27
236	90	23	28
235	90	24	28
230	100	24	29
224	105	24	28
218	105	25	29
209	103	24	29
209	103	24	28
198	104	25	29
191	104	25	29
188	102	26	29
189	96	25	29
189	96	24	27
189	96	25	28
190	99	25	28
192	100	25	29
196	97	25	27
197	96	24	29
199	93	25	29
196	95	24	28
189	98	25	28
182	100	25	28
182	99	25	31
179	99	26	32
179	99	26	32
175	101	26	31
169	103	26	32
169	103	25	32
165	107	27	34
166	109	27	30
166	105	26	32
162	96	27	31
162	95	27	34
157	87	27	32
153	79	27	33
149	70	27	34
144	59	28	36
143	58	28	37
135	46	27	35
128	38	29	36
129	38	29	37
133	38	29	36
134	38	29	37
136	37	30	37
137	40	30	37
142	47	28	36
149	57	29	37
149	58	29	38
155	66	30	37
155	76	32	38
156	86	31	40
159	95	31	42
159	96	31	37
169	101	30	40
182	103	30	39
191	98	28	38
199	92	29	38
198	91	31	39
206	85	30	37
210	74	32	42
210	60	31	43
204	43	32	48
203	43	33	46
196	32	33	45
191	24	34	44
190	16	33	44
187	7	33	43
187	7	34	42
185	0	33	42
184	0	34	44
185	4	35	41
184	10	32	42
183	10	33	42
174	18	34	38
165	30	32	40
159	49	31	39
152	66	33	39
151	66	34	35
143	76	33	35
136	80	34	36
134	79	35	39
133	71	34	40
133	71	34	41
129	58	33	41
124	47	33	40
117	37	34	42
112	34	35	43
111	34	36	42
111	40	36	39
115	46	35	39
122	50	34	38
132	52	35	36
133	52	34	38
144	53	34	39
152	52	35	39
160	46	32	39
164	38	31	38
163	38	32	36
161	30	31	36
160	28	29	37
162	32	28	33
165	39	28	32
165	39	28	33
169	49	28	34
173	63	28	34
177	75	28	34
182	81	29	38
182	82	29	36
184	84	28	33
184	85	29	32
184	86	27	33
183	85	29	35
183	85	28	34
183	86	29	34
185	92	29	33
188	101	32	34
193	111	31	32
193	111	32	32
198	117	34	35
201	120	32	34
203	124	33	33
203	128	34	32
203	129	33	32
202	131	31	31
199	136	33	31
196	137	34	31
194	134	32	33
194	133	32	35
193	130	29	38
192	129	31	40
194	131	28	40
195	127	27	41
195	125	28	44
198	119	25	46
200	112	28	47
202	104	28	47
204	100	26	47
204	98	27	50
205	99	27	49
206	103	26	49
209	103	26	50
214	103	24	47
214	103	24	48
216	101	28	44
220	97	27	44
225	94	28	42
228	87	31	40
227	87	32	40
229	79	35	39
229	76	36	38
227	76	36	36
227	80	32	34
227	81	31	31
224	86	33	31
221	91	31	32
220	95	29	34
221	96	29	37
221	95	30	38
222	97	30	37
226	94	30	39
231	84	30	38
238	73	28	33
239	73	27	34
243	64	27	33
247	57	26	34
250	53	27	37
254	51	26	34
254	51	25	34
259	46	25	34
263	41	25	33
268	37	23	34
272	34	24	33
272	34	24	34
275	31	26	35
277	32	24	32
277	34	24	32
277	40	24	33
276	39	24	32
276	49	24	30
274	57	23	30
273	67	24	30
273	74	23	31
273	74	24	30
271	75	25	32
271	74	25	33
273	72	24	31
273	67	24	31
274	67	24	32
275	62	24	31
275	58	24	29
275	55	24	29
275	52	24	30
275	52	24	32
275	50	25	30
277	46	25	30
279	45	25	32
280	46	25	31
281	47	25	30
280	48	24	30
278	48	24	34
276	52	25	30
275	56	25	30
274	56	26	31
271	61	26	30
268	65	26	31
264	67	26	30
256	67	26	30
256	67	26	31
246	67	26	31
238	68	27	30
230	68	28	33
225	67	27	32
225	67	28	29
217	68	28	29
211	74	29	30
205	83	32	32
202	92	32	33
202	92	31	34
201	99	32	35
200	103	32	32
200	108	33	33
202	114	36	33
202	114	38	32
207	119	36	34
210	126	34	32
210	131	33	31
210	134	34	32
210	134	37	32
209	135	37	31
209	136	36	31
210	137	32	32
211	140	30	31
211	141	31	31
211	142	30	32
211	142	29	33
210	143	31	31
209	145	30	30
209	145	30	31
210	145	29	33
210	147	31	34
212	149	34	39
213	159	38	35
213	157	41	38
214	157	49	42
214	160	49	41
217	160	47	39
221	159	47	36
221	159	48	36
224	154	50	33
225	144	48	32
227	135	43	31
232	125	38	33
232	125	34	31
236	118	40	33
240	111	37	33
242	102	38	35
245	94	35	36
245	93	34	36
249	87	33	36
257	81	30	36
261	77	31	36
264	71	31	37
265	71	30	37
266	65	31	36
269	58	31	38
270	56	32	36
271	54	32	36
271	55	32	36
271	56	31	36
270	60	32	35
272	63	31	35
276	66	32	35
277	65	31	35
282	68	31	33
287	69	32	32
293	69	32	33
298	70	32	31
297	69	34	33
304	71	31	33
312	75	30	34
321	80	31	32
330	81	32	34
330	81	32	34
339	80	32	33
346	80	34	34
352	81	34	35
354	80	35	36
354	80	36	36
355	77	36	34
354	75	37	35
356	76	33	35
353	79	35	33
352	79	34	33
350	82	39	35
352	83	39	38
358	89	36	39
359	91	39	48
359	92	41	49
357	113	49	45
362	120	52	48
