0.596951
0.014942
0.014275
0.014028
0.014592
0.014111
0.015218
0.014994
0.014986
0.015188
0.015213
0.015173
0.015920
0.017026
0.015807
0.016722
0.017561
0.017385
0.017075
0.017801
0.020315
0.017273
0.019911
0.017394
0.017767
0.017488
0.017799
0.017266
0.017907
0.055399
0.022319
0.035115
0.028930
0.022367
0.020807
0.021387
0.021142
0.018765
0.029556
0.030670
0.026953
0.026861
0.026066
0.026921
0.022945
0.040411
0.024534
0.020727
0.028530
0.023326
0.026613
0.020765
0.025670
0.021649
0.025902
0.024154
0.023863
0.024510
0.021487
0.021262
0.028106
0.020522
0.090281
0.080676
0.068330
0.080338
0.061690
0.046685
0.033226
0.078738
0.095420
0.106590
0.075307
0.095489
0.074080
0.047996
0.047457
0.075362
0.078642
0.052811
0.093799
0.042709
0.026889
0.030099
0.040066
0.076780
0.073706
0.073367
0.073992
0.072989
0.073738
0.072882
0.031807
0.019570
0.024328
0.071959
0.073327
0.061802
0.065074
0.063220
0.030070
0.024833
0.024978
0.073526
0.076139
0.066215
0.075006
0.077150
0.075840
0.075007
0.061203
0.022539
0.025202
0.076040
0.080282
0.062813
0.055891
0.061732
0.025972
0.028394
0.062178
0.074039
0.073243
0.076881
0.075000
0.075244
0.074965
0.071647
0.026819
0.028638
0.077292
0.078919
0.052748
0.063261
0.062933
0.023990
0.024235
0.023417
0.048485
0.076754
0.088197
0.076834
0.075957
0.074840
0.075149
0.066576
0.023560
0.085763
0.078504
0.063879
0.065864
0.059891
0.026103
0.026586
0.025658
0.088134
0.075926
0.075935
0.078091
0.077376
0.105684
0.064291
0.023426
0.069045
0.077481
0.061652
0.073414
0.063414
0.027867
0.027344
0.028869
0.076532
0.080623
0.062095
0.077183
0.077070
0.078242
0.077124
0.048995
0.025280
0.104371
0.078704
0.071426
0.074871
0.030722
0.026604
0.026071
0.044152
0.078343
0.066885
0.078426
0.077183
0.078329
0.077196
0.073572
0.025924
0.028484
0.076128
0.081750
0.066812
0.084511
0.041826
0.028297
0.026614
0.078924
0.081545
0.061127
0.079469
0.078300
0.079309
0.080158
0.045906
0.025907
0.027733
0.080566
0.082999
0.070521
0.076873
0.031026
0.029060
0.046591
0.078969
0.078520
0.077621
0.080341
0.079337
0.077844
0.076518
0.025338
0.029537
0.081516
0.084732
0.067369
0.078532
0.030698
0.030634
0.060009
0.080116
0.078346
0.079277
0.106788
0.080055
0.079131
0.036054
0.027663
0.078480
0.079963
0.071377
0.078469
0.033527
0.032995
0.050008
0.080419
0.072728
0.081622
0.079281
0.080394
0.079331
0.066543
0.026682
0.103691
0.082098
0.074275
0.073732
0.031626
0.030517
0.030293
0.084045
0.078375
0.079822
0.079328
0.080369
0.079468
0.078996
0.028814
0.031341
0.085060
0.083177
0.074605
0.071199
0.037552
0.029144
0.030339
0.083340
0.082062
0.088725
0.080382
0.079340
0.079377
0.074401
0.027636
0.080078
0.085278
0.070051
0.078445
0.039787
0.033033
0.136449
0.076301
0.090299
0.109670
0.081681
0.080565
0.035944
0.032685
0.081722
0.085739
0.075985
0.077561
0.033163
0.030292
0.077374
0.083659
0.067793
0.082402
0.081527
0.082987
0.082048
0.036289
0.030993
0.108016
0.080965
0.080460
0.062710
0.033204
0.044927
0.083422
0.080443
0.084512
0.084845
0.084760
0.084702
0.052043
0.032652
0.081663
0.083958
0.084028
0.075099
0.039196
0.036414
0.112125
0.075819
0.086995
0.088097
0.130529
0.070162
0.036270
0.092422
0.084186
0.074036
0.086274
0.034670
0.032717
0.082209
0.082824
0.068571
0.083813
0.085050
0.083761
0.085620
0.037639
0.082798
0.084153
0.070508
0.063881
0.049091
0.035589
0.069720
0.084580
0.078355
0.087720
0.087015
0.084734
0.088732
0.042349
0.037590
0.086181
0.088234
0.088796
0.077733
0.045558
0.044789
0.085611
0.077103
0.097935
0.086347
0.084010
0.085080
0.034380
0.035086
0.083166
0.093643
0.072393
0.076919
0.039515
0.074157
0.085757
0.071808
0.086495
0.084716
0.111833
0.072650
0.033325
0.085080
0.087353
0.076480
0.076766
0.036292
0.035082
0.087667
0.085935
0.086079
0.084249
0.084468
0.084865
0.048797
0.037554
0.082664
0.089742
0.076584
0.089676
0.035381
0.078549
0.088032
0.070434
0.085507
0.086280
0.089162
0.086698
0.035482
0.089050
0.088942
0.140336
0.068495
0.087602
0.088418
0.088679
0.086521
0.088892
0.084948
0.090085
0.136279
0.071933
0.089060
0.039977
0.036735
0.071275
0.096594
0.072565
0.089527
0.088405
0.089511
0.074426
0.039149
0.089223
0.090792
0.086715
0.070547
0.040576
0.067635
0.116907
0.084343
0.088791
0.088839
0.088677
0.068123
0.040297
0.088080
0.092927
0.087465
0.066234
0.038491
0.086574
0.086854
0.075387
0.088894
0.088743
0.090442
0.072134
0.041731
0.120987
0.074732
0.068961
0.057539
0.042265
0.088008
0.090412
0.088531
0.087960
0.089028
0.089212
0.079322
0.160989
0.088323
0.070596
0.044047
0.037042
0.103951
0.088878
0.093438
0.117090
0.091329
0.080008
0.040899
0.088516
0.074694
0.098869
0.041940
0.039611
0.088530
0.091630
0.092943
0.090958
0.090226
0.089609
0.036525
0.092202
0.096353
0.087113
0.068504
0.061803
0.089950
0.094454
0.089294
0.094447
0.078663
0.041984
0.090879
0.091790
0.074980
0.066186
0.134873
0.091333
0.095145
0.094299
0.092192
0.084508
0.048852
0.094990
0.172999
0.036571
0.029802
0.136925
0.111030
0.106761
0.047228
0.044690
0.050068
0.044845
0.030924
0.045900
0.050722
0.094621
0.084218
0.074080
0.090610
0.054681
0.103097
0.097811
0.058536
0.049069
0.047688
0.047805
0.038612
0.051187
0.101729
0.042146
0.050333
0.048273
0.040848
0.032432
0.033306
0.048197
0.085437
0.084920
0.048483
0.057898
0.047658
0.048866
0.046973
0.092447
0.143657
0.061914
0.066658
0.046943
0.101971
0.099768
0.052346
0.049833
0.099145
0.050115
0.049538
0.063001
0.034617
0.062138
0.088846
0.040731
0.048881
0.125932
0.056520
0.052404
0.076128
0.069495
0.065011
0.060192
0.065571
0.047598
0.048643
0.036695
0.039555
0.052538
0.080783
0.072314
0.059155
0.037435
0.046636
0.123432
0.148371
0.145397
0.095075
0.055515
0.095204
0.109535
0.085553
0.066320
0.045546
0.094566
0.097549
0.119306
0.094884
0.131611
0.047539
0.109509
0.099530
0.085973
0.065917
0.046571
0.092057
0.097188
0.100317
0.141186
0.093776
0.059976
0.117217
0.098444
0.084976
0.176790
0.107715
0.122328
0.095051
0.102319
0.057883
0.126144
0.088827
0.075997
0.084277
0.108013
0.122367
0.102250
0.115909
0.123205
0.047170
0.196749
0.111782
0.051743
0.094696
0.101769
0.143638
0.110340
0.119085
0.156597
0.082495
0.102283
0.049930
0.108219
0.163041
0.098843
0.095205
0.112418
0.053399
0.128141
0.097352
0.097373
0.089638
0.109142
0.104437
0.104009
0.115656
0.086874
0.096196
0.111546
0.081605
0.064918
0.076806
0.108127
0.104116
0.108543
0.095943
0.094471
0.053468
0.197438
0.102048
0.048661
0.096585
0.158398
0.112158
0.118525
0.095679
0.095178
0.101479
0.096541
0.083581
0.153209
0.088461
0.102767
0.117787
0.111861
0.062172
0.106202
0.096893
0.121953
0.051619
0.101003
0.138546
0.102378
0.100117
0.154400
0.106003
0.094532
0.088184
0.071041
0.063608
0.103368
0.098013
0.100377
0.106397
0.102903
0.054819
0.098522
0.114006
0.117994
0.064869
0.105305
0.098342
0.098263
0.099206
0.100257
0.086987
0.117709
0.104612
0.098618
0.087502
0.112269
0.109517
0.108710
0.100472
0.085426
0.108468
0.141291
0.122165
0.133851
0.102771
0.143807
0.106403
0.084998
0.109373
0.103302
0.089713
0.069145
0.080475
0.114419
0.178319
0.121575
0.090217
0.101578
0.113809
0.094400
0.057535
0.100566
0.057871
0.067709
0.126187
0.116203
0.095532
0.100943
0.134783
0.103460
0.056393
0.145923
0.122400
0.105287
0.134593
0.242765
0.092646
0.094900
0.182654
0.113384
0.121953
0.104539
0.104663
0.062758
0.112033
0.092916
0.112343
0.113340
0.096915
0.156232
0.116461
0.083989
0.107146
0.122806
0.104583
0.053795
0.104226
0.114945
0.107255
0.155107
0.086209
0.138203
0.103356
0.113925
0.058673
0.116326
0.116323
0.105397
0.111791
0.088524
0.106896
0.105972
0.115783
0.225789
0.113912
0.106803
0.112239
0.075680
0.102655
0.106299
0.178942
0.124657
0.109188
0.229986
0.091969
0.114054
0.117603
0.088712
0.059458
0.074643
0.104136
0.156361
0.111412
0.099002
0.067974
0.109250
0.106646
0.106454
0.059681
0.115644
0.107284
0.118522
0.143448
0.087352
0.109243
0.100908
0.114542
0.075317
0.154532
0.109841
0.119346
0.099273
0.066875
0.185324
0.103283
0.100408
0.065748
0.119638
0.108357
0.116313
0.113009
0.088721
0.103237
0.124139
0.085288
0.175759
0.111469
0.166540
0.128099
0.064084
0.111194
0.124294
0.109910
0.056290
0.107262
0.191109
0.131943
0.108575
0.189344
0.099232
0.123609
0.105237
0.111901
0.139479
0.106502
0.123476
0.121891
0.104778
0.152177
0.076410
0.106945
0.112678
0.109975
0.108902
0.087263
0.108858
0.108872
0.148714
0.111297
0.110808
0.118109
0.175855
0.070412
0.139050
0.101409
0.105210
0.059899
0.135038
0.113589
0.112372
0.128923
0.086501
0.119255
0.120882
0.132206
0.093899
0.106920
0.117622
0.122900
0.109030
0.078982
0.115666
0.099820
0.118701
0.066889
0.135245
0.146719
0.104361
