1.318096
0.047178
0.018117
0.037961
0.068367
0.061942
0.066564
0.071790
0.084909
0.145374
0.055531
0.024361
0.033968
0.094165
0.069641
0.068380
0.051435
0.029305
0.026191
0.074622
0.099512
0.091760
0.148405
0.072223
0.051925
0.023366
0.025114
0.170551
0.061844
0.051740
0.060863
0.026940
0.028443
0.031421
0.079117
0.072716
0.065087
0.074507
0.073333
0.074215
0.125727
0.076811
0.073859
0.117517
0.102464
0.111410
0.077061
0.062085
0.077473
0.075897
0.072913
0.073092
0.056399
0.044041
0.189475
0.071205
0.069517
0.047678
0.071587
0.085614
0.089918
0.086312
0.075347
0.073116
0.073579
0.023666
0.020225
0.022115
0.073570
0.074882
0.061118
0.060519
0.103105
0.026757
0.026660
0.025267
0.071093
0.072034
0.069376
0.114001
0.101049
0.072957
0.062869
0.024743
0.035152
0.166401
0.066623
0.072586
0.029160
0.043961
0.118399
0.077168
0.073679
0.074768
0.075759
0.078285
0.077801
0.028497
0.031530
0.035958
0.104102
0.073497
0.060508
0.061042
0.025438
0.026575
0.044243
0.080457
0.077510
0.152619
0.074931
0.075872
0.066031
0.156236
0.080290
0.074322
0.071284
0.027329
0.070316
0.074312
0.089254
0.082234
0.081460
0.097177
0.088465
0.032848
0.029088
0.169254
0.070649
0.074475
0.056119
0.043967
0.120292
0.097004
0.080986
0.088283
0.077347
0.075835
0.043372
0.028958
0.097880
0.086191
0.185221
0.245348
0.112101
0.254157
0.059455
0.126486
0.071838
0.082342
0.030212
0.029153
0.028257
0.029335
0.080188
0.084839
0.081363
0.124641
0.155303
0.048279
0.219997
0.125768
0.078818
0.034247
0.029006
0.129030
0.088123
0.081812
0.082827
0.077445
0.126777
0.033483
0.034123
0.087176
0.084346
0.081632
0.067150
0.044828
0.160362
0.077284
0.107657
0.078704
0.079829
0.078264
0.059400
0.183958
0.073203
0.068406
0.044311
0.095315
0.079351
0.150505
0.081857
0.129639
0.042464
0.106319
0.080507
0.057188
0.064946
0.079042
0.098047
0.092041
0.068677
0.193798
0.082118
0.064713
0.028879
0.118256
0.110240
0.056639
0.048392
0.028824
0.033485
0.081465
0.082153
0.169511
0.079948
0.087060
0.060664
0.100251
0.110982
0.074610
0.072026
0.070003
0.086666
0.083065
0.077893
0.085162
0.092664
0.107400
0.037168
0.034762
0.081146
0.081579
0.154076
0.041196
0.038572
0.086781
0.096051
0.084465
0.116018
0.080218
0.079891
0.044561
0.030180
0.120731
0.112402
0.086828
0.030470
0.033577
0.083904
0.229901
0.101135
0.079900
0.055799
0.033678
0.077324
0.079976
0.067425
0.060329
0.079817
0.037839
0.199850
0.086174
0.080456
0.087717
0.097394
0.033181
0.040461
0.095479
0.083844
0.079492
0.070165
0.031605
0.031118
0.082444
0.086452
0.141410
0.086656
0.084255
0.062174
0.078742
0.139242
0.083479
0.066592
0.035604
0.037322
0.088680
0.090304
0.084200
0.082551
0.083613
0.083326
0.070229
0.030685
0.154622
0.069748
0.082821
0.048022
0.052466
0.118526
0.079947
0.083593
0.084433
0.085069
0.083692
0.062462
0.086415
0.097728
0.153600
0.033531
0.059618
0.090171
0.092147
0.099598
0.096171
0.083470
0.073596
0.031381
0.201948
0.095673
0.049531
0.049845
0.093460
0.083847
0.086483
0.127981
0.086671
0.079686
0.034014
0.067839
0.085241
0.072982
0.075064
0.068321
0.039373
0.136710
0.082681
0.083707
0.151038
0.111824
0.052088
0.037745
0.097075
0.092877
0.088234
0.069229
0.035144
0.083493
0.082418
0.117866
0.083356
0.085439
0.087579
0.050815
0.039261
0.084246
0.093574
0.074471
0.081715
0.053823
0.137577
0.086033
0.098202
0.086464
0.093989
0.067487
0.044383
0.084272
0.093440
0.082538
0.069382
0.053050
0.098991
0.090419
0.084996
0.084605
0.083409
0.083652
0.069082
0.216721
0.081824
0.065042
0.140353
0.088419
0.095972
0.095512
0.091914
0.088183
0.033815
0.088065
0.089699
0.080721
0.090707
0.035590
0.086398
0.089480
0.083897
0.139618
0.088237
0.101487
0.036621
0.089482
0.092124
0.079389
0.074462
0.051544
0.065266
0.090400
0.088176
0.089086
0.085527
0.122885
0.051273
0.052189
0.142988
0.145293
0.042097
0.037383
0.080790
0.116485
0.086815
0.087995
0.090079
0.090853
0.088785
0.203722
0.100484
0.043990
0.094627
0.090968
0.101282
0.087631
0.088814
0.088215
0.078800
0.090226
0.107544
0.092000
0.061952
0.086866
0.112161
0.104018
0.100157
0.088560
0.086660
0.038134
0.186108
0.094668
0.142482
0.148295
0.146061
0.286817
0.096892
0.162279
0.087555
0.042798
0.049800
0.098271
0.082669
0.124017
0.096882
0.117147
0.071109
0.048777
0.094455
0.097785
0.181225
0.099540
0.115608
0.092916
0.097440
0.091965
0.070990
0.234798
0.085416
0.046078
0.107513
0.093620
0.109617
0.122866
0.091866
0.064412
0.047899
0.090535
0.093746
0.085562
0.069271
0.073066
0.096876
0.084184
0.096317
0.112645
0.098994
0.048615
0.040964
0.099797
0.096226
0.076187
0.062525
0.045034
0.078221
0.092188
0.120961
0.092043
0.087967
0.110207
0.163900
0.092399
0.088671
0.065722
0.051380
0.100122
0.084893
0.095461
0.094037
0.092384
0.087917
0.041586
0.098628
0.142223
0.093593
0.045058
0.092268
0.096064
0.095413
0.092033
0.090700
0.099436
0.074113
0.093860
0.090213
0.086307
0.102741
0.093995
0.095759
0.096122
0.089917
0.090892
0.090592
0.051899
0.118852
0.105648
0.113592
0.044997
0.090670
0.100985
0.108422
0.096511
0.114367
0.060149
0.044541
0.114501
0.086429
0.091207
0.043765
0.125329
0.115068
0.105791
0.106574
0.131505
0.045642
0.096926
0.105508
0.077568
0.091064
0.100935
0.094827
0.113333
0.111885
0.109502
0.060513
0.120072
0.121728
0.110183
0.081067
0.110530
0.120348
0.105443
0.135736
0.073454
0.092679
0.094810
0.091304
0.074181
0.098712
0.104288
0.109174
0.102666
0.092752
0.092244
0.066014
0.177930
0.081383
0.054602
0.124900
0.101703
0.102859
0.093417
0.106019
0.085982
0.061121
0.097146
0.111554
0.078789
0.049575
0.095564
0.087142
0.157303
0.108300
0.096614
0.054303
0.164590
0.094727
0.063533
0.050897
0.098559
0.109753
0.101139
0.100958
0.150333
0.074204
0.100736
0.091274
0.101804
0.059764
0.107113
0.095453
0.116711
0.135008
0.106805
0.045034
0.098377
0.170711
0.058230
0.132712
0.091305
0.097933
0.096176
0.093244
0.078323
0.142361
0.092411
0.107906
0.046727
0.138242
0.095987
0.108361
0.107810
0.098264
0.042427
0.099233
0.099200
0.091491
0.067214
0.153358
0.093555
0.168226
0.112012
0.057388
0.103549
0.114782
0.089725
0.064332
0.045423
0.096665
0.163217
0.131048
0.100668
0.101131
0.107690
0.097384
0.142791
0.048490
0.100396
0.095311
0.098620
0.112283
0.139296
0.060957
0.141418
0.090761
0.088930
0.050417
0.099594
0.099296
0.107747
0.096125
0.095243
0.091650
0.152073
0.091700
0.086692
0.064122
0.079502
0.111080
0.116540
0.100030
0.100480
0.091107
0.058498
0.100166
0.120372
0.100984
0.164459
0.150073
0.102409
0.099504
0.085758
0.215326
0.085885
0.067304
0.188747
0.110941
0.105910
0.173309
0.052463
0.121628
0.104532
0.145816
0.131250
0.094355
0.105771
0.110959
0.101390
0.057931
0.132029
0.094211
0.098105
0.075890
0.100455
0.103477
0.100857
0.098646
0.099638
0.101993
0.112639
0.085066
0.132967
0.063857
0.163607
0.119102
0.122602
0.097018
0.055334
0.100710
0.107961
0.088942
0.067051
0.053585
0.135697
0.113871
0.109980
0.102401
0.082337
0.052186
0.106798
0.094054
0.119805
0.203228
0.239778
0.121570
0.072409
0.115000
0.099261
0.100551
0.051205
0.106934
0.112139
0.194419
0.098192
0.285654
0.121501
0.057420
0.139365
0.095831
0.105526
0.100613
0.126181
0.048822
0.151123
0.183937
0.160335
0.106296
0.105713
0.104587
0.099535
0.047868
0.106761
0.101145
0.117277
0.050748
0.101632
0.131576
0.103024
0.105806
0.124935
0.060897
0.102004
0.093971
0.108918
0.124442
0.106534
0.103415
0.103407
0.111331
0.104973
0.076706
0.159019
0.106708
0.053346
0.104108
0.104605
0.197679
0.102584
0.251373
0.107657
0.098558
0.056641
0.106600
0.127848
0.122778
0.104824
0.097402
0.254450
0.135667
0.069826
0.107378
0.106938
0.108254
0.102644
0.103411
0.101604
0.146094
0.110876
0.059604
0.148654
0.121467
0.120702
0.110744
0.068988
0.102762
0.126122
0.149097
0.100312
0.105290
0.125607
0.117452
0.105299
0.120598
0.121662
0.106438
0.078151
0.119602
0.126620
0.105522
0.156118
0.066046
0.114949
0.092732
0.119817
0.053918
0.102025
0.102304
0.154682
0.106748
0.091674
0.127321
0.100965
0.130694
0.072140
0.119626
0.103434
0.103023
0.102889
0.118655
0.183389
0.102826
0.114224
0.105053
0.122225
0.110991
0.106176
0.102459
0.060350
0.120378
0.116379
0.086559
0.070814
0.110019
0.166895
0.120959
0.104168
0.148426
0.099758
0.108078
0.066277
0.113282
0.097262
0.153957
0.149992
0.062730
0.124383
0.097709
0.104705
0.057548
0.105597
0.106013
0.228874
0.109290
0.165467
0.116365
0.116210
0.094151
0.110145
0.113054
0.106374
0.117048
0.063985
0.115160
0.127649
0.101777
0.167783
0.143044
0.108524
0.104003
0.078063
0.124040
0.108908
0.113501
0.062261
0.127933
0.129967
0.106735
0.108653
0.068096
0.108196
0.116579
0.137244
0.128007
0.129194
0.165087
0.111241
0.072618
0.114628
0.111843
0.093497
0.075124
0.102502
0.138029
0.112278
0.106190
0.141064
0.126132
0.132042
0.106066
0.101988
0.109629
0.114946
0.133644
0.131145
0.148333
0.110945
0.157363
0.110945
0.108993
0.197873
0.145988
0.153647
0.149907
0.088415
0.088032
0.124753
0.119710
0.165678
0.105432
0.069968
0.118335
0.096748
0.124331
0.298444
0.239712
0.084598
0.203063
0.123244
0.130521
0.116610
0.098370
0.119293
0.135361
0.079742
0.112899
0.159945
0.086121
0.127069
0.126629
0.129128
0.107319
0.107362
0.164197
0.131820
0.085642
0.257450
0.114309
0.117549
0.091371
0.111727
0.104545
0.120062
0.174316
0.102445
0.135230
0.119965
0.108144
0.124319
0.118274
0.121164
0.066316
0.112903
0.115750
0.150406
0.124390
0.068587
0.146032
0.099583
0.117069
0.109701
0.124903
0.116448
0.120534
0.137887
0.128965
0.119066
0.138315
0.111174
0.133548
0.143568
0.107054
0.096438
0.115540
0.142258
0.112664
0.107339
0.182379
0.131612
0.138279
0.060406
0.190765
0.110596
0.074732
0.138237
0.126205
0.138561
0.163838
0.144445
0.132920
0.120175
0.119020
0.071066
0.157426
0.182547
0.139033
0.127338
0.119301
0.073583
0.129716
0.113300
0.122589
0.194468
0.119925
0.124964
0.123035
0.105294
0.134906
0.120898
0.124443
0.213567
0.083784
0.123434
0.114389
0.157747
0.122299
0.118710
0.113031
0.089964
0.126716
0.167149
0.143102
0.097846
0.103367
0.130106
0.118388
0.119767
0.119998
0.118830
0.121020
0.125917
0.137995
0.162083
0.107648
0.155768
0.133357
0.116302
0.157029
0.130039
0.089547
0.147756
0.119127
0.155811
0.140380
0.125689
0.117105
0.113864
0.119089
0.129010
0.129611
0.114337
0.133242
0.153425
0.126674
0.158429
0.114382
0.122687
0.104373
0.134104
0.098886
0.148382
0.135890
0.136863
0.121305
0.114946
0.115798
0.118232
0.147363
0.118053
0.082816
0.177225
0.134272
0.126295
0.115603
0.075966
0.139569
0.160866
0.089288
0.133020
0.110205
0.149330
0.132288
0.112490
0.071271
0.128546
0.142501
0.092885
0.124449
0.131505
0.123776
0.116720
0.121100
0.066482
0.119065
0.128450
0.194039
0.141824
0.145208
0.120985
0.132636
0.129655
0.117236
0.119943
0.200090
0.133097
0.128343
0.122811
0.100013
0.175357
0.119551
0.084212
0.115252
0.238872
0.119738
0.151665
0.138668
0.112590
0.118623
0.119011
0.110381
0.125699
0.120928
0.118792
0.203820
0.111958
0.165976
0.121354
0.122006
0.118480
0.121550
0.167673
0.117545
0.148172
0.131947
0.179950
0.130903
0.116343
0.100302
0.137259
0.117687
0.083744
0.128194
0.132017
0.171092
0.120674
0.074273
0.122617
0.112119
0.124130
0.117018
0.172361
0.148628
0.126831
0.070495
0.155073
0.122046
0.096386
0.181138
0.125537
0.123461
0.171664
0.143201
0.111149
0.109124
0.068970
0.140440
0.230101
0.119488
0.107638
0.150408
0.133950
0.099505
0.141725
0.115279
0.153783
0.131354
0.087300
0.155004
0.143738
0.101665
0.126233
0.137808
0.119353
0.136860
0.167928
0.121495
0.173029
0.190802
0.129299
0.119564
0.117578
0.197807
0.130331
0.088022
0.154688
0.166621
0.123902
0.133397
0.204697
0.151484
0.093345
0.138506
0.126116
0.187485
0.112288
0.134326
0.110480
0.114127
0.119547
0.132679
0.174956
0.169295
0.122297
0.137648
0.136492
0.207346
0.275397
0.142127
0.160885
0.165193
0.081086
0.125219
0.175832
0.139612
0.121985
0.164428
0.136264
0.081527
0.127496
0.143077
0.132851
0.167865
0.252495
0.107274
0.265616
0.123693
0.121368
0.135092
0.135022
0.117052
0.260813
0.117378
0.129534
0.124223
0.119091
0.112206
0.185213
0.092037
0.088756
0.150854
0.139943
0.192023
0.163569
0.122811
0.147923
0.125183
0.124291
0.147056
0.145954
0.076801
0.136053
0.131572
0.088640
0.117667
0.120119
0.173932
0.135161
0.151033
0.191178
0.083201
0.140010
0.109551
0.147156
0.180395
0.177367
0.120583
0.094625
0.240996
0.134744
