1.439442
0.035204
0.026083
0.023689
0.061486
0.064537
0.078357
0.102777
0.076037
0.074792
0.031896
0.021850
0.123467
0.065415
0.056232
0.051048
0.128156
0.074776
0.056157
0.076096
0.102761
0.091067
0.056433
0.032794
0.079624
0.138671
0.087040
0.174570
0.088904
0.081240
0.073663
0.073629
0.077629
0.031751
0.098727
0.071962
0.065429
0.070238
0.026860
0.094640
0.095031
0.086873
0.079086
0.077395
0.076682
0.038626
0.026865
0.068449
0.080090
0.072772
0.064927
0.060048
0.031383
0.044244
0.076253
0.080026
0.079482
0.081334
0.085654
0.079417
0.060582
0.024876
0.170413
0.069249
0.067827
0.027087
0.042355
0.076419
0.077472
0.079752
0.077478
0.079912
0.112887
0.151443
0.080770
0.067284
0.077147
0.025387
0.027082
0.083776
0.117634
0.083689
0.085022
0.087357
0.075678
0.037999
0.081871
0.075780
0.055411
0.071226
0.044454
0.029493
0.089474
0.075805
0.075337
0.112325
0.076639
0.076988
0.060993
0.086890
0.109765
0.069902
0.069053
0.029483
0.036039
0.079526
0.078552
0.080705
0.098690
0.103122
0.079732
0.035061
0.024722
0.093130
0.076057
0.076794
0.060334
0.044082
0.050868
0.090423
0.109308
0.078840
0.077792
0.151151
0.034209
0.029211
0.078976
0.078470
0.094604
0.074135
0.028333
0.040316
0.076786
0.078841
0.078885
0.081102
0.078281
0.082948
0.059380
0.094642
0.117671
0.068971
0.107401
0.041999
0.088674
0.084891
0.080944
0.082492
0.082335
0.079912
0.040370
0.027668
0.116325
0.069020
0.072211
0.056496
0.028164
0.035831
0.091334
0.103684
0.136896
0.080100
0.080613
0.030257
0.030565
0.082346
0.124604
0.075022
0.038990
0.040912
0.060303
0.089103
0.074268
0.081508
0.091846
0.084069
0.075568
0.029023
0.076914
0.082391
0.133291
0.032632
0.193161
0.112833
0.093710
0.083213
0.070698
0.100983
0.082930
0.062824
0.059868
0.061038
0.157450
0.076268
0.083172
0.100587
0.083897
0.085884
0.041325
0.041113
0.051884
0.133574
0.028472
0.027099
0.025828
0.030229
0.026508
0.027534
0.030160
0.041125
0.042496
0.027791
0.028274
0.034453
0.026783
0.027612
0.028322
0.028181
0.046654
0.050316
0.045465
0.027182
0.037944
0.032177
0.027331
0.032164
0.031080
0.030833
0.027538
0.027383
0.027895
0.026686
0.043491
0.033394
0.055548
0.055252
0.035683
0.033017
0.039513
0.029055
0.032646
0.056122
0.055155
0.033088
0.030012
0.073645
0.037109
0.037768
0.055279
0.033467
0.032808
0.034494
0.056445
0.068739
0.075464
0.043998
0.036200
0.080002
0.160571
0.127745
0.109162
0.081290
0.100233
0.096299
0.074717
0.043353
0.091737
0.130633
0.059832
0.197315
0.083434
0.264058
0.035306
0.087426
0.084284
0.091179
0.049207
0.080562
0.162802
0.050669
0.076653
0.090003
0.094568
0.049188
0.038998
0.091158
0.164801
0.107256
0.085440
0.077712
0.054108
0.092177
0.100029
0.079147
0.061634
0.145620
0.073842
0.083841
0.102970
0.127145
0.061309
0.074301
0.095132
0.095723
0.054546
0.122222
0.080072
0.085046
0.138349
0.113039
0.079352
0.037323
0.091511
0.091475
0.079957
0.062654
0.196126
0.084519
0.051670
0.065853
0.118797
0.124784
0.113956
0.095921
0.071831
0.057634
0.091236
0.091673
0.078780
0.056139
0.034610
0.088502
0.086896
0.070655
0.057338
0.035012
0.093261
0.077531
0.085901
0.041398
0.193549
0.072520
0.036041
0.104472
0.080864
0.075891
0.057770
0.167225
0.089006
