130	132	31	115
128	131	35	112
127	133	35	111
128	131	34	113
127	132	35	109
126	131	37	108
127	130	36	108
126	129	37	108
127	127	34	112
124	126	37	111
125	126	37	112
123	127	37	112
122	127	38	111
124	127	35	111
122	129	38	106
122	126	37	104
123	125	34	107
124	125	31	105
123	124	33	107
121	123	35	108
122	123	34	108
121	123	35	107
121	124	36	104
120	124	36	105
121	124	37	105
122	122	34	105
120	123	36	101
121	121	36	103
120	120	36	105
120	120	37	102
120	118	35	106
121	118	34	106
120	119	35	105
120	118	36	103
120	119	35	104
121	119	34	103
120	119	35	101
119	118	33	101
118	117	36	101
117	116	36	101
119	114	35	103
118	115	34	104
119	114	32	105
120	116	34	100
119	115	36	101
120	115	34	101
120	115	33	102
119	115	35	99
119	113	33	102
120	113	33	100
119	113	33	99
119	112	33	98
119	111	34	100
120	112	31	101
121	111	32	99
119	112	33	99
120	111	32	99
120	111	31	99
119	112	31	97
120	111	30	96
119	109	31	98
119	109	30	97
118	108	31	97
118	107	32	97
118	107	28	99
118	108	32	95
117	109	32	97
117	109	34	93
118	108	33	97
118	108	31	95
118	107	33	92
118	106	31	95
117	106	32	95
118	104	29	95
118	105	30	93
119	104	31	93
117	104	32	95
118	103	31	96
117	105	32	94
118	104	31	91
117	104	30	94
117	102	31	92
115	103	32	92
116	100	31	93
116	101	30	93
116	101	29	93
116	101	31	91
116	102	30	93
118	101	30	91
117	102	29	91
117	102	32	90
117	100	30	91
116	101	31	89
116	99	31	90
116	98	30	90
118	98	31	89
117	98	29	91
119	98	29	91
117	99	30	88
119	98	27	90
118	98	27	89
117	98	29	88
117	98	28	87
116	97	29	85
116	97	29	87
116	97	29	85
115	95	31	89
115	95	30	89
117	94	28	88
116	95	29	87
116	95	29	87
117	95	27	88
117	95	29	87
116	95	29	84
117	94	29	86
116	94	29	85
116	93	29	86
117	92	28	87
115	92	29	87
114	92	30	88
116	92	27	87
116	93	28	85
115	93	28	84
114	92	28	84
115	92	27	84
113	92	28	84
112	92	29	82
112	90	29	86
112	89	29	86
110	89	31	87
111	90	31	83
112	90	27	83
112	91	28	80
113	90	28	84
112	89	29	83
112	90	30	79
111	88	29	81
111	88	29	81
111	87	27	83
112	87	27	81
112	86	26	84
111	88	27	83
112	87	26	82
110	88	27	82
109	88	28	82
110	87	25	82
109	87	26	80
108	87	27	79
109	86	26	81
108	85	27	80
108	84	27	82
108	85	26	82
107	85	28	81
107	85	27	81
107	85	26	81
107	86	29	78
108	85	28	77
107	84	27	78
107	83	28	78
106	82	28	80
106	81	27	80
108	80	23	83
107	83	25	80
106	83	26	78
107	82	24	79
107	82	24	80
107	83	25	78
106	82	24	79
105	83	26	77
104	81	26	78
104	81	26	79
104	80	27	79
103	79	27	81
103	79	27	81
103	79	26	80
104	79	27	80
103	81	26	77
103	81	28	77
103	80	27	80
103	80	27	76
104	79	27	77
103	78	26	76
104	77	25	78
104	77	24	77
104	77	23	80
103	77	26	76
104	77	24	76
104	77	22	77
104	78	23	74
103	78	23	76
102	77	22	73
103	76	21	76
103	75	20	74
100	75	24	76
101	75	24	76
100	75	26	77
98	75	27	75
96	79	30	74
92	83	35	77
92	93	32	84
93	87	33	94
94	81	32	106
98	77	27	125
99	76	30	127
99	77	28	129
98	77	30	128
101	77	27	129
101	80	29	127
102	85	30	121
103	87	32	120
104	90	30	115
107	94	30	114
106	96	31	114
106	97	32	112
107	97	31	115
109	95	29	116
109	99	32	114
110	99	31	114
109	99	31	116
111	102	31	112
110	101	32	115
112	103	31	110
111	104	32	111
110	102	33	113
109	103	33	110
109	101	35	112
112	100	32	115
112	101	32	116
113	102	31	116
114	102	29	117
115	102	29	116
115	104	28	118
115	106	30	115
118	105	28	118
117	106	29	119
117	107	29	115
118	106	31	115
117	105	32	115
117	106	32	116
118	105	31	119
117	105	33	119
119	108	31	118
120	107	31	120
117	110	33	117
118	111	33	119
118	110	33	117
119	111	33	121
120	112	32	120
120	113	33	117
119	113	34	118
118	114	35	116
119	112	34	119
121	111	34	121
122	111	33	122
122	110	33	123
123	110	32	125
124	110	32	127
127	112	31	124
128	111	29	126
128	113	31	122
129	111	31	125
132	110	28	124
130	114	29	121
133	112	28	125
132	111	28	127
133	111	28	125
134	114	26	123
133	111	28	125
135	113	26	125
136	112	26	124
136	113	26	122
137	112	25	125
136	112	26	125
137	111	25	125
136	112	28	127
135	114	29	123
135	114	27	121
137	114	27	122
138	112	25	124
138	111	25	126
137	111	26	126
140	112	26	125
140	112	24	126
142	111	23	127
141	112	24	126
141	112	25	126
142	113	23	124
143	112	23	126
144	111	22	125
144	113	22	125
144	113	24	126
145	112	24	124
144	111	25	125
146	109	24	125
147	110	24	125
146	109	25	124
146	108	26	123
146	110	26	122
145	111	27	121
144	111	28	119
143	112	28	119
144	112	27	118
143	113	26	119
139	111	32	118
139	111	31	117
140	110	32	118
138	108	34	116
137	108	34	114
136	109	35	112
136	109	36	112
137	106	33	115
136	107	35	114
137	106	33	114
137	107	33	112
137	106	33	114
138	107	33	113
140	106	30	114
141	106	31	114
142	105	30	115
142	104	32	114
143	103	32	114
144	102	31	111
143	103	33	111
144	100	32	113
145	102	31	113
145	101	32	115
145	100	32	113
147	101	31	115
147	102	32	113
148	102	29	110
147	102	31	111
147	102	31	111
146	99	31	113
147	100	32	108
147	99	32	108
146	100	34	109
146	98	30	110
146	97	33	111
146	96	31	112
147	96	31	111
146	97	30	110
147	97	31	112
146	98	31	109
146	97	29	109
147	97	30	109
146	96	29	109
145	96	32	108
144	96	33	105
143	94	32	108
145	94	30	108
145	92	28	111
143	92	30	109
142	94	31	107
142	94	28	107
140	95	29	105
139	95	29	105
140	95	29	104
136	94	27	103
134	94	28	103
132	92	27	102
130	94	26	102
132	91	25	105
127	90	27	106
123	90	27	106
122	89	26	104
120	91	26	105
116	91	30	103
113	93	30	98
110	92	29	98
107	93	29	97
106	91	25	100
106	92	24	99
102	90	24	97
99	91	24	99
95	90	25	101
92	89	26	102
94	91	25	100
88	93	29	99
82	92	36	103
77	95	42	99
74	100	45	93
68	103	49	90
67	100	46	93
62	101	45	89
60	101	32	83
57	98	26	84
58	95	22	88
52	102	20	88
50	100	21	89
96	42	20	77
96	43	21	64
97	46	19	59
96	46	20	59
96	45	20	59
95	46	21	57
96	46	20	55
97	46	20	57
96	46	20	57
97	45	19	57
97	46	18	57
96	46	19	54
96	46	19	57
96	45	19	58
95	45	21	57
96	45	19	55
96	45	19	56
96	45	19	56
95	45	19	56
96	45	18	55
96	45	18	54
95	45	18	55
96	44	17	53
95	44	18	54
94	44	19	54
93	43	20	56
93	43	20	55
94	43	18	55
93	44	20	54
94	45	19	53
93	45	18	51
93	45	19	52
93	44	19	54
93	44	18	51
93	43	18	54
92	42	19	52
93	42	18	54
93	42	17	54
92	42	18	55
91	41	19	56
92	42	18	54
92	41	18	54
92	42	18	53
92	41	17	53
91	41	18	52
91	41	18	52
91	41	19	51
90	41	18	51
89	41	21	53
89	40	19	53
90	40	18	54
91	41	17	53
90	40	19	54
90	41	19	51
90	41	18	51
90	41	17	51
91	39	18	52
91	40	17	52
89	38	18	54
90	38	17	54
90	39	17	54
90	39	18	53
90	39	17	54
90	40	17	52
89	39	18	53
90	38	15	53
89	39	16	52
90	39	16	51
90	38	16	53
89	38	17	52
86	38	21	53
90	39	17	52
89	37	17	53
90	38	17	54
90	39	17	52
89	38	18	52
90	38	17	52
88	38	20	51
89	39	19	50
90	37	17	51
91	38	17	51
90	36	17	52
90	35	17	54
90	37	17	52
90	36	17	53
90	38	17	50
90	37	17	52
90	37	17	50
90	37	18	51
89	36	18	50
89	36	19	52
89	36	19	51
89	36	20	52
90	37	18	50
90	38	19	48
90	36	18	51
90	36	19	50
90	37	19	51
90	37	19	49
91	36	18	49
91	36	18	51
92	36	17	51
92	35	16	52
92	35	16	52
92	35	16	52
92	35	16	52
92	36	16	50
93	37	15	49
91	35	17	49
92	35	16	49
92	36	15	49
