1.215763
0.069747
0.071713
0.060591
0.060863
0.019549
0.115741
0.116818
0.073044
0.056194
0.063736
0.077231
0.110047
0.075851
0.085262
0.103944
0.036291
0.042435
0.073927
0.105106
0.100492
0.050637
0.066736
0.072870
0.078565
0.078018
0.074274
0.071680
0.073451
0.117947
0.034050
0.108937
0.159953
0.051077
0.025836
0.027669
0.045894
0.073388
0.068889
0.081321
0.119479
0.077795
0.075091
0.050513
0.031774
0.042805
0.105219
0.152931
0.047076
0.027167
0.030725
0.108876
0.084586
0.076011
0.092800
0.096338
0.076810
0.038234
0.027813
0.086475
0.097631
0.122010
0.037324
0.134416
0.115340
0.087194
0.163503
0.078984
0.213861
0.141096
0.024987
0.026350
0.077453
0.079597
0.087295
0.106847
0.076303
0.091068
0.223204
0.058482
0.094769
0.023270
0.091052
0.116169
0.077199
0.077677
0.127164
0.088317
0.074221
0.205644
0.094893
0.044525
0.123956
0.150633
0.115034
0.158207
0.082988
0.136337
0.095055
0.071859
0.064343
0.025828
0.092281
0.078148
0.082525
0.078937
0.091399
0.122360
0.123026
0.093444
0.188869
0.025792
0.152697
0.173610
0.078384
0.166329
0.151286
0.080492
0.080678
0.068211
0.039363
0.032711
0.077461
0.079964
0.090380
0.146144
0.080214
0.078514
0.032199
0.091852
0.104629
0.103623
0.108525
0.108759
0.084806
0.105587
0.084722
0.093110
0.098520
0.028643
0.221672
0.115572
0.033086
0.145176
0.077406
0.112283
0.177755
0.100420
0.080717
0.124168
0.055198
0.063449
0.038330
0.069969
0.101985
0.146273
0.118176
0.080938
0.258297
0.074096
0.050777
0.305620
0.087455
0.219137
0.036585
0.042947
0.101424
0.084792
0.066080
0.088583
0.040054
0.113274
0.124162
0.116105
0.148780
0.095591
0.099781
0.083340
0.089320
0.069252
0.040831
0.064142
0.147359
0.120720
0.091160
0.091991
0.068120
0.058467
0.083060
0.088499
0.121558
0.032547
0.084527
0.079636
0.082640
0.085675
0.081848
0.084491
0.141221
0.181059
0.109446
0.053123
0.081598
0.082365
0.077085
0.120426
0.108938
0.083282
0.052592
0.032329
0.100755
0.124976
0.106497
0.163083
0.075712
0.089414
0.127846
0.084960
0.121011
0.092387
0.106601
0.172252
0.031515
0.095419
0.108849
0.148278
0.172408
0.046628
0.058754
0.120998
0.157942
0.052980
0.060415
0.102139
0.083703
0.130369
0.093178
0.095850
0.037709
0.133876
0.140315
0.086311
0.167227
0.091868
0.096298
0.088551
0.125021
0.085312
0.043893
0.086384
0.144914
0.103679
0.069729
0.092989
0.084165
0.085482
0.089315
0.100374
0.197315
0.112213
0.226950
0.043593
0.084193
0.118668
0.098425
0.159877
0.095187
0.057456
0.130477
0.084930
0.084821
0.033393
0.172683
0.099634
0.098051
0.113441
0.057480
0.037793
0.091337
0.086792
0.146492
0.087503
0.191447
0.103587
0.135784
0.034336
0.108078
0.111129
0.119605
0.273582
0.089419
0.105333
0.102456
0.066884
0.129545
0.089558
0.080758
0.074927
0.039964
0.052817
0.149194
0.112440
0.117544
0.147922
0.031867
0.101267
0.120312
0.086979
0.044222
0.034928
0.086309
0.116124
0.114374
0.127821
0.080722
0.102669
0.115413
0.079165
0.100414
0.166934
0.282161
0.108433
0.060674
0.032355
0.095490
0.076920
0.092964
0.068960
0.188355
0.100946
0.127474
0.131387
0.048388
0.170823
0.092709
0.092458
0.082177
0.161694
0.090324
0.097264
0.134327
0.172059
0.163510
0.067971
0.116196
0.174045
0.087150
0.090145
0.088164
0.045566
0.112162
0.069383
0.077959
0.090851
0.145708
0.218057
0.093244
0.088861
0.047748
0.202674
0.094707
0.050626
0.089293
0.119661
0.096966
0.087808
0.096086
0.073859
0.037109
0.107588
0.139565
0.222743
0.184674
0.194608
0.079329
0.098237
0.093788
0.097793
0.048152
0.109233
0.160341
0.091303
0.096895
0.109659
0.088218
0.121326
0.086641
0.091839
0.212062
0.090636
0.087847
0.088841
0.066319
0.041672
0.105855
0.192610
0.144313
0.125237
0.187912
0.201347
0.146633
0.117464
0.169004
0.114527
0.050843
0.289081
0.154846
0.120833
0.121389
0.044131
0.092356
0.130080
0.127068
0.098882
0.097714
0.093772
0.100394
0.105116
0.103994
0.095735
0.066155
0.185540
0.140389
0.211520
0.153090
0.184749
0.131205
0.091466
0.095455
0.112663
0.261576
0.114562
0.099855
0.207620
0.118054
0.139162
0.103082
0.114713
0.095318
0.093627
0.064738
0.099393
0.124380
0.121811
0.067708
0.140209
0.089116
0.098869
0.118937
0.155262
0.080924
0.261529
0.096245
0.065159
0.050113
0.151808
0.115368
0.110528
0.096454
0.101171
0.090126
0.095333
0.235569
0.073069
0.137589
0.095521
0.092499
0.095631
0.131923
0.097265
0.309484
0.217359
0.113605
0.113608
0.102330
0.161939
0.097339
0.112763
0.121193
0.107155
0.113532
0.289560
0.105559
0.107476
0.103481
0.143024
0.103365
0.103694
0.123846
0.092701
0.088093
0.056678
0.104227
0.282805
0.141248
0.100607
0.260896
0.111875
0.138092
0.055910
0.158689
0.088803
0.098343
0.156267
0.097651
0.055272
0.213215
0.093910
0.107162
0.043536
0.125548
0.099378
0.285452
0.130728
0.183913
0.103153
0.107019
0.070188
0.116982
0.100289
0.190298
0.096200
0.101480
0.049506
0.179859
0.152328
0.090236
0.043290
0.112514
0.163442
0.122792
0.111563
0.079543
0.053282
0.172506
0.096992
0.093523
0.067171
0.116199
0.087095
0.275839
0.095766
0.169894
0.160863
0.108630
0.189614
0.104921
0.111953
0.125456
0.089725
0.063313
0.308357
0.084367
0.067599
0.131446
0.136127
0.122004
0.134245
0.057784
0.161285
0.138780
0.199150
0.147789
0.166206
0.129351
0.117112
0.077591
0.111380
0.108628
0.154622
0.129015
0.102303
0.113622
0.138356
0.125466
0.104872
0.142841
0.092546
0.108765
0.097820
0.165712
0.140040
0.116887
0.086537
0.177737
0.108774
0.065537
0.119068
0.110875
0.137402
0.171081
0.060396
0.109866
0.098728
0.082100
0.141870
0.160694
