0	225	134	220
0	225	151	221
0	199	179	274
0	207	200	259
0	212	226	249
3	223	247	235
0	212	280	251
617	149	549	441
559	125	627	470
561	129	627	482
557	135	610	466
551	127	640	479
539	126	650	478
521	119	671	492
543	128	640	481
552	140	618	468
530	147	629	463
555	146	612	464
570	131	591	471
548	131	638	483
572	134	599	477
555	151	617	475
553	166	635	452
564	148	639	466
568	144	611	477
583	148	600	475
579	146	595	465
566	147	620	468
571	166	588	454
576	146	602	465
585	148	586	475
588	154	577	466
80	237	245	291
106	256	209	275
101	238	230	302
119	247	210	288
78	256	252	284
87	264	245	280
81	274	269	278
90	272	269	288
103	254	263	297
145	244	220	311
192	200	242	356
193	243	229	303
197	256	217	300
205	243	215	312
205	213	270	342
202	212	238	343
189	241	305	319
197	256	297	312
191	241	289	331
194	246	286	320
205	198	273	369
207	205	260	356
204	259	256	306
201	246	256	326
199	242	258	328
195	220	260	349
184	194	264	376
183	236	267	333
158	264	284	305
166	271	268	293
153	264	276	302
153	263	279	303
509	183	582	454
518	193	574	450
515	207	576	437
509	194	584	468
514	186	585	475
517	183	587	459
521	178	581	461
522	186	576	477
518	203	589	445
521	185	593	472
526	183	598	450
524	186	592	471
521	203	581	443
522	206	589	460
523	209	581	433
526	189	590	456
534	179	581	455
535	182	584	461
562	215	557	434
551	215	583	453
578	195	582	448
583	193	591	477
584	189	609	463
569	225	657	428
578	237	642	431
587	205	610	448
