0.577214
0.030090
0.029851
0.029296
0.031711
0.029882
0.032130
0.034213
0.034498
0.035398
0.034293
0.033393
0.035015
0.037040
0.035313
0.034313
0.036005
0.039617
0.037817
0.035903
0.033947
0.033990
0.034811
0.034565
0.034168
0.035115
0.044281
0.036682
0.034700
0.035640
0.034292
0.033274
0.034235
0.033679
0.033615
0.036420
0.036211
0.033793
0.035351
0.037252
0.041394
0.038511
0.036661
0.033857
0.034737
0.034111
0.033759
0.034148
0.033579
0.035005
0.035188
0.032412
0.033412
0.035659
0.033528
0.034724
0.039522
0.038549
0.034876
0.036669
0.034303
0.035981
0.037936
0.039125
0.037980
0.039385
0.037533
0.041128
0.039633
0.047320
0.038560
0.039088
0.039183
0.037151
0.036549
0.039079
0.123521
0.129542
0.141978
0.136939
0.134711
0.138747
0.136234
0.049310
0.123404
0.104417
0.126417
0.138994
0.137984
0.140935
0.152758
0.075658
0.087083
0.144956
0.144816
0.152388
0.154935
0.147608
0.080740
0.113344
0.034660
