0.548563
0.026240
0.031379
0.029961
0.029949
0.029871
0.032560
0.030082
0.031135
0.030893
0.031306
0.032715
0.033206
0.031196
0.031161
0.030611
0.030881
0.030118
0.030174
0.031581
0.030729
0.029854
0.033177
0.045127
0.033791
0.031461
0.032721
0.032113
0.031694
0.030334
0.035344
0.032256
0.031860
0.030395
0.031172
0.034312
0.030466
0.031163
0.030463
0.030366
0.030669
0.030516
0.033601
0.031093
0.031182
0.031199
0.030113
0.032358
0.030748
0.032081
0.032468
0.031191
0.033214
0.031782
0.032209
0.032133
0.032387
0.032530
0.031949
0.031971
0.032169
0.033058
0.032604
0.030523
0.031216
0.031943
0.031692
0.032527
0.035730
0.033522
0.032786
0.032004
0.032944
0.032154
0.032612
0.033139
0.032186
0.032379
0.032125
0.033011
0.032534
0.031928
0.033185
0.033420
0.033274
0.032486
0.032713
0.033912
0.032483
0.033615
0.033969
0.032816
0.034527
0.032681
0.033519
0.035041
0.034912
0.035451
0.034343
0.034273
0.034105
