0.546056
0.025829
0.031534
0.032989
0.032949
0.031161
0.032997
0.030855
0.032799
0.034974
0.032629
0.051774
0.032839
0.036547
0.033293
0.034416
0.033834
0.033211
0.034147
0.032639
0.036302
0.035209
0.032453
0.033390
0.032613
0.032622
0.034022
0.038145
0.034309
0.035884
0.033793
0.038325
0.031649
0.030735
0.032607
0.031655
0.032079
0.032331
0.034024
0.036755
0.033264
0.033153
0.037751
0.035000
0.036479
0.041655
0.037848
0.033732
0.045663
0.032785
0.032668
0.036944
0.035387
0.037916
0.032220
0.035287
0.032267
0.035125
0.035525
0.033817
0.032588
0.032295
0.032832
0.034274
0.034875
0.034363
0.033695
0.034604
0.036122
0.032875
0.033552
0.031549
0.032550
0.032525
0.032793
0.035586
0.034588
0.032224
0.036789
0.035428
0.034863
0.033199
0.034818
0.034753
0.033930
0.034457
0.033780
0.035202
0.037711
0.036919
0.034213
0.034550
0.035016
0.036880
0.045141
0.035135
0.035134
0.041068
0.034295
0.037379
0.040618
