432	280	44	57
428	276	43	63
431	275	37	62
426	277	44	60
422	277	37	60
417	277	45	59
413	278	42	59
413	277	45	59
409	276	37	59
402	277	50	59
404	276	46	59
402	275	36	62
394	273	49	65
403	275	50	62
401	274	39	60
396	275	44	63
394	275	36	63
392	274	36	67
391	275	48	67
389	274	45	63
380	273	42	65
372	271	57	68
385	272	47	68
389	273	51	66
382	272	51	66
386	269	56	70
386	268	49	72
391	269	41	70
385	269	47	69
393	268	41	69
384	266	39	70
386	267	34	70
385	266	38	73
384	267	37	72
387	270	36	69
390	267	38	72
383	272	34	66
383	267	31	72
378	269	34	71
366	268	45	75
359	268	63	73
354	272	83	76
347	274	79	78
345	267	86	83
346	268	76	81
349	275	68	78
344	267	78	83
348	270	71	81
345	277	76	75
343	276	76	76
344	269	73	81
346	271	72	80
343	273	74	77
342	269	73	82
344	273	70	77
342	267	73	84
340	274	77	76
339	272	68	79
339	276	68	76
336	274	71	78
339	274	70	77
339	275	73	78
336	274	71	79
332	276	69	77
333	277	71	76
333	280	70	73
332	274	74	80
333	276	70	80
332	273	66	82
331	277	74	77
325	280	77	76
326	278	73	80
328	278	73	80
333	277	72	83
324	275	79	84
325	274	79	84
323	275	80	84
318	279	72	79
316	275	60	85
316	272	56	93
318	271	64	95
314	274	67	92
309	276	61	87
305	276	71	88
301	275	67	93
306	276	77	96
305	276	76	92
303	277	73	91
300	280	78	87
295	282	62	88
292	285	71	85
288	279	73	90
282	280	79	89
288	278	69	93
287	276	66	97
276	277	80	97
273	275	79	97
266	273	74	102
266	274	68	102
260	276	70	100
262	274	70	101
