339	163	92	113
347	155	86	131
339	153	80	129
331	152	81	125
318	164	86	131
301	170	85	130
295	172	82	133
283	175	80	130
269	178	91	130
256	180	74	135
249	186	75	114
239	197	66	101
226	208	66	95
208	204	73	107
201	199	68	117
189	199	69	121
175	208	72	102
159	206	66	100
149	195	84	114
147	194	73	113
146	204	75	115
142	206	82	108
141	197	80	117
140	195	71	127
136	206	70	118
136	211	70	99
133	205	64	102
135	203	60	116
131	208	63	133
255	197	61	90
256	197	59	93
252	194	64	95
266	195	53	96
270	200	56	83
262	201	63	87
272	202	56	88
270	205	50	79
256	206	64	80
142	221	59	114
147	223	57	99
151	225	53	120
153	236	53	89
153	230	59	118
162	227	54	118
166	232	53	94
270	211	49	78
258	213	54	71
293	202	40	79
283	207	48	69
280	203	49	74
273	212	50	69
183	217	46	57
180	220	49	61
177	230	50	77
176	230	56	101
179	220	59	111
183	220	50	106
180	227	57	104
273	205	49	73
272	206	40	77
178	212	50	74
178	218	50	91
179	221	51	99
178	211	58	114
181	208	56	114
187	213	51	105
183	216	56	96
186	206	58	112
185	203	56	108
182	206	52	105
269	190	49	94
265	194	44	84
261	190	46	84
259	186	46	87
257	186	51	91
257	190	53	81
255	184	54	95
257	180	53	96
257	184	56	94
256	192	54	83
255	190	50	84
254	187	56	91
255	188	55	92
258	192	52	92
258	190	55	92
269	190	52	89
270	190	58	97
274	194	44	84
270	193	57	81
275	186	47	83
273	189	51	81
269	195	49	80
265	195	47	74
259	192	61	82
258	195	57	91
255	202	58	79
253	203	52	73
254	196	49	76
254	197	54	79
258	201	59	81
260	200	62	93
272	195	55	98
276	196	57	87
279	198	62	82
280	200	56	88
280	197	54	83
281	197	62	99
283	200	62	102
276	202	62	97
273	195	62	105
177	210	60	106
172	219	61	101
169	216	64	86
165	216	69	89
164	211	67	106
163	212	66	103
160	218	66	99
161	212	69	104
161	216	67	98
161	210	64	104
158	217	68	101
255	201	65	67
259	200	57	66
278	208	46	62
277	205	58	77
281	203	56	81
275	204	55	71
168	204	57	85
161	204	55	101
152	218	70	90
150	210	71	82
150	210	66	85
150	218	64	85
142	227	75	95
141	222	79	92
137	216	76	100
137	215	78	97
138	221	76	93
140	215	78	98
143	211	79	105
150	216	72	98
150	223	78	97
148	225	89	94
153	227	78	93
159	215	73	100
164	216	70	97
164	205	75	110
172	200	69	115
177	200	63	108
172	207	72	105
176	205	68	102
173	195	70	113
168	200	75	107
168	204	72	104
168	204	73	105
169	196	80	115
174	195	68	117
173	202	69	107
168	208	84	101
173	199	86	115
174	198	78	115
180	206	69	115
174	212	81	105
173	212	88	115
166	209	87	112
164	211	75	111
159	213	82	113
153	217	97	109
150	213	101	117
155	210	85	112
157	215	82	113
153	220	96	103
153	224	104	102
164	211	83	113
166	215	79	108
162	217	91	107
159	210	100	108
169	192	76	119
172	199	87	112
165	212	93	103
169	210	100	100
182	194	84	116
184	196	77	112
176	205	89	112
174	209	98	107
171	199	105	99
178	195	78	115
172	203	87	113
167	207	100	105
161	193	115	115
165	186	92	122
168	187	86	115
166	193	97	111
155	196	122	110
157	191	107	115
157	192	91	108
155	200	95	103
142	190	122	113
145	183	99	120
147	182	84	108
155	187	82	108
144	190	105	106
152	187	114	110
156	183	108	110
153	190	99	102
323	212	121	102
317	189	117	122
319	204	106	113
325	201	95	116
323	196	109	126
323	198	112	112
324	189	106	124
315	206	111	108
310	184	121	129
304	193	121	141
302	196	108	125
296	206	120	114
301	195	121	123
299	187	134	133
302	215	108	109
334	205	96	112
304	193	131	119
290	198	144	123
174	168	145	130
170	165	140	128
176	168	141	139
280	191	153	129
282	184	148	124
313	180	114	136
309	194	116	122
306	187	162	134
299	178	161	150
288	178	143	150
295	172	122	149
271	179	147	144
272	169	128	166
264	159	129	174
274	166	149	163
293	162	139	158
288	156	137	176
286	159	135	163
279	164	154	153
295	165	123	149
291	163	202	178
365	161	172	192
408	162	199	199
441	158	183	195
456	172	168	189
481	171	233	214
569	267	205	126
595	274	206	123
