455	376	107	183
443	371	135	181
465	375	76	179
468	380	120	169
473	376	134	177
490	369	91	178
490	350	118	190
468	360	123	169
500	365	71	165
480	357	90	168
452	358	140	170
464	362	95	166
457	365	90	164
447	359	108	169
459	348	82	167
454	336	76	173
447	336	73	173
408	343	97	173
409	350	97	159
406	353	86	162
409	362	74	140
379	358	109	151
390	362	106	152
396	352	84	179
378	354	90	181
355	363	91	168
323	374	118	185
327	374	105	187
338	365	92	190
399	379	86	219
390	376	80	241
329	376	119	249
282	362	149	253
250	390	150	221
249	397	108	227
230	386	86	229
199	381	79	216
363	355	76	219
360	386	73	198
357	376	80	207
354	364	72	215
346	359	63	220
331	353	61	221
308	358	67	209
288	358	75	203
274	362	72	202
253	364	81	197
202	365	128	198
201	368	117	194
209	356	87	204
214	357	71	201
211	361	71	195
210	362	72	194
207	365	78	195
213	367	80	190
223	370	80	186
240	373	71	179
253	372	65	174
236	372	88	203
202	377	142	229
235	382	149	213
273	386	116	219
305	389	103	214
324	382	130	226
340	374	134	215
403	367	93	218
431	364	116	217
467	363	127	209
491	364	108	208
551	353	89	222
563	340	85	235
593	341	84	206
624	332	70	211
634	305	85	232
654	295	93	215
670	301	90	205
682	306	85	195
682	299	94	198
687	298	94	200
683	296	88	186
664	291	84	228
667	329	83	194
681	354	85	226
743	402	71	206
770	417	88	198
784	419	97	191
799	423	96	170
839	411	82	172
818	272	73	194
794	300	90	173
924	373	55	177
938	363	58	181
942	348	80	175
957	346	78	165
978	338	69	172
992	325	84	173
1007	321	88	150
1007	316	111	143
1020	315	108	134
1006	313	116	133
998	311	119	135
