152	215	59	157
140	215	87	158
157	205	68	166
174	219	50	153
173	206	59	168
167	200	62	176
178	206	47	162
166	216	57	149
139	220	94	150
142	224	87	147
147	214	65	156
139	220	57	153
141	216	49	154
115	230	58	146
113	236	53	143
90	234	86	143
108	233	49	140
113	205	58	179
101	246	76	163
93	233	97	174
73	261	108	153
116	247	50	143
116	262	46	133
118	251	39	142
87	250	83	149
80	272	79	128
90	267	60	134
96	270	49	129
89	284	44	120
91	281	57	126
91	273	62	133
90	281	68	138
87	235	65	177
97	253	55	163
100	236	47	183
97	249	52	183
99	324	66	115
88	316	76	126
88	310	84	129
107	304	72	123
107	295	93	126
113	310	81	111
131	313	56	106
124	306	74	115
121	308	86	113
148	304	90	107
153	305	78	108
148	293	86	115
181	297	61	128
192	286	63	138
216	283	72	101
230	277	62	106
240	277	62	104
226	269	96	115
243	262	112	113
269	256	77	111
280	257	42	113
276	251	50	106
272	260	53	99
271	259	57	99
262	253	55	109
254	250	51	115
356	346	80	151
329	355	68	142
299	348	67	151
254	344	80	154
239	337	60	149
220	356	62	134
182	344	70	137
147	341	92	147
144	345	77	150
140	340	62	153
167	233	77	144
185	238	58	130
193	241	59	132
195	239	61	130
210	234	49	140
212	229	52	151
216	233	59	145
225	236	63	134
222	234	76	139
251	223	53	142
249	221	67	146
272	208	47	159
285	192	43	168
289	191	39	169
295	202	55	148
312	219	49	107
330	199	51	132
340	168	52	165
346	169	57	158
357	203	53	116
368	201	55	128
382	204	54	137
371	201	73	141
404	203	48	136
420	202	45	135
427	200	50	134
436	203	55	133
453	205	47	126
467	208	45	118
477	202	46	125
482	221	68	109
481	223	55	99
464	213	64	111
459	212	56	115
448	216	47	111
424	225	64	97
406	216	71	121
386	229	50	110
365	226	59	112
352	220	66	121
295	250	50	117
303	238	49	129
299	235	64	121
317	249	60	111
321	254	53	98
344	242	41	105
349	233	36	113
350	236	40	110
364	236	48	113
367	223	53	128
388	233	44	90
395	230	40	95
405	229	38	101
411	229	44	103
421	216	36	109
429	205	35	119
436	206	42	111
434	217	50	103
446	225	46	91
467	231	52	110
459	227	57	124
467	235	60	152
468	245	58	152
469	259	51	119
467	273	51	116
462	222	47	114
458	222	47	104
448	225	50	86
458	222	42	74
456	218	35	101
450	221	45	89
448	222	36	89
442	221	35	87
444	254	60	158
445	243	57	141
447	245	55	161
454	260	48	110
460	260	42	101
461	261	63	121
471	258	63	111
465	267	49	119
463	266	50	143
406	231	44	94
396	236	53	129
356	231	82	163
351	267	68	132
346	277	70	129
321	277	83	149
321	282	64	145
325	278	73	148
328	280	60	159
336	276	67	176
339	284	73	168
342	276	89	180
355	269	101	195
381	295	91	174
406	289	82	185
436	226	56	103
435	242	53	98
427	241	59	105
420	240	46	95
413	239	47	84
408	236	45	102
396	228	54	107
393	227	52	102
402	233	45	101
407	238	50	107
415	237	43	113
415	230	48	130
421	229	46	138
429	239	47	111
424	220	46	126
334	201	67	156
324	217	56	125
302	227	66	164
288	229	58	171
257	261	68	166
238	263	57	173
214	265	72	159
180	268	74	237
136	278	97	247
99	285	102	237
46	286	121	190
53	283	84	168
376	315	90	183
374	320	88	175
