8.093270
0.027805
0.028416
0.033519
0.031295
0.033202
0.034630
0.034714
0.033949
0.048611
0.032454
0.032766
0.032304
0.032090
0.034221
0.032791
0.033675
0.035274
0.031457
0.033747
0.031356
0.031737
0.029582
0.030235
0.029946
0.030103
0.031833
0.032094
0.032323
0.032025
0.032333
0.032576
0.031851
0.032383
0.031395
0.031616
0.031042
0.033694
0.033618
0.033495
0.035531
0.033407
0.033045
0.033947
0.032579
0.031999
0.033410
0.033334
0.032750
0.031190
0.034804
0.034118
0.031239
0.031169
0.034271
0.034763
0.033951
0.032357
0.033051
0.033022
0.033565
0.034276
0.034582
0.033406
0.034894
0.033798
0.032500
0.034573
0.036007
0.034093
0.033984
0.033556
0.033693
0.033937
0.034998
0.033545
0.033450
0.034458
0.034166
0.034810
0.035327
0.034480
0.033432
0.033523
0.033081
0.033489
0.035134
0.033614
0.033567
0.032674
0.035213
0.035578
0.034209
0.035166
0.033898
0.037046
0.034857
0.035780
0.035921
0.037475
