0.586484
0.026537
0.025691
0.041396
0.028649
0.027742
0.031777
0.031590
0.031961
0.033469
0.032416
0.030429
0.031418
0.031911
0.034424
0.031526
0.030743
0.032630
0.031164
0.033131
0.032176
0.032164
0.031798
0.032594
0.032906
0.032024
0.031887
0.032662
0.031079
0.034563
0.032198
0.032456
0.031429
0.031897
0.032382
0.033331
0.031784
0.031209
0.032639
0.031396
0.031507
0.031421
0.031423
0.034479
0.033501
0.032316
0.031609
0.032338
0.044350
0.032641
0.032087
0.031315
0.031576
0.034683
0.031999
0.032073
0.031539
0.032214
0.032426
0.032746
0.031703
0.031754
0.033035
0.032278
0.032966
0.032666
0.032138
0.031850
0.034075
0.034725
0.033419
0.034849
0.035804
0.033038
0.033115
0.034178
0.033840
0.037639
