535	102	325	569
522	98	342	587
516	99	341	589
497	104	356	586
485	106	367	584
475	109	375	578
468	107	381	580
477	110	368	574
491	108	357	578
480	108	365	577
489	103	357	578
491	97	359	581
486	95	362	583
501	95	350	584
498	95	352	584
490	92	353	580
480	90	367	586
467	84	380	585
463	84	381	587
437	81	408	587
462	81	375	587
448	77	390	588
467	68	373	593
459	63	379	600
467	59	373	595
464	62	374	603
466	61	373	602
467	58	369	606
464	55	371	608
463	52	376	609
457	44	376	616
457	26	379	634
446	20	384	642
445	35	394	627
444	31	392	621
439	46	389	607
435	47	396	608
439	59	393	601
428	47	404	606
425	55	408	597
426	52	415	595
421	42	425	599
416	52	429	588
417	45	446	594
413	51	448	589
408	56	454	599
405	50	466	593
408	52	467	588
401	44	474	596
407	46	478	587
408	50	475	591
410	50	480	583
418	56	474	579
412	46	482	591
420	47	480	592
422	57	475	588
421	52	478	586
422	57	475	587
418	65	480	576
414	70	481	571
407	81	487	561
404	91	493	551
402	103	500	539
400	116	503	527
402	127	506	525
404	135	511	520
402	149	511	510
399	158	507	504
399	168	504	498
403	180	502	491
397	184	507	483
391	193	512	479
402	210	500	470
391	215	510	471
386	229	514	462
387	237	515	459
382	243	516	454
382	251	517	450
381	258	519	445
381	262	521	437
382	252	522	428
384	239	526	419
390	213	529	415
395	207	536	400
391	179	539	399
394	162	540	392
393	143	554	378
401	128	549	386
402	127	552	381
407	125	557	371
408	120	559	366
406	129	565	365
406	133	568	357
404	137	575	346
404	142	572	345
402	148	581	338
401	149	584	334
396	156	592	327
400	162	594	319
404	161	595	316
