4.538958
0.028929
0.028462
0.026594
0.028711
0.030521
0.027860
0.032453
0.029799
0.027752
0.028900
0.028982
0.027853
0.029088
0.028857
0.030492
0.029008
0.028205
0.027883
0.027303
0.027783
0.027703
0.028467
0.026444
0.026309
0.028513
0.028965
0.028008
0.027963
0.028893
0.028901
0.032617
0.033257
0.032973
0.031899
0.031735
0.032457
0.032807
0.032191
0.032449
0.030486
0.031184
0.031422
0.033521
0.034178
0.033454
0.036382
0.033058
0.031897
0.032601
0.034212
0.033371
0.034305
0.032559
0.032984
0.036293
0.033980
0.035284
0.033030
0.033336
0.033131
0.033819
0.032478
0.033393
0.033471
0.033786
0.032223
0.033578
0.034523
0.034064
0.033573
0.034334
0.032904
0.034547
0.034284
0.034487
0.034388
0.034964
0.033457
0.032844
0.033509
0.035056
0.035588
0.034645
0.033432
0.035015
0.034305
0.034591
0.033562
0.033672
0.034039
0.034249
0.034452
0.034277
0.039499
0.035020
0.034753
0.033048
0.035543
0.037080
0.034966
0.035631
0.035208
0.036642
0.033132
0.033612
0.034848
0.034758
0.037459
0.039037
0.035216
0.034589
0.037102
0.036763
0.036254
0.034992
