0.569502
0.030699
0.034113
0.032917
0.032974
0.033136
0.033862
0.032482
0.033728
0.035463
0.035134
0.036267
0.033154
0.032680
0.033477
0.035638
0.034072
0.035525
0.035684
0.035795
0.039858
0.035338
0.034904
0.035964
0.034087
0.032838
0.033462
0.034126
0.032912
0.037759
0.033911
0.035908
0.033905
0.035730
0.037572
0.039666
0.033155
0.038727
0.035475
0.037903
0.034979
0.035204
0.039394
0.036830
0.036852
0.035991
0.035749
0.036540
0.036075
0.035980
0.036748
0.035523
0.035356
0.035880
0.041531
0.034390
0.036011
0.038728
0.035005
0.036201
0.039998
0.035320
0.032402
0.036142
0.038325
0.036268
0.035603
0.032307
0.033057
0.032394
0.032084
0.032822
0.034142
0.037136
0.033272
0.032861
0.038076
0.033750
0.034196
0.032846
0.037178
0.039735
0.035956
0.035795
0.038206
0.035903
0.040222
0.037058
0.039180
0.037591
