0.548481
0.029435
0.031902
0.031984
0.034541
0.033822
0.035623
0.033550
0.037244
0.033486
0.032837
0.033273
0.033779
0.033568
0.031793
0.031270
0.061681
0.032885
0.034136
0.032076
0.032146
0.032279
0.041567
0.031342
0.034890
0.032862
0.032862
0.031904
0.030980
0.033066
0.033463
0.032871
0.037371
0.033482
0.032370
0.032555
0.033194
0.032041
0.032415
0.034711
0.033309
0.033311
0.031718
0.033680
0.031980
0.032212
0.035817
0.033829
0.034367
0.035385
0.036005
0.034557
0.034607
0.034779
0.034611
0.035339
0.033401
0.032823
0.032917
0.033683
0.034111
0.033919
0.035623
0.034452
0.035637
0.034449
0.034277
0.033605
0.032823
0.036079
0.040004
0.033985
0.034083
0.034134
0.035318
0.033332
0.036950
0.034544
0.038836
0.036643
0.035407
0.037160
0.038239
0.036985
0.039027
0.037686
0.035943
0.036299
0.038628
0.036839
0.036488
