79	90	392	446
68	89	431	446
49	91	476	434
28	90	511	456
14	96	556	479
4	98	575	497
5	100	561	478
3	99	581	464
15	100	573	444
7	122	616	377
14	126	626	336
23	111	630	311
22	162	634	244
60	113	578	245
75	100	531	263
156	122	455	300
228	118	388	294
229	102	367	316
249	99	440	435
235	97	453	414
266	103	472	452
268	91	448	383
260	97	427	410
255	99	432	413
248	95	374	341
220	91	453	371
201	92	483	393
154	94	539	397
112	99	570	402
96	99	599	399
100	117	605	356
118	108	581	364
182	96	513	363
160	101	555	337
148	97	558	374
120	98	569	394
92	101	599	386
97	103	592	387
102	98	596	409
111	104	599	416
131	105	605	417
156	103	620	418
189	114	589	419
194	116	586	421
220	141	560	417
181	103	553	451
198	100	508	433
188	99	501	422
168	94	508	421
204	98	346	414
217	104	341	412
228	93	345	430
245	102	337	406
231	120	356	378
223	138	366	358
186	136	379	371
153	132	413	395
108	104	458	473
581	92	272	452
572	86	274	432
551	88	280	401
525	86	297	408
499	93	323	397
474	92	358	408
445	99	370	404
434	101	383	416
428	102	383	412
430	97	377	413
417	97	389	407
414	100	369	391
397	102	373	385
411	96	359	391
411	95	337	373
412	89	321	364
387	92	343	363
386	92	349	362
340	94	403	377
298	104	450	388
337	103	410	384
335	104	412	368
399	108	352	358
347	95	399	367
144	92	601	366
39	97	700	362
0	94	732	379
5	101	714	374
1	100	686	383
0	102	649	399
0	94	624	398
27	93	589	381
0	90	614	382
17	92	594	368
50	108	558	318
81	95	544	298
258	101	356	284
279	102	356	291
338	153	318	247
245	123	442	247
266	162	436	240
254	177	433	190
225	185	471	191
