0.519898
0.027047
0.025537
0.026655
0.027313
0.027949
0.027409
0.030185
0.030067
0.035196
0.029165
0.029202
0.029104
0.119823
0.132801
0.131601
0.135375
0.130353
0.056208
0.100464
0.122696
0.140333
0.135133
0.140678
0.148242
0.044807
0.108029
0.029813
0.031598
0.031013
0.031738
0.033960
0.032835
0.032109
0.033069
0.035579
0.034963
0.033130
0.033709
0.031041
0.032540
0.032217
0.032283
0.031450
0.032650
0.030964
0.032477
0.032389
0.032927
0.032344
0.031215
0.032111
0.032093
0.031440
0.030322
0.031462
0.032592
0.033194
0.032161
0.031786
0.031931
0.032210
0.034310
0.030575
0.030566
0.032206
0.033244
0.032928
0.034006
0.032376
0.033069
0.032149
0.032979
0.032039
0.031950
0.033587
0.032282
0.030738
0.031061
0.035834
0.031608
0.033808
0.031605
0.031574
0.033591
0.032440
0.032773
0.031272
0.031271
0.033268
0.034647
0.033175
0.033049
0.033666
0.032970
0.031674
0.031898
0.032003
0.035299
0.032588
0.033027
0.032824
0.032733
0.034808
0.035305
0.034140
0.034617
0.035154
0.033714
0.034061
0.035885
0.034575
0.033910
0.033549
0.035031
0.033993
0.034681
0.034178
0.034878
0.033536
0.037003
0.034008
0.034286
0.032876
0.033612
0.034371
0.032940
0.032726
0.034520
0.033682
0.034750
0.035508
0.035586
0.033840
0.036359
0.046061
0.033972
0.035813
0.034685
0.034832
0.035033
0.034889
0.035259
0.036200
0.035474
0.035698
0.035332
0.035691
0.041953
0.037024
0.036159
0.036077
0.034399
0.035923
0.037396
0.035992
0.036097
0.035326
0.035686
0.034395
0.035991
0.036809
0.037485
0.039947
0.037457
0.035458
0.036514
0.036672
0.037198
0.040154
0.036789
0.036117
0.036042
0.035869
0.037055
0.036795
0.042061
0.038146
0.037198
0.036147
0.037076
0.037270
0.037106
0.038112
0.039077
0.038517
0.036719
0.038103
0.037175
0.039104
0.037667
0.037944
0.038927
0.037981
0.040390
0.038783
0.037004
0.038941
0.036464
0.037235
0.037325
0.036459
0.036749
0.036959
0.036072
0.037205
0.037179
0.036317
0.037464
0.037685
0.038165
0.037277
0.038052
0.037590
0.038116
0.037019
0.038883
0.039254
0.036561
0.036562
0.040344
0.037405
0.037451
0.036993
0.040422
0.037549
0.037801
0.037951
0.038829
0.040318
0.039357
0.038536
0.038651
0.038864
0.037971
0.039037
0.038193
0.045983
0.037668
0.039162
0.038040
0.052658
0.039494
0.039560
0.039094
0.039849
0.039567
0.037331
0.038964
0.040518
0.038608
0.039295
0.041541
0.067958
0.040278
0.039196
0.038551
0.037311
0.040317
0.039350
0.040088
0.040509
0.039852
0.038237
0.038895
0.041119
0.039356
0.039932
0.037920
0.039424
0.039868
0.040729
0.041313
0.041214
0.040783
0.040287
0.043287
0.040072
0.039437
0.040864
0.040857
0.039486
0.041764
0.046905
0.040905
0.040550
0.041085
0.040305
0.040543
0.038763
0.041440
0.041539
0.040921
0.041313
0.039552
0.041068
0.043681
0.041522
0.042238
0.041299
0.042643
0.041166
0.042403
0.040945
0.042358
0.041138
0.041696
0.043058
0.042670
0.042725
0.041764
0.041981
0.043334
0.043284
0.042274
0.040491
0.041840
0.045830
0.043173
0.041725
0.041976
0.042917
0.043020
0.043061
0.041659
0.042647
0.040678
0.052993
0.047199
0.043333
0.044812
0.046561
0.043938
0.043267
0.044464
0.045182
0.043228
0.044867
0.042717
0.043086
0.045182
0.044762
0.043707
0.044594
0.046340
0.044927
0.043455
0.043722
0.043072
0.046351
0.042981
0.046407
0.044241
0.044756
0.042618
0.047084
0.045897
0.044914
0.042469
0.043353
0.043470
0.044318
0.045973
0.045312
0.043509
0.043346
0.052350
0.046559
0.045133
0.047590
0.046078
0.047580
0.048229
0.050040
0.047711
0.058820
0.048266
0.046148
0.044914
0.051157
0.047391
0.048331
0.045830
0.044079
0.082207
0.145674
0.154843
0.156460
0.160100
0.160343
0.140277
0.129888
0.150107
0.159240
0.159741
0.160813
0.158581
0.155236
0.111826
0.119735
0.150687
0.155522
0.161286
0.158760
0.159435
0.141371
0.123571
0.048136
0.048797
0.047732
0.046855
0.046116
0.046141
0.045513
0.046341
0.045350
0.045372
0.045114
0.047087
0.045295
0.044906
0.044512
0.045242
0.046227
0.046164
0.046240
0.045096
0.044275
0.047440
0.046259
0.046922
0.047134
0.047861
0.046510
0.045872
0.046147
0.046768
0.044869
0.044639
0.047140
0.045855
0.047018
0.048306
0.045500
0.045881
0.047599
0.047338
0.047406
0.049689
0.046457
0.048813
0.047978
0.049415
0.047969
0.048099
0.047615
0.050943
0.055253
0.051213
0.049605
0.053640
0.047866
0.049706
0.048990
0.059279
0.054384
0.051481
0.048117
0.051887
0.046575
0.045889
0.048332
0.047089
0.049275
0.048610
0.051955
0.049033
0.046419
0.049155
0.050567
0.050859
0.049477
0.050507
0.049914
0.049443
0.049513
0.048995
0.050500
0.052545
0.050550
0.050377
0.050215
0.051518
0.051278
0.049313
0.050684
0.048701
0.048318
0.048455
0.051673
0.050705
0.049484
0.050678
0.050530
0.050904
0.050538
0.051958
0.049793
0.051120
0.050396
0.047430
0.047444
0.047623
0.050021
0.051387
0.049291
0.049432
0.049668
0.052103
0.050322
0.050636
0.048947
0.049244
0.050990
0.050161
0.049289
0.048974
0.050326
0.048815
0.048240
0.050457
0.049946
0.051377
0.047076
0.046370
0.050069
0.057201
0.049985
0.048108
0.049008
0.049361
0.050847
0.049338
0.051051
0.053526
0.049697
0.049936
0.057973
0.055854
0.057547
0.053590
0.049915
0.048740
0.052408
0.050441
0.050445
0.050688
0.050981
0.052080
0.052532
0.050881
0.058380
0.051684
0.054778
0.055861
0.053796
0.052208
0.052191
0.051292
0.050237
0.051931
0.050022
0.050388
0.051289
0.056327
0.053027
0.060795
0.065672
0.049801
0.050879
0.050903
0.051482
0.051553
0.051100
0.050572
0.052162
0.052502
0.052121
0.051952
0.051974
0.053998
0.057208
0.052125
0.052901
0.054052
0.056129
0.052612
0.052297
0.054582
0.057613
0.056154
0.054389
0.056779
0.054330
0.055228
0.053651
0.053710
0.053958
0.055836
0.054593
0.055312
0.054495
0.057076
0.055216
0.054284
0.052158
0.050486
0.051108
0.053314
0.054293
0.052831
0.054262
0.052861
0.054144
0.053606
0.054542
0.052370
0.054260
0.055238
0.056147
0.053146
0.055490
0.053952
0.053020
0.055114
0.052302
0.054011
0.054145
0.052922
0.055641
0.055835
0.051741
0.051876
0.052286
0.052863
0.054288
0.055059
0.055000
0.082304
0.053038
0.052564
0.053815
0.053519
0.054564
0.052268
0.053563
0.053940
0.055836
0.054301
0.054252
0.054734
