1.472860
0.026248
0.034886
0.032758
0.030923
0.030325
0.032955
0.032813
0.032366
0.032798
0.033664
0.032624
0.031880
0.032293
0.031986
0.032729
0.031047
0.030925
0.032396
0.034091
0.030842
0.030499
0.030693
0.030766
0.031164
0.029470
0.030580
0.032587
0.031955
0.034629
0.031673
0.032354
0.031590
0.031612
0.033473
0.032981
0.047061
0.032334
0.032167
0.033442
0.034055
0.032850
0.035296
0.035926
0.033423
0.037763
0.033482
0.032890
0.032530
0.033561
0.033910
0.034560
0.037844
0.037384
0.035788
0.032868
0.034288
0.117630
0.137940
0.147401
0.136701
0.135869
0.135155
0.135286
0.084080
0.121327
0.033786
0.032753
0.031646
0.031523
0.033719
0.030673
0.032384
0.032726
0.031823
0.032147
0.035105
0.037766
0.035930
0.033397
0.032664
0.032634
0.031503
0.033631
0.033206
0.033954
0.034196
0.033255
0.039205
0.034048
0.033215
0.034320
0.032576
0.036960
0.035007
0.034275
0.035717
0.033176
0.034510
0.037067
0.037704
0.037632
0.034741
0.035245
0.036762
0.035488
0.035411
0.034772
0.035618
0.035825
0.055791
0.036065
0.035751
0.035592
0.036414
0.034799
0.035262
0.036690
0.035502
0.034993
0.035377
0.035769
0.036636
0.035828
0.035486
0.036058
0.036102
0.036163
0.038347
0.034137
0.035348
