537	225	199	422
570	224	162	430
566	233	157	429
581	237	154	416
582	235	147	438
577	230	146	438
593	229	137	438
580	226	149	428
592	226	142	431
585	223	148	431
572	226	156	438
571	230	160	427
560	218	180	462
544	220	197	421
553	216	199	424
554	223	195	415
568	216	172	407
569	227	148	399
561	224	152	407
549	231	171	389
552	228	172	384
558	223	164	383
562	224	159	373
559	224	163	374
547	231	170	368
550	241	179	361
567	240	180	370
589	250	174	344
604	255	146	340
611	242	130	342
608	243	127	337
603	243	132	327
604	237	134	331
589	234	137	334
566	229	151	347
560	232	144	337
528	241	180	325
540	238	164	347
526	230	177	341
523	224	172	352
501	232	168	350
460	244	181	320
416	249	231	330
405	241	202	344
396	238	177	342
378	234	182	351
361	234	180	352
358	231	165	352
361	233	160	357
331	231	162	358
333	239	150	347
313	220	164	365
313	232	159	345
304	227	143	357
301	221	146	376
302	232	149	343
309	225	152	360
314	217	158	382
321	223	160	353
335	222	170	371
338	227	168	357
348	230	138	355
374	238	121	342
383	236	130	352
404	237	144	337
406	236	170	343
420	233	175	352
460	237	145	331
492	231	123	333
511	230	124	335
518	233	130	331
528	238	148	342
542	239	170	342
552	243	175	345
564	243	162	337
569	230	185	357
599	222	163	372
625	214	150	372
642	214	134	362
644	217	153	363
652	223	156	359
659	220	151	360
660	218	156	363
660	219	140	381
668	217	151	391
673	221	167	385
675	220	184	405
680	223	154	406
692	235	152	390
671	239	175	405
664	232	178	458
678	233	163	456
670	232	164	460
676	229	169	461
674	228	170	465
663	230	181	461
665	231	194	468
688	238	171	454
707	230	172	469
715	231	190	480
731	226	201	485
735	225	228	494
748	217	204	494
756	214	215	502
758	205	218	512
746	215	207	504
712	213	209	507
689	209	211	508
674	211	203	508
624	209	256	510
634	220	223	499
600	221	221	496
565	216	238	501
602	215	217	502
605	217	196	491
595	216	217	496
595	212	208	497
619	213	171	482
650	219	158	466
648	220	171	465
659	217	161	462
671	218	158	450
669	218	153	464
664	224	145	451
647	223	157	470
584	222	208	474
576	223	216	483
578	224	211	483
594	220	186	473
629	219	168	481
636	215	156	475
637	214	162	488
655	215	156	484
664	218	151	463
684	226	132	432
699	213	140	459
690	217	145	449
686	229	146	433
681	227	153	426
675	224	165	409
660	225	174	397
697	231	142	390
705	232	130	390
686	221	137	393
688	221	136	378
680	232	166	353
684	247	169	347
677	249	138	326
671	252	134	319
662	240	135	327
636	244	154	315
637	232	133	324
623	233	147	325
626	235	154	319
622	239	128	324
629	251	122	319
625	252	129	319
625	243	130	334
641	241	107	341
649	236	118	347
655	248	129	328
658	241	129	334
659	242	108	336
655	250	110	317
649	251	105	310
615	244	151	322
593	235	154	323
593	229	139	334
566	225	156	327
568	224	158	347
554	219	168	357
539	229	182	340
554	223	171	354
563	227	146	359
570	235	146	354
569	232	152	356
581	224	152	372
597	229	144	381
604	229	152	373
629	229	132	373
634	224	139	369
641	225	155	372
643	230	133	366
647	225	139	374
657	223	145	380
659	217	150	387
650	222	168	388
667	238	185	359
738	236	150	359
763	233	122	359
774	233	121	352
784	232	133	358
782	225	155	366
793	219	184	381
811	225	177	383
815	227	190	378
824	227	195	382
829	230	177	370
831	226	173	373
832	222	180	377
830	226	200	374
830	230	192	370
846	228	186	374
842	233	171	366
817	229	178	392
805	231	157	381
802	226	151	387
774	226	160	385
755	218	175	401
733	226	169	370
691	234	191	381
688	226	169	380
682	217	153	406
675	225	139	370
645	233	139	352
625	231	155	358
608	226	158	367
591	230	155	364
563	249	162	338
552	251	147	334
543	246	145	334
518	237	169	344
505	241	167	339
486	238	161	341
492	240	140	345
489	237	138	348
497	235	144	352
490	232	144	360
486	242	157	350
501	238	149	364
491	234	146	367
510	231	146	368
500	239	146	361
502	241	147	387
519	237	146	423
515	229	149	448
508	234	158	439
504	225	163	448
500	225	165	448
493	221	177	453
490	221	180	455
496	225	179	453
504	221	189	456
494	217	194	474
497	214	191	495
486	217	194	495
489	216	197	500
501	216	177	498
505	218	174	481
503	219	185	476
505	221	168	470
499	224	163	458
494	228	196	458
510	218	176	460
511	220	179	425
527	214	163	432
527	210	173	441
539	218	161	431
533	218	170	426
547	218	157	420
556	214	148	396
551	219	164	384
556	223	153	372
549	224	167	375
546	237	166	363
535	247	187	357
570	243	171	357
584	228	159	371
592	231	147	348
598	223	150	336
585	222	171	349
602	218	143	359
608	223	145	342
611	222	146	345
623	220	136	343
638	229	121	330
644	224	129	345
650	231	142	338
672	244	144	336
686	238	150	342
708	245	135	329
725	248	147	350
743	245	191	324
755	239	220	355
756	228	230	341
779	227	226	337
792	231	230	342
824	231	218	344
842	228	196	347
863	224	182	336
860	224	206	348
867	242	184	326
887	226	174	349
920	230	148	336
931	241	143	323
937	236	156	327
955	248	163	317
982	241	143	325
1007	249	141	325
1019	249	139	340
1032	235	146	350
1028	251	170	337
1028	252	184	362
1021	254	188	352
1025	257	156	340
1032	256	138	345
1008	254	155	356
999	251	146	363
975	245	161	362
945	246	173	363
908	244	191	355
881	244	212	327
883	238	208	353
888	241	154	346
880	240	149	343
879	236	152	352
891	242	134	344
883	244	166	345
891	238	172	358
881	242	187	354
890	243	171	353
885	231	150	357
872	230	141	358
834	210	189	378
822	226	196	355
809	226	165	338
805	229	147	344
788	236	137	349
777	234	123	336
751	231	143	345
722	227	158	345
691	252	164	316
698	242	130	323
685	242	131	329
662	238	147	331
620	236	169	337
604	231	158	338
592	242	141	329
580	243	124	331
552	246	148	329
515	247	156	335
510	249	151	343
498	246	146	354
492	245	145	354
505	234	140	356
499	226	150	372
508	234	132	341
515	236	127	353
520	238	128	345
495	241	167	331
472	247	210	332
474	242	178	317
467	246	188	319
471	246	150	316
462	244	141	327
462	249	134	310
465	247	124	321
464	246	130	344
468	245	129	338
465	237	132	346
478	233	130	356
490	237	141	357
499	237	124	355
512	243	140	352
514	244	145	345
504	240	192	352
535	238	167	355
549	239	178	356
593	242	152	351
597	241	156	352
595	238	155	354
597	235	168	356
607	221	156	373
618	227	141	364
619	239	152	355
623	239	159	357
628	234	136	357
617	228	146	354
607	247	155	341
617	228	131	346
611	237	144	316
607	234	138	317
608	242	138	308
603	237	132	311
609	242	129	305
614	253	112	290
620	258	95	266
622	258	91	260
622	259	90	259
619	262	90	262
612	249	99	278
606	248	99	278
598	250	103	277
618	251	97	271
616	254	98	259
618	255	111	263
620	246	111	282
614	232	119	298
611	233	116	292
609	231	124	300
616	237	106	302
637	235	107	313
638	232	113	326
621	231	127	330
614	233	136	328
603	232	160	327
602	232	146	338
608	232	121	347
609	236	116	347
593	253	132	334
565	257	159	326
574	254	163	338
583	253	164	344
615	244	136	372
631	243	140	385
636	226	147	404
639	226	160	406
653	220	158	410
659	222	163	406
663	226	186	406
672	229	186	401
702	233	143	390
719	226	153	400
736	225	146	399
755	232	164	398
762	230	213	396
770	236	259	387
793	224	247	393
840	217	222	394
862	215	226	396
886	219	211	397
903	233	220	385
928	229	184	390
944	234	167	370
959	235	159	368
970	228	152	374
971	238	147	368
982	235	142	368
979	249	149	352
980	238	150	370
978	226	149	389
979	216	139	401
969	220	142	397
952	222	164	394
938	224	178	400
935	225	162	390
920	230	146	386
902	220	157	396
854	222	185	395
843	212	186	372
839	228	161	371
798	230	208	364
775	219	169	387
763	225	150	372
763	228	159	341
736	230	153	368
680	228	189	374
646	249	199	348
652	246	180	361
638	242	179	356
631	226	183	383
617	226	165	373
608	230	134	361
608	225	138	364
596	221	138	367
593	227	144	357
593	222	151	370
586	223	164	379
594	218	168	375
598	225	157	370
588	248	162	342
578	245	154	343
574	251	144	327
563	256	131	309
547	248	172	318
562	253	119	316
554	246	117	313
542	243	123	308
549	242	122	306
556	242	124	301
554	245	121	294
552	244	110	287
546	246	98	274
550	249	94	280
544	246	89	280
545	248	83	273
543	246	85	267
542	245	90	264
540	247	93	262
552	250	94	255
551	250	93	254
563	246	100	269
576	243	114	258
571	249	121	229
580	251	110	230
603	253	107	254
609	255	123	258
625	259	104	256
626	258	102	255
633	260	114	264
635	257	106	273
627	249	96	287
624	253	96	288
617	258	99	279
603	249	116	298
594	248	123	304
587	249	123	302
618	251	123	298
613	250	105	292
607	242	107	289
629	249	130	304
639	257	119	288
629	251	123	287
624	244	101	306
599	243	123	306
611	239	118	315
576	238	133	321
559	241	157	316
563	238	131	315
569	239	121	321
577	237	106	323
560	238	126	335
531	239	167	349
548	230	152	363
537	233	179	364
542	228	165	361
547	228	147	377
551	233	139	388
551	227	152	396
534	223	179	403
517	226	191	398
519	230	198	399
558	230	157	411
566	227	156	423
559	233	188	419
560	237	192	414
561	222	196	421
573	244	188	393
590	245	175	385
577	240	201	392
557	236	222	395
546	239	197	370
548	243	150	361
543	245	152	354
531	247	154	354
514	247	164	359
520	243	153	364
522	244	147	371
525	250	157	358
536	240	164	387
547	243	165	381
568	243	153	378
573	227	160	395
574	219	175	400
600	242	144	370
596	232	157	371
610	227	148	384
601	234	145	374
601	237	145	364
619	238	127	348
633	246	115	321
628	245	119	323
622	248	125	303
619	241	117	319
623	240	111	318
618	239	117	321
615	242	122	322
602	237	130	323
592	243	138	324
574	238	156	334
544	238	181	338
518	240	197	344
494	239	148	337
484	242	131	310
460	241	131	312
454	234	139	346
421	229	177	353
396	238	192	346
351	231	206	358
331	240	218	353
349	242	168	342
345	228	176	357
340	226	216	367
349	231	161	365
336	224	168	370
342	227	166	366
335	228	167	347
319	224	182	347
332	230	185	359
329	237	181	354
393	232	134	345
421	227	120	350
424	227	132	349
448	229	141	355
451	227	159	360
464	233	158	332
484	230	155	354
517	234	125	335
532	238	136	345
533	227	154	351
532	222	210	356
552	233	200	352
582	240	165	355
603	256	195	339
611	250	215	339
629	243	207	353
656	238	172	353
673	241	160	343
662	247	183	292
680	245	146	286
685	239	107	327
684	251	112	315
680	257	118	313
670	254	127	323
663	239	123	326
667	250	123	311
665	252	118	308
660	262	113	300
659	256	96	297
661	255	91	298
667	259	92	290
663	255	95	285
685	251	91	287
682	246	84	290
666	247	97	287
665	250	119	281
661	253	121	268
661	247	119	277
666	243	102	280
672	253	84	256
669	257	73	251
666	255	91	249
672	254	82	250
663	249	105	258
676	252	104	257
687	240	90	273
690	244	89	282
692	243	91	275
689	248	98	272
684	245	105	279
680	234	115	289
675	232	122	293
680	234	120	299
684	234	127	305
686	231	133	322
683	235	120	319
683	230	124	321
671	231	141	337
674	234	147	347
673	243	144	336
646	226	180	361
672	223	149	371
656	217	142	371
628	226	147	345
632	229	174	352
638	230	121	274
656	225	128	359
649	222	143	374
644	217	134	369
635	220	137	368
630	219	145	368
