296	175	95	203
304	178	93	207
301	181	103	211
302	178	110	206
304	178	107	201
304	177	102	199
301	178	99	199
304	178	96	204
300	177	98	206
300	179	97	201
295	183	99	195
292	185	101	193
288	184	104	196
286	184	103	196
290	186	100	190
292	186	100	192
297	186	98	192
303	187	97	193
300	184	105	194
304	180	103	196
305	175	102	206
311	174	95	207
312	169	93	196
307	168	94	187
304	168	101	186
301	168	102	173
296	165	108	183
297	169	97	180
291	170	107	181
291	171	104	184
292	168	99	189
292	169	98	209
294	172	98	204
297	174	95	203
301	175	95	203
306	177	93	201
307	180	94	201
309	181	93	196
310	185	96	192
311	188	96	190
312	192	98	186
312	192	97	184
312	193	99	181
313	196	112	177
306	199	112	170
493	163	89	225
491	165	95	222
308	215	120	166
309	227	112	156
302	238	148	158
302	249	138	140
289	266	176	141
292	284	185	127
473	164	103	216
476	166	101	213
473	156	104	223
473	164	106	214
268	316	240	89
288	316	253	102
300	314	251	101
305	313	263	104
315	326	272	91
404	329	194	90
273	314	162	85
286	314	153	76
262	313	198	88
261	315	192	84
257	315	212	89
234	317	223	83
243	316	195	86
244	315	203	82
254	317	205	82
264	322	206	78
277	325	210	82
283	326	214	79
292	332	217	75
299	330	208	79
292	330	225	78
301	328	220	80
320	322	208	87
334	325	209	84
356	332	199	76
372	328	186	82
388	330	175	76
397	335	181	74
400	333	184	76
399	331	185	76
404	330	184	78
401	333	195	78
395	331	223	79
395	331	250	83
382	197	75	180
393	332	262	82
375	197	85	186
414	329	252	85
365	204	89	182
359	195	105	188
350	191	99	194
349	197	97	197
350	204	95	192
