576	397	135	177
563	392	130	181
558	366	119	203
544	364	108	207
517	368	92	209
490	388	91	190
467	398	96	169
432	386	106	181
426	384	79	182
382	358	92	212
370	356	102	207
369	356	86	196
352	354	85	201
334	343	99	213
325	344	107	212
404	424	101	178
414	429	88	173
301	320	59	188
289	323	70	181
277	334	79	171
276	326	80	175
293	316	69	181
292	315	78	178
289	315	88	175
296	313	93	180
309	300	88	204
313	313	116	253
291	303	134	275
293	374	206	181
293	356	220	207
220	375	162	187
211	374	211	197
341	366	129	195
372	355	113	184
410	344	100	182
431	340	126	186
460	342	137	174
513	330	91	151
551	318	82	181
559	309	107	186
588	302	103	191
600	283	93	212
596	251	105	240
617	304	82	176
633	302	91	228
606	426	80	205
560	439	82	184
518	433	96	211
473	441	92	225
437	452	94	211
404	440	90	222
375	446	82	199
349	455	80	188
323	443	76	222
288	443	98	216
600	257	123	211
599	261	111	216
604	280	104	195
591	290	113	181
569	249	129	248
587	256	107	250
579	242	100	258
579	269	105	249
573	285	93	241
559	298	107	239
552	277	118	266
542	294	115	258
535	295	120	252
527	287	116	255
524	304	110	233
509	299	127	230
574	339	117	205
593	361	100	209
608	357	86	217
613	362	86	211
630	353	82	207
624	355	109	207
620	355	108	213
622	349	115	214
633	317	101	252
652	358	86	198
627	340	117	207
636	322	120	243
625	326	125	211
650	316	109	223
666	326	121	201
697	300	124	208
730	263	143	244
767	235	172	252
803	242	176	245
839	240	191	264
857	233	214	273
882	253	182	239
928	289	193	221
996	289	140	224
1033	330	131	178
1034	230	112	243
1059	265	106	242
1063	212	94	301
1083	232	84	275
1091	251	88	235
