0.521656
0.028270
0.029128
0.041032
0.029492
0.027582
0.031946
0.029200
0.036111
0.036384
0.030720
0.031602
0.029500
0.028859
0.029948
0.030491
0.029184
0.029268
0.032376
0.032485
0.031845
0.030915
0.029668
0.031368
0.027935
0.033436
0.028281
0.030836
0.028548
0.032074
0.029533
0.031160
0.029706
0.030491
0.035765
0.029310
0.029538
0.029994
0.033430
0.030866
0.030554
0.030664
0.035201
0.035177
0.032323
0.030909
0.032049
0.031206
0.032587
0.030589
0.030397
0.030348
0.031308
0.031071
0.032183
0.031515
0.031315
0.031811
0.043508
0.031733
0.030893
0.033568
0.032245
0.031654
0.030909
0.033188
0.041920
0.031111
0.030953
0.031072
0.030185
0.031515
0.032187
0.030182
0.028840
0.028453
0.028602
0.030137
0.031530
0.031980
0.030129
0.031833
0.030556
0.030068
0.030405
0.030268
0.031056
0.030715
0.034356
0.029882
0.031258
0.030457
0.029815
0.031463
0.029926
0.031258
0.031319
0.031915
0.037300
0.033300
0.032120
