0.523407
0.042044
0.030412
0.035330
0.032027
0.029650
0.031030
0.032807
0.033089
0.032327
0.032772
0.031738
0.032816
0.030134
0.030445
0.032549
0.034408
0.032647
0.031965
0.032210
0.032149
0.032765
0.032105
0.033632
0.033522
0.035902
0.032984
0.034582
0.034502
0.033118
0.033387
0.035103
0.035903
0.039460
0.036960
0.035187
0.035199
0.035675
0.039516
0.033581
0.034228
0.104949
0.136712
0.149229
0.149014
0.145833
0.147664
0.130825
0.118582
0.033996
0.033262
0.034593
0.033966
0.032657
0.034118
0.039315
0.037089
0.035496
0.034740
0.035846
0.036773
0.035751
0.036602
0.034332
0.033730
0.034802
0.036298
0.034549
0.036904
0.048828
0.036633
0.035688
0.036613
0.042291
0.047400
0.034807
0.039195
0.032758
0.035636
0.033861
0.033965
0.032554
0.033114
0.033587
0.034314
0.034886
0.033915
0.033856
0.033821
0.038107
0.034928
0.034886
0.037982
0.036365
0.035548
0.048966
0.036387
0.037225
0.036654
0.034052
0.034931
0.035619
0.039553
0.042370
0.035969
0.034867
0.035889
0.041300
0.038041
0.035882
0.039798
0.034922
0.037501
0.036630
0.035501
0.036314
0.036772
0.036813
0.042186
0.037227
0.036134
0.043374
0.046020
0.035297
0.034875
0.035550
0.036322
0.034853
0.035877
0.037561
0.041921
0.040500
0.035455
0.036299
0.035681
0.040592
0.038269
0.037005
0.034033
0.037897
0.035345
0.036219
0.038637
0.062647
0.038184
0.058983
0.035521
0.043937
0.039023
0.035400
0.037222
0.035174
0.035345
0.036071
0.038256
0.036586
0.036372
0.043181
0.035084
0.037560
0.038652
0.036833
0.036559
0.043454
0.037894
0.050643
0.038513
0.036538
0.039154
0.038069
0.035611
0.037326
0.036934
0.037885
0.039029
0.037066
0.037027
0.037660
0.036584
0.038650
0.037282
0.037848
0.039232
0.038121
0.037396
0.039093
0.035994
0.056920
0.039525
0.040380
0.038612
0.038234
0.037587
0.037517
0.050443
0.039017
0.040106
0.037022
0.038562
0.039243
0.039823
0.036743
0.038238
0.052058
0.040810
0.038576
0.043281
0.040690
0.041177
0.041106
0.041980
0.039725
0.041038
0.040980
0.039701
0.043587
0.041574
0.041783
0.039941
0.043413
0.039430
0.050344
0.042989
0.040404
0.039073
0.039825
0.169480
0.135846
0.142252
0.139532
0.138312
0.149427
0.114502
0.121111
0.138756
0.145884
0.157480
0.155613
0.142077
0.148121
0.089026
0.094044
0.040913
0.040298
0.042048
0.039425
0.040007
0.040059
0.040245
0.038513
0.037894
0.039158
0.038834
0.040344
0.040739
0.038756
0.038832
0.039138
0.038511
0.038437
0.039657
0.042334
0.045565
0.041332
0.045090
0.040565
0.040874
0.039782
0.043283
0.041611
0.042788
0.042351
0.043497
0.041130
0.041857
0.041345
0.041750
0.041605
0.042617
0.041893
0.053333
0.041743
0.048444
0.041439
0.043693
0.055599
0.042467
0.044053
0.042016
0.041013
0.041688
0.041945
0.041783
0.042707
0.041298
0.047174
0.043445
0.042310
0.045982
0.042232
0.042506
0.041792
0.042075
0.042590
0.041959
0.043053
0.041299
0.043855
0.042691
0.044550
0.042017
0.046929
0.042591
0.042012
0.043299
0.043666
0.041895
0.042764
0.043197
0.043449
0.041736
0.064747
0.045088
0.044090
0.043195
0.041722
0.042028
0.042035
0.042905
0.041958
0.044244
0.041921
0.041163
0.043049
0.042060
0.042346
0.042183
0.042943
0.041972
0.042299
0.044351
0.043555
0.043397
0.042074
0.043692
0.042616
0.041482
0.044169
0.044920
0.043663
0.044673
0.042148
0.043767
0.042375
0.045687
0.042672
0.043000
0.042424
0.042037
0.054466
0.041734
0.045948
0.050192
0.045571
0.046362
0.050847
0.044602
0.045999
0.048792
0.046718
0.045361
0.049852
0.045436
0.044759
0.051163
0.045579
0.048100
0.044710
0.050477
0.050798
0.045350
0.053150
0.046484
0.052904
0.048139
0.046843
0.052364
0.046968
0.051964
0.048119
0.045570
0.047172
0.047781
0.046312
0.047065
0.045859
0.048369
0.055059
0.046577
0.047359
0.057265
0.047932
0.048812
0.050805
0.047837
0.058016
0.045499
0.048869
0.052825
0.145471
0.156415
0.157827
0.159287
0.160796
0.147417
0.125451
0.147760
0.150559
0.158346
0.149010
0.159218
0.114199
0.140940
0.146186
0.158772
0.165299
0.161970
0.108149
0.046402
0.047738
0.045488
0.046657
0.045714
0.046840
0.046042
0.045125
0.043963
0.045194
0.049266
0.047114
0.045239
0.046590
0.051668
0.045456
0.046625
0.048170
0.049298
0.045942
0.047218
0.046980
0.048226
0.047897
0.047308
0.047462
0.045969
0.044731
0.048026
0.049426
0.047246
0.049263
0.047361
0.045756
0.048431
0.047834
0.047670
0.056326
0.047362
0.047078
0.047378
0.048514
0.048843
0.046286
0.050239
0.048678
0.049189
0.049302
0.048545
0.048245
0.046456
0.050288
0.051170
0.049541
0.049320
0.047808
0.046940
0.048733
0.046328
0.046907
0.047708
0.047786
0.048208
0.050494
0.048188
0.047891
0.047467
0.049446
0.064412
0.048200
0.053067
0.048320
0.046978
0.047249
0.050043
0.050537
0.048955
0.046195
0.047377
0.046957
0.047623
0.047876
0.047451
0.054486
0.049133
0.046393
0.048507
0.049720
0.048203
0.047272
0.046431
0.048400
0.047336
0.046726
0.046835
0.047355
0.077694
0.047543
0.048416
0.050378
0.049615
0.069345
0.056830
0.062124
0.049416
0.050709
0.050941
0.051474
0.052302
0.060862
0.052051
0.050966
0.050846
0.049965
0.054658
0.054568
0.054176
0.052763
0.054195
0.054813
0.055845
0.053563
0.054176
0.057170
0.056610
0.053873
0.052265
0.054061
0.051373
0.055052
0.054974
0.053677
0.053569
0.054044
0.053731
0.054034
0.052801
0.051126
0.053087
0.053246
0.052513
0.066916
0.053218
0.052533
0.057632
0.055820
0.051611
0.051577
0.053167
0.050788
0.052784
0.055035
0.053186
0.054645
0.054491
0.052179
0.051877
0.053100
0.056957
0.053786
0.053255
0.053710
0.050853
0.052820
0.052239
0.053139
0.052875
0.052907
0.051046
0.052879
0.050396
0.051814
0.052284
0.059349
0.059453
0.054832
0.053016
0.057998
0.053116
0.051965
0.054911
0.059004
0.054033
0.054010
0.051738
0.051505
0.051013
0.053502
0.054319
0.052280
0.051103
0.050443
0.053344
0.052099
0.051343
0.052979
0.051748
0.052730
0.051455
0.053984
0.052896
0.054693
0.052979
0.054458
0.053962
0.055238
0.053464
0.055759
0.088494
0.066951
0.054008
0.053395
0.053126
0.059207
0.056448
0.055351
0.058439
0.057306
0.054051
0.059943
0.057525
0.059839
0.066206
0.056579
0.059111
0.052415
0.060859
0.055845
0.055313
0.058007
0.060492
0.056828
0.064870
0.058810
0.066957
0.056657
0.059088
0.057633
0.066782
0.055937
0.056465
0.060857
0.057824
