0.540142
0.027332
0.032431
0.030470
0.030628
0.029223
0.031444
0.035532
0.032206
0.032126
0.032248
0.031157
0.044655
0.031897
0.040679
0.033675
0.034199
0.031429
0.031592
0.032339
0.031920
0.032521
0.031443
0.032402
0.034156
0.036112
0.031695
0.030248
0.031666
0.031405
0.032518
0.031283
0.030615
0.030013
0.031501
0.030527
0.030373
0.032312
0.031947
0.032588
0.031839
0.032467
0.031844
0.031524
0.031215
0.030858
0.032303
0.033014
0.031893
0.032180
0.032714
0.032323
0.031152
0.030985
0.032715
0.033252
0.033564
0.033523
0.033149
0.033132
0.033400
0.034333
0.034096
0.033703
0.034632
0.033474
0.033773
0.034345
0.033080
0.033761
0.031855
0.032269
0.031337
0.033185
0.033811
0.031066
0.030886
0.031702
0.031480
0.032885
0.032243
0.031449
0.033876
0.033649
0.030757
0.030822
0.033235
0.034072
0.034296
0.034432
0.033674
0.034851
0.034857
0.034306
0.033650
0.033721
0.035485
0.034422
0.035083
0.034371
