1035	161	166	187
1035	162	168	188
1038	159	163	190
1038	160	163	189
1035	162	168	187
1038	160	163	192
1037	158	164	193
1036	160	164	192
1036	160	164	191
1036	162	165	192
1036	162	165	190
1036	160	165	193
1039	160	164	190
1036	160	168	192
1038	160	162	192
1036	160	167	192
1035	161	167	191
1030	160	167	190
1027	160	163	193
1018	153	167	197
1015	153	166	201
1003	157	177	196
1001	155	177	198
994	152	185	205
1000	157	170	198
995	154	173	202
989	142	168	216
982	138	165	215
965	136	182	225
977	133	153	224
955	129	167	225
959	124	146	233
950	119	150	240
950	119	146	235
947	106	144	255
950	109	139	248
945	107	139	238
946	109	134	246
947	103	131	236
942	98	130	248
941	99	129	240
934	97	124	237
928	97	127	224
924	102	130	219
913	98	137	216
907	97	143	221
895	93	154	210
891	93	158	211
887	93	158	208
877	99	176	186
874	104	176	190
867	110	181	175
860	109	186	176
860	110	190	174
852	108	195	178
848	104	200	182
835	109	204	177
832	109	215	177
825	110	202	180
818	111	197	175
808	112	194	171
793	109	203	184
783	111	204	175
775	112	214	176
766	110	216	182
759	110	213	189
746	112	214	186
739	114	216	182
732	113	221	184
719	112	233	180
710	114	244	185
699	113	256	188
689	114	246	196
686	119	221	186
675	114	220	195
670	111	219	193
656	114	223	172
650	117	227	168
640	120	218	179
631	123	222	176
621	124	224	178
613	130	221	160
610	131	216	153
602	132	216	154
594	134	218	162
589	132	217	165
580	137	215	178
571	137	212	175
562	136	205	174
550	137	209	183
544	137	207	180
535	130	209	177
531	134	214	177
525	135	212	191
514	129	224	202
507	144	217	179
501	148	207	185
496	152	204	161
490	150	207	169
483	153	206	176
476	157	211	168
468	157	211	172
466	157	206	175
460	158	215	179
455	159	202	175
447	157	199	172
433	158	200	173
429	158	197	168
422	158	201	169
413	160	204	164
408	162	204	158
398	161	210	163
392	163	210	162
386	163	210	163
380	168	206	162
375	170	205	160
