0.536196
0.029735
0.028956
0.031464
0.033118
0.031523
0.031603
0.031661
0.033009
0.032595
0.032464
0.032787
0.031425
0.031282
0.031113
0.032950
0.032319
0.032003
0.032074
0.031462
0.032333
0.032998
0.031877
0.031560
0.031916
0.032371
0.031759
0.031631
0.030907
0.030493
0.032279
0.032982
0.032941
0.032337
0.031962
0.030530
0.033695
0.034449
0.030270
0.036916
0.033234
0.035913
0.030138
0.030255
0.031124
0.031436
0.032855
0.032405
0.036854
0.031671
0.033145
0.033391
0.033489
0.033035
0.034510
0.033307
0.033645
0.033213
0.043010
0.034139
0.036028
0.033787
0.032306
0.032441
0.033047
0.034256
0.034206
0.033697
0.034661
0.035212
0.033575
0.035210
0.033725
0.033519
0.032367
0.033733
0.030669
0.032752
0.031436
0.034289
0.033617
0.031861
0.031968
0.033240
0.033630
0.034686
0.034329
0.034004
0.033587
0.033495
0.032756
0.033986
0.031970
0.036895
0.035531
0.033596
0.034730
0.032810
0.034066
0.034374
0.034593
0.033465
0.035104
0.034518
0.035288
0.035517
0.034832
0.032305
0.035082
0.034245
0.032331
0.037652
0.032542
0.035510
0.033663
0.035553
0.035095
0.034954
0.035397
0.033800
0.033137
0.034569
0.034814
0.035058
0.034190
0.034562
0.035036
0.034983
0.034714
0.034402
0.036772
0.036750
0.035302
0.033662
0.034530
0.037141
0.033811
0.036904
0.034333
0.034839
0.036538
0.037489
0.037204
0.034346
0.036127
0.037451
0.036334
0.037018
0.036864
0.035349
0.034833
0.036106
0.035813
0.037684
0.036705
0.037235
0.036991
0.038162
0.036853
0.037827
0.037583
0.038087
0.038526
0.037034
0.035238
0.036163
0.035278
0.036265
0.035144
0.036341
0.035539
0.037087
0.035266
0.036623
0.042104
0.035574
0.036168
0.036386
0.038800
0.038395
0.037959
0.037986
0.038863
0.037929
0.039175
0.037266
0.037647
0.036906
0.037184
0.039243
0.036690
0.036555
0.037449
0.038400
0.038427
0.038713
0.037497
0.038945
0.044057
0.037400
0.039189
0.041147
0.039792
0.037448
0.037753
0.040840
0.040323
0.040321
0.037516
0.041156
0.038373
0.039559
0.039439
0.038371
0.037667
0.037385
0.039368
0.039262
0.039792
0.037632
0.038412
0.038131
0.041321
0.041861
0.040898
0.043280
0.039416
0.040336
0.041967
0.040106
0.039156
0.038965
0.040026
0.039862
0.041999
0.039818
0.040513
0.038126
0.039362
0.041003
0.037817
0.039579
0.040863
0.038564
0.038776
0.041641
0.040370
0.040576
0.041015
0.041214
0.045223
0.040549
0.042241
0.041730
0.040094
0.040048
0.040580
0.038494
0.038550
0.040424
0.041197
0.041404
0.040541
0.041541
0.041961
0.041659
0.041346
0.041058
0.040589
0.038944
0.039365
0.039362
0.038905
0.040052
0.039310
0.039122
0.041095
0.040708
0.039276
0.040856
0.040434
0.041959
0.043471
0.040841
0.050966
0.041901
0.042762
0.043410
0.041985
0.046006
0.046158
0.044683
0.051640
0.044483
0.042702
0.045013
0.043044
0.046973
0.046042
0.043748
0.042602
0.044325
0.045738
0.043676
0.044498
0.046350
0.056135
0.045174
0.043847
0.048576
0.052194
0.048394
0.046074
0.043839
0.041830
0.044565
0.046521
0.044559
0.045107
0.044069
0.043961
0.044730
0.043874
0.042649
0.069972
0.130477
0.153386
0.145804
0.158673
0.157887
0.143848
0.104796
0.097214
0.045337
0.041697
0.041983
0.047820
0.046425
0.044451
0.041361
0.042279
0.042282
0.051108
0.045098
0.044286
0.044990
0.042882
0.042555
0.045182
0.044801
0.043972
0.044786
0.043225
0.049069
0.043674
0.049027
0.043526
0.043005
0.042856
0.046393
0.052157
0.043549
0.043064
0.042023
0.042222
0.043330
0.045437
0.045773
0.044166
0.044631
0.048174
0.043548
0.045141
0.043671
0.044092
0.043584
0.042906
0.045287
0.043333
0.044139
0.043625
0.043537
0.044185
0.043407
0.044180
0.044754
0.043777
0.045981
0.042829
0.045105
0.045021
0.043953
0.044090
0.045233
0.043937
0.045266
0.044709
0.045773
0.043966
0.044221
0.043877
0.046450
0.043449
0.044531
0.046953
0.043951
0.044055
0.044746
0.044540
0.046655
0.048331
0.047035
0.048770
0.046789
0.050095
0.048207
0.050138
0.047711
0.050427
0.050526
0.048520
0.055328
0.051517
0.048662
0.048627
0.084946
0.145312
0.145888
0.163829
0.148120
0.157882
0.154727
0.104144
0.110289
0.135181
0.140177
0.147362
0.158160
0.158744
0.142247
0.097359
0.094549
0.046194
0.045606
0.046431
0.046349
0.045842
0.046352
0.044691
0.043164
0.045528
0.046807
0.044353
0.044583
0.045794
0.045527
0.044151
0.044377
0.046300
0.045754
0.044720
0.047980
0.048862
0.046721
0.049366
0.048608
0.047160
0.046271
0.047346
0.048346
0.047063
0.047170
0.046369
0.048419
0.048681
0.049414
0.048135
0.047643
0.048066
0.050470
0.050289
0.049257
0.048835
0.083966
0.050434
0.049339
0.048905
0.051001
0.048578
0.049584
0.050701
0.048321
0.049316
0.050018
0.049633
0.050105
0.053094
0.051393
0.048635
0.051222
0.049618
0.060794
0.048863
0.049435
0.049562
0.049404
0.048591
0.049025
0.050910
0.050390
0.047670
0.055177
0.048923
0.049274
0.051060
0.048400
0.047489
0.051218
0.049491
0.047990
0.051684
0.049456
0.050239
0.050529
0.049124
0.048200
0.049324
0.047164
0.049996
0.050711
0.050358
0.049647
0.051505
0.050668
0.049313
0.050370
0.050022
0.049438
0.051627
0.051400
0.047828
0.049588
0.048039
0.049392
0.049383
0.050690
0.047589
0.047473
0.053308
0.050780
0.048266
