0.517356
0.029431
0.031286
0.031087
0.030370
0.031676
0.031848
0.031600
0.032491
0.032399
0.032751
0.029978
0.031122
0.030507
0.031282
0.032172
0.035053
0.032222
0.031917
0.030887
0.032270
0.030633
0.031950
0.032195
0.031993
0.030894
0.031762
0.031796
0.031323
0.031964
0.040216
0.032366
0.032735
0.036686
0.033089
0.033092
0.032582
0.032851
0.033685
0.032663
0.032404
0.032480
0.032105
0.036896
0.032762
0.032650
0.032652
0.032207
0.032581
0.032664
0.033324
0.034909
0.033034
0.038503
0.033525
0.035411
0.033035
0.033032
0.037144
0.051727
0.033428
0.033169
0.034397
0.032629
0.033401
0.034127
0.032501
0.032219
0.032254
0.033219
0.032451
0.033226
0.033367
0.032728
0.033112
0.033411
0.033598
0.034369
0.032728
0.033834
0.033657
0.036624
0.035236
0.033808
0.033576
0.034151
0.033086
0.033109
0.034224
0.032719
0.034265
0.034173
0.033809
0.032584
0.032898
0.034888
0.033480
0.034534
0.034029
0.034410
0.034279
