4.613049
0.027900
0.031990
0.030001
0.030732
0.030628
0.031410
0.033010
0.031652
0.031033
0.032010
0.032276
0.032220
0.032337
0.031227
0.030910
0.031758
0.042585
0.031653
0.034708
0.033055
0.029956
0.031501
0.053091
0.031174
0.042025
0.032977
0.031769
0.032369
0.033122
0.032025
0.032555
0.035996
0.034536
0.050062
0.034120
0.033507
0.034460
0.034099
0.031631
0.033138
0.035477
0.036179
0.035173
0.033790
0.035761
0.037403
0.035141
0.036094
0.072125
0.121272
0.140619
0.133564
0.132890
0.136425
0.136016
0.135352
0.121669
0.118965
0.033616
0.033228
0.034014
0.034690
0.032523
0.033598
0.033746
0.033144
0.033220
0.032718
0.032672
0.033443
0.035542
0.033768
0.032968
0.033335
0.032471
0.032635
0.032546
0.033885
0.033166
0.032362
0.032011
0.033350
0.033238
0.034011
0.033121
0.036880
0.031896
0.031261
0.031355
0.031931
0.033382
0.032717
0.032958
0.031827
0.034463
0.033254
0.032774
0.032721
0.033410
0.033053
