941	1553	177	203
947	1556	179	203
956	1554	180	200
960	1556	180	200
969	1553	182	204
983	1556	175	193
989	1550	177	200
999	1546	171	200
1007	1546	163	198
1011	1544	161	198
1015	1547	163	197
1021	1546	156	191
1033	1548	147	192
1036	1548	149	191
1048	1551	143	187
1052	1547	151	189
1059	1543	158	196
1060	1540	169	202
1071	1538	176	203
1072	1538	184	206
1075	1544	189	198
1082	1545	188	197
1091	1546	186	191
1097	1549	189	191
1106	1547	202	191
1114	1542	201	196
1126	1539	197	201
1132	1534	209	211
1145	1535	219	206
1145	1532	228	208
1156	1530	226	209
1161	1529	227	212
1171	1527	230	215
1175	1529	223	214
1192	1527	228	212
1215	1523	207	211
1234	1521	203	213
1238	1520	202	214
1252	1520	211	209
1257	1515	216	217
1274	1514	211	223
1284	1512	208	214
1292	1511	200	210
1299	1504	212	219
1320	1500	203	229
1331	1494	206	229
1343	1495	213	230
1351	1498	211	229
1363	1497	216	220
1371	1493	208	224
1385	1492	205	231
1390	1492	197	228
1402	1497	191	218
1405	1492	196	225
1421	1492	186	221
1431	1490	196	222
1440	1486	209	225
1446	1486	215	226
1460	1480	215	233
1462	1475	208	239
1476	1476	200	229
1480	1476	210	231
1489	1476	226	230
1502	1476	201	230
1516	1469	217	230
1527	1464	198	237
1537	1463	214	237
1539	1461	215	234
1548	1459	229	232
1556	1468	205	227
1566	1464	227	224
1568	1460	230	231
1577	1456	250	232
1594	1457	242	235
1624	1459	225	225
1636	1446	234	229
1651	1443	239	235
1657	1453	253	223
1672	1457	252	222
1681	1455	248	219
1696	1446	252	221
1699	1451	244	218
1702	1439	254	225
1740	1452	227	209
1763	1444	224	215
1774	1439	220	218
1788	1438	216	218
1797	1432	211	221
1806	1430	203	223
1813	1432	195	219
1824	1437	185	208
1830	1438	182	206
1839	1439	187	204
1849	1436	183	212
1874	1435	167	212
1880	1436	166	212
1888	1428	173	222
1889	1428	174	221
1896	1429	174	222
1899	1423	174	229
