0.537200
0.039183
0.028314
0.029107
0.030190
0.029335
0.031530
0.031917
0.031405
0.032019
0.031752
0.032410
0.031140
0.031157
0.031158
0.031440
0.031174
0.031697
0.031323
0.032810
0.030751
0.034811
0.032956
0.032391
0.032350
0.033049
0.032029
0.031929
0.032720
0.032781
0.030353
0.034356
0.029766
0.036994
0.038080
0.037398
0.034837
0.033204
0.033937
0.034430
0.034134
0.033267
0.033388
0.033685
0.034698
0.034493
0.031810
0.035989
0.034290
0.033342
0.033427
0.033461
0.034576
0.034765
0.033848
0.035094
0.035188
0.033315
0.034429
0.032967
0.033754
0.035165
0.035603
0.034985
0.035250
0.034609
0.035042
0.038250
0.035712
0.033491
0.031050
0.034256
0.033758
0.033236
0.033659
0.033684
0.035394
0.036099
0.037929
0.033626
0.032742
0.032679
0.033988
0.033992
0.033594
0.034682
0.035077
0.034385
0.035751
0.035412
0.034016
