668	340	68	84
686	335	69	93
698	343	83	78
708	339	82	76
710	312	82	88
724	288	70	98
891	264	57	94
902	267	69	95
915	278	75	89
920	288	75	80
999	251	68	101
1010	247	69	105
1035	260	69	87
1056	263	71	80
1056	274	96	68
1057	259	99	87
1070	256	86	84
1069	239	90	104
1066	223	94	108
1069	225	90	107
1084	233	113	107
1097	238	116	112
1120	251	96	118
1138	248	110	133
1154	301	113	118
683	308	157	121
681	299	181	128
677	290	193	137
687	282	189	143
689	287	192	147
688	290	196	157
683	300	202	150
664	302	221	156
653	300	229	151
634	293	225	153
621	281	237	159
615	290	251	141
613	286	255	154
613	305	254	167
609	318	248	164
589	312	248	155
581	306	255	149
570	292	267	160
562	307	270	162
553	328	269	176
539	334	281	172
519	349	293	162
510	353	305	157
501	362	310	161
498	372	312	174
493	385	318	195
485	387	322	204
458	411	346	201
446	410	367	211
451	408	375	216
451	392	367	226
531	344	289	252
472	310	365	270
482	281	396	298
547	278	338	278
496	267	423	273
503	285	435	288
497	328	429	323
477	342	446	341
446	428	462	291
387	434	485	286
343	411	474	309
340	386	469	332
327	342	482	329
340	324	500	324
344	284	523	342
336	275	550	328
289	265	588	329
278	255	587	336
292	253	578	334
312	246	578	344
322	216	579	371
333	228	581	328
350	233	568	308
348	256	551	285
337	245	535	336
341	273	519	307
