0.715164
0.041148
0.093149
0.092794
0.046701
0.039931
0.041214
0.041397
0.116882
0.085372
0.043844
0.041676
0.043068
0.114728
0.072316
0.047422
0.047559
0.044123
0.045188
0.112158
0.082507
0.048819
0.048632
0.046830
0.110203
0.086737
0.048441
0.046776
0.044950
0.093359
0.084881
0.045615
0.038874
0.039639
0.041760
0.042882
0.107350
0.087325
0.044589
0.043076
0.042444
0.070244
0.113358
0.055289
0.046297
0.044457
0.045028
0.122472
0.086945
0.045947
0.042860
0.042560
0.120220
0.100698
0.048282
0.047054
0.058788
0.101095
0.072823
0.046205
0.044370
0.044172
0.070563
0.118163
0.056727
0.045007
0.044198
0.047220
0.110411
0.086020
0.043144
0.039699
0.042382
0.108019
0.088961
0.042101
0.042953
0.042224
0.089298
0.101406
0.054620
0.046236
0.046016
0.044919
0.115472
0.088616
0.051412
0.048743
0.047132
0.121240
