550	111	50	66
524	124	51	68
500	132	48	64
477	144	48	64
451	150	58	63
435	159	38	66
410	162	54	67
395	172	40	65
365	178	47	67
330	183	56	63
318	189	33	67
276	199	60	62
282	203	33	64
265	206	38	66
265	216	37	63
255	210	47	71
251	210	69	70
282	211	40	68
296	211	54	69
324	210	45	70
352	216	52	66
383	216	49	60
408	219	47	62
437	221	52	60
464	222	35	66
482	219	54	68
510	224	32	71
527	227	48	66
548	229	42	71
572	224	57	70
602	226	40	75
630	224	53	75
656	226	48	64
679	227	51	81
703	223	48	89
730	224	49	91
747	226	50	77
759	232	52	94
766	233	65	93
779	243	52	87
790	243	49	90
795	246	47	80
799	247	47	94
797	255	62	92
814	259	48	92
819	260	46	82
831	259	32	96
834	265	39	72
844	265	31	91
844	266	40	69
845	264	44	81
849	271	41	76
859	272	32	69
859	273	40	81
863	275	57	75
843	272	64	79
847	272	75	81
841	272	48	86
831	274	51	74
828	277	45	71
816	275	50	67
816	278	43	76
811	283	49	64
810	282	50	76
811	282	68	72
802	286	36	81
809	288	35	80
803	289	34	76
801	290	35	83
798	293	44	72
776	294	61	77
780	297	42	77
759	305	31	77
743	308	47	76
743	307	35	82
723	327	56	64
725	313	30	77
718	317	37	73
705	320	52	75
735	320	32	81
746	321	39	76
