0.745748
0.040001
0.049056
0.050944
0.125699
0.136599
0.134897
0.111008
0.057579
0.053982
0.114973
0.105601
0.046088
0.050798
0.045187
0.047842
0.127079
0.133016
0.143136
0.105771
0.056010
0.056030
0.124169
0.097751
0.049705
0.053260
0.049067
0.045815
0.115197
0.100181
0.133882
0.107941
0.062228
0.049860
0.050292
0.139342
0.085355
0.050914
0.051573
0.055201
0.092342
0.078959
0.146753
0.146743
0.102764
0.047499
0.047751
0.091108
0.099211
0.091307
0.055505
0.052150
0.052365
0.130302
0.133450
0.132357
0.102863
0.059121
0.053747
0.082373
0.102482
0.086972
0.050937
0.049764
0.052341
0.064726
0.087802
0.042894
0.097131
0.146013
0.110134
0.067583
0.053245
0.050771
0.133755
0.102985
0.054826
0.049358
0.046248
0.113342
0.092070
0.144990
0.102663
0.065521
0.056062
0.058991
0.135172
0.090719
0.058123
0.054081
0.054234
0.098028
0.103540
0.144238
0.114623
0.094825
0.057659
0.056613
0.128189
0.087703
0.056378
0.051880
0.050383
0.052439
0.120278
0.132166
0.132697
0.105631
0.063016
0.052525
0.055847
0.125773
0.089086
0.051615
0.050692
0.051878
0.096292
0.068707
0.133283
0.139766
0.077664
0.055119
0.051972
0.051723
0.125962
0.084224
0.051932
0.054213
0.052841
0.101608
0.092250
0.148526
0.100917
0.070563
0.053711
0.052329
0.136525
0.094256
0.057768
0.056886
0.054266
0.124797
0.110539
0.146736
0.119373
0.061584
0.053024
0.072577
0.112695
0.087461
0.052095
