0.655739
0.100870
0.068860
0.046984
0.041776
0.041012
0.073642
0.121242
0.054716
0.051628
0.055068
0.062173
0.106209
0.084625
0.049334
0.049445
0.053658
0.128013
0.091495
0.051238
0.047474
0.051652
0.127812
0.091465
0.049772
0.048412
0.048836
0.119245
0.087200
0.049649
0.047461
0.049838
0.128918
0.093987
0.053396
0.051269
0.052113
0.116991
0.089837
0.052255
0.047246
0.050829
0.121224
0.085887
0.051730
0.048595
0.050648
0.121054
0.082691
0.052757
0.059766
0.060159
0.118740
0.090994
0.056762
0.054870
0.067060
0.119521
0.071347
0.050552
0.049714
0.048934
0.128829
0.092249
0.050511
0.048689
0.048897
0.124923
0.091359
0.053077
0.049599
0.055392
0.124052
0.099423
0.054077
0.056359
0.078686
0.128843
0.050363
0.048478
0.050563
0.055045
0.121078
0.100078
0.056890
0.055045
0.124404
0.105634
0.055337
0.054010
0.120810
0.095616
0.059428
0.053870
0.113333
0.105671
0.064165
0.051424
0.054287
0.122025
