0.607432
0.038618
0.125379
0.080536
0.044948
0.045097
0.044703
0.044687
0.121450
0.097131
0.145054
0.122705
0.074232
0.046906
0.052987
0.111826
0.093793
0.056430
0.046531
0.047322
0.050136
0.072211
0.092338
0.143465
0.143054
0.081887
0.051838
0.046942
0.048092
0.142060
0.092369
0.047410
0.046664
0.048182
0.046520
0.114916
0.144003
0.130463
0.069572
0.060383
0.047489
0.052518
0.120399
0.097397
0.052580
0.047275
0.046038
0.046730
0.112475
0.084134
0.144043
0.109531
0.076185
0.052439
0.048416
0.070131
0.107943
0.092441
0.048356
0.046717
0.044437
0.047020
0.132069
0.143934
0.144886
0.099377
0.048759
0.047836
0.050826
0.143022
0.086740
0.049660
0.051472
0.049801
0.051006
0.120950
0.143337
0.143715
0.087686
0.059375
0.052289
0.089008
0.095960
0.087154
0.054641
0.054737
0.053233
0.119807
0.091048
0.144801
0.128377
