0.618945
0.118032
0.087178
0.054497
0.049686
0.049770
0.049651
0.093648
0.069245
0.145179
0.130486
0.079418
0.062387
0.050514
0.051477
0.135468
0.079533
0.051804
0.047806
0.047411
0.048539
0.038451
0.040426
0.114987
0.144490
0.144576
0.094884
0.057307
0.053645
0.054973
0.135362
0.080137
0.049652
0.053356
0.051408
0.050150
0.099739
0.057465
0.144442
0.144425
0.090532
0.054711
0.049713
0.049516
0.138567
0.087238
0.050342
0.049163
0.049830
0.050858
0.131037
0.134935
0.144213
0.097370
0.062345
0.051968
0.051356
0.133919
0.077325
0.052405
0.053956
0.050697
0.052896
0.132426
0.135022
0.144347
0.102874
0.061972
0.055596
0.100710
0.080605
0.081426
0.052737
0.051353
0.051966
0.118013
0.090531
0.144308
0.120783
0.083684
0.055107
0.054352
0.144896
0.092389
0.049765
0.048626
0.047164
0.047705
0.119785
0.133926
0.133204
0.100126
0.066588
0.053364
0.055930
0.126762
0.088249
0.052185
0.054307
0.053071
0.099761
0.086561
0.132761
0.114665
0.078223
0.071432
0.057503
0.055651
0.112031
0.105375
0.054223
0.051791
0.059686
0.054398
0.131753
0.144293
0.144745
0.087850
0.066883
0.053981
0.086336
0.103259
0.088289
0.056967
0.051983
0.053178
0.089957
0.080813
0.146859
0.136849
0.071158
0.061218
0.052818
0.055047
0.137617
0.101118
0.056605
0.054582
0.056312
0.129490
0.145629
0.146497
0.092651
0.058750
0.053598
0.087517
0.094179
0.087750
0.053224
0.051455
0.051954
0.088469
0.079684
0.149553
0.144401
0.090291
0.056131
0.054742
0.120842
0.092544
0.051580
0.058237
0.056131
0.087080
0.091861
0.138153
0.145731
0.092994
0.056854
0.056398
0.122578
0.083151
0.069340
0.052802
0.052617
0.055801
0.120614
0.084594
0.148572
0.114662
0.073736
0.051478
0.051387
0.101921
0.087312
0.063149
0.053989
0.051569
0.052828
0.089588
0.080065
0.148720
0.141546
0.094244
0.064432
0.057780
0.090479
0.098600
0.087250
0.048665
0.054574
0.055864
0.062594
0.109268
0.149166
0.126243
0.083690
0.068270
0.053231
0.053047
0.056222
0.134517
0.076664
0.057576
0.055473
0.058297
0.093767
0.093955
0.148223
0.112494
0.092402
0.066339
0.056909
0.072863
0.114395
0.106195
0.055666
0.053944
0.058575
0.122191
0.150414
0.150744
0.092633
0.059580
0.058504
0.129604
0.094423
0.056569
0.054973
0.057220
0.091488
0.087031
0.140715
0.144965
0.098971
0.060032
0.058691
0.129483
0.092073
0.061097
0.059061
0.058187
0.096031
0.113000
0.150818
0.119394
0.075886
0.057716
0.057034
0.134884
0.075910
0.056584
0.055196
0.055031
0.057500
0.126881
0.151293
0.141378
0.111042
0.061685
0.064499
0.132744
0.098601
0.063264
0.063653
0.058435
0.126786
0.138997
0.148442
0.080370
0.066955
0.057958
0.116259
0.092125
0.059104
0.065547
0.060431
0.064231
0.121248
0.150230
0.149576
0.104194
0.065620
0.075364
0.118613
0.105071
0.058520
0.057117
0.060165
0.122110
0.155529
0.138174
0.075174
0.078618
0.065741
0.099534
0.118583
0.067536
0.056601
0.055663
0.057430
0.130814
0.152514
0.129911
0.077726
0.068115
0.060940
0.102555
0.127848
0.072064
0.059273
0.057678
0.113485
0.099815
0.152393
0.119700
0.076939
0.062954
0.084603
0.138836
0.064341
0.058707
0.056808
0.058692
0.128986
0.154885
0.140475
0.098900
0.059293
0.059908
0.131587
0.085307
0.065291
0.055285
0.058412
0.053325
0.095535
0.118786
0.153900
0.115544
0.081461
0.060776
0.059422
0.141438
0.097079
0.062565
0.062560
0.059927
0.131018
0.139458
0.152532
0.082451
0.070987
0.062913
0.110600
0.099463
0.064871
0.059105
0.058535
0.058893
0.135962
0.145650
0.155266
0.097216
0.062825
0.061992
0.130547
0.096761
0.062479
0.059253
0.059215
0.069518
0.113465
0.142700
0.124383
0.079890
0.079704
0.059406
0.095942
0.098573
0.072593
0.060914
0.061175
0.060611
0.137657
0.140207
0.162143
0.089777
0.075807
0.061811
0.137293
0.090799
0.058899
0.060153
0.060890
0.097579
0.121114
0.163653
0.126735
0.086247
0.065443
0.136315
0.099513
0.072779
0.062401
0.061528
0.130014
0.154945
0.143275
0.094407
0.064864
0.078059
0.122672
0.100836
0.063086
0.065244
0.063628
0.126061
0.159227
0.133721
0.075685
0.071683
0.066235
0.100492
0.129983
0.079975
0.072260
0.066186
0.123834
0.102332
0.147536
0.119004
0.068556
0.060740
0.063824
0.142351
0.097291
0.064555
0.060429
0.060044
0.129220
0.156721
0.145482
0.096903
0.064853
0.064710
0.141111
0.105770
0.062615
0.061772
0.082574
0.148973
0.161344
0.128637
0.080496
0.066623
0.103106
0.124532
0.059824
0.062671
0.061707
0.089065
0.135219
0.161381
0.126384
0.082037
0.067735
0.140046
0.099832
0.064495
0.062572
0.067806
0.127389
0.160262
0.148339
0.099964
0.065752
0.100194
0.120140
0.072890
0.064485
