0.754424
0.043854
0.042926
0.097431
0.104668
0.050348
0.046940
0.048506
0.079316
0.122557
0.070467
0.051128
0.051887
0.128821
0.103254
0.051812
0.049348
0.098533
0.116883
0.056974
0.054385
0.056249
0.133716
0.098542
0.052213
0.051392
0.090637
0.087144
0.078723
0.050779
0.049771
0.053607
0.119671
0.104259
0.050072
0.050352
0.108859
0.100311
0.054126
0.051066
0.050389
0.132401
0.108840
0.053448
0.052809
0.112407
0.108879
0.054225
0.051364
0.054950
0.127972
0.100064
0.050977
0.052597
0.107692
0.118537
0.057554
0.048341
0.050985
0.126922
0.103206
0.050680
0.050132
0.093418
0.113206
0.056528
0.053046
0.053812
0.119617
0.102690
0.053163
0.049268
0.052081
0.125926
0.101413
0.055355
0.052841
0.106048
0.113346
0.057724
0.053898
0.052075
0.130922
0.101963
0.053829
0.051545
0.110439
0.105350
0.055237
0.058672
