0.613120
0.103391
0.090184
0.046133
0.042552
0.050895
0.108260
0.084272
0.043977
0.041552
0.044737
0.119387
0.091415
0.042726
0.040717
0.041329
0.076387
0.099642
0.057342
0.044552
0.042728
0.042923
0.121630
0.087322
0.044902
0.041127
0.041963
0.101289
0.097098
0.049068
0.045190
0.044822
0.084039
0.100082
0.053795
0.044621
0.044004
0.045252
0.119300
0.087445
0.041818
0.040037
0.042839
0.097272
0.099946
0.046130
0.042706
0.042375
0.041151
0.109357
0.086332
0.046862
0.040884
0.043928
0.119526
0.094436
0.050951
0.045227
0.046288
0.116490
0.083105
0.046098
0.047093
0.048033
0.122755
0.087629
0.047352
0.042421
0.047256
0.124060
0.094451
0.049721
0.044798
0.045047
0.112447
0.084887
0.044706
0.042224
0.043665
0.119167
0.101503
0.046667
0.043694
0.046364
0.113417
0.088398
0.047257
0.045011
0.046705
0.118747
0.087186
0.046456
0.043775
0.045335
0.123469
0.094272
0.044896
0.042512
0.044325
0.118866
