0.668066
0.039453
0.102871
0.110706
0.051406
0.048401
0.049282
0.129503
0.095502
0.057109
0.053095
0.125704
0.094468
0.050127
0.047903
0.050694
0.124045
0.101269
0.054129
0.048567
0.095499
0.099210
0.058992
0.049656
0.049825
0.080036
0.120898
0.051385
0.050617
0.049769
0.089145
0.121856
0.060145
0.050906
0.050380
0.110393
0.095777
0.054115
0.055465
0.050298
0.122349
0.098455
0.051704
0.049595
0.057818
0.109389
0.095905
0.048669
0.048036
0.049194
0.112572
0.095594
0.050088
0.047762
0.047556
0.114322
0.095193
0.049897
0.050194
0.087479
0.113492
0.053092
0.049848
0.047806
0.088008
0.107912
0.053159
0.055608
0.052352
0.129879
0.105631
0.051741
0.055207
0.112399
0.108720
0.054090
0.048323
0.050874
0.112796
0.099968
