356	94	227	287
374	90	212	291
380	81	203	298
378	79	208	300
398	69	183	308
404	59	180	320
386	69	192	311
400	61	178	322
402	55	168	324
397	61	188	328
396	68	209	323
409	67	204	324
433	80	210	314
452	87	197	307
472	86	180	308
496	83	175	309
530	85	165	316
544	69	164	334
545	74	174	346
554	68	181	350
546	80	195	322
539	71	220	329
533	88	191	312
540	88	185	320
544	88	185	345
550	86	183	345
575	77	162	335
581	76	168	334
564	79	179	332
528	80	203	333
530	76	204	342
530	107	241	333
563	195	273	266
554	200	281	257
572	209	275	245
563	205	276	259
602	204	234	262
556	238	287	222
554	229	287	238
543	187	309	280
509	214	344	254
487	212	340	256
480	210	349	252
489	148	355	313
485	160	357	308
502	111	341	355
504	164	338	299
519	127	325	334
507	120	332	342
532	90	309	367
504	114	337	342
522	106	311	355
549	114	283	352
534	79	301	381
517	117	320	326
550	93	285	355
579	128	246	326
612	124	209	336
610	107	216	353
618	130	217	327
620	136	196	320
618	129	172	332
614	113	179	348
612	84	179	379
615	105	177	358
611	117	179	347
613	125	171	339
608	116	184	349
622	124	170	343
621	103	186	359
632	91	183	377
637	97	169	370
643	103	163	362
645	100	167	364
667	87	170	377
674	98	162	361
686	79	162	384
697	88	156	371
