0.781907
0.044338
0.120270
0.098646
0.052961
0.044924
0.045944
0.046154
0.102472
0.075463
0.131871
0.131945
0.083405
0.053521
0.048332
0.060207
0.124434
0.087712
0.047859
0.047128
0.047966
0.048662
0.130508
0.133422
0.132262
0.121848
0.056662
0.050274
0.087442
0.095134
0.086909
0.052378
0.049149
0.048867
0.058059
0.105552
0.133828
0.131931
0.101103
0.058064
0.048806
0.049395
0.131271
0.091620
0.044779
0.047013
0.047226
0.047962
0.122291
0.103884
0.131653
0.115466
0.077258
0.052444
0.066880
0.116753
0.085755
0.048267
0.047907
0.044658
0.046417
0.119262
0.085799
0.132461
0.121438
0.085788
0.050540
0.049531
0.098566
0.079670
0.069549
0.049071
0.048780
0.050953
0.050464
0.108435
0.081845
0.131732
0.119101
0.082901
0.055740
0.052165
0.092213
0.091485
0.084914
0.047772
0.047404
0.047140
0.048385
0.129770
0.131390
0.132187
0.115115
0.063729
0.050390
0.069669
0.112987
0.085130
0.051390
0.048488
0.049323
