0.705485
0.067905
0.047454
0.043647
0.044978
0.042754
0.045318
0.123352
0.142375
0.137619
0.074916
0.055699
0.050916
0.051730
0.138316
0.093652
0.049647
0.048723
0.050373
0.050476
0.120414
0.143344
0.144612
0.076782
0.058747
0.050432
0.048728
0.142522
0.083676
0.051902
0.045646
0.044769
0.046943
0.115394
0.094950
0.145436
0.139619
0.064329
0.050645
0.052829
0.142797
0.090109
0.050472
0.050571
0.050032
0.088716
0.078902
0.142446
0.143909
0.085252
0.053608
0.052240
0.093273
0.091754
0.090606
0.049752
0.047916
0.048108
0.072950
0.083200
0.145070
0.133603
0.115717
0.053863
0.055699
0.126094
0.097784
0.050043
0.048766
0.047507
0.049260
0.127075
0.127788
0.144239
0.100557
0.057132
0.050136
0.069355
0.115927
0.072862
0.052232
0.046681
0.048038
0.049367
0.117706
0.095158
0.144950
0.121860
0.073884
0.055031
0.063194
0.132499
0.092095
0.053763
0.051256
0.054230
0.124090
0.098660
0.144488
0.112587
0.076465
0.054905
0.062498
0.122235
0.089916
0.053716
0.052203
0.050802
0.110309
0.093696
0.145076
0.129811
0.085819
0.050813
0.056271
0.124236
0.100393
0.056335
0.049616
0.048197
0.047476
0.129765
0.147177
0.147252
0.084682
0.058737
0.052860
0.052191
0.136538
0.093233
0.055329
0.051463
0.051487
0.092107
0.077772
0.147115
0.145749
0.085875
0.055937
0.055166
0.092021
0.096823
0.096908
0.056669
0.052412
0.056056
0.127082
0.145371
0.129770
0.059925
0.083149
0.056935
0.055446
0.139559
0.088119
0.053391
0.050921
0.049592
0.087305
0.103689
0.145883
0.095196
0.074471
0.052827
0.055415
0.134636
0.095679
0.061718
0.055494
0.055479
0.061846
0.109346
0.150820
0.144514
0.090662
0.060237
0.056965
0.097822
0.111549
0.065396
0.055379
0.054276
0.056759
0.128667
0.150913
0.148938
0.099720
0.058761
0.060349
0.140078
0.083881
0.064380
0.063107
0.063619
0.117354
0.112540
0.148215
0.119582
0.066827
0.058362
0.119585
0.078507
0.052393
0.052854
0.055852
0.058861
0.131647
0.148044
0.148644
0.112637
0.061594
0.095808
0.106292
0.099690
0.066769
0.062755
0.116572
0.102359
0.149480
0.132199
0.071904
0.057314
0.116392
0.093606
0.059097
0.056648
0.053977
0.053547
0.128850
0.149839
0.127231
0.085211
0.060625
0.055666
0.048896
0.077760
0.105344
0.058741
0.053808
0.057953
0.049684
0.057313
0.056996
0.057336
0.117897
0.152898
0.126531
0.057476
0.055994
0.053814
0.055476
0.051767
0.047338
0.049083
0.048570
0.053745
0.134888
0.094572
0.056080
0.060270
0.059150
0.083796
0.100264
0.151953
0.135961
0.095910
0.061174
0.091131
0.104864
0.086299
0.055836
0.056003
0.055837
0.124183
0.148908
0.121026
0.075782
0.061464
0.055349
0.077671
0.108811
0.090204
0.055580
0.054750
0.054011
0.090830
0.113143
0.153197
0.119305
0.079411
0.058252
0.093028
0.118831
0.058268
0.059195
0.062927
0.061415
0.133342
0.152308
0.150884
0.066048
0.078440
0.063453
0.095848
0.131373
0.063442
0.056641
0.057872
0.061512
0.142527
0.153236
0.150998
0.102306
0.063771
0.095664
0.106997
0.082863
0.061700
0.056425
0.055169
0.079705
0.128937
0.154352
0.140427
0.081382
0.062259
0.131649
0.096193
0.062435
0.058343
0.062039
0.100089
0.118283
0.152618
0.123188
0.089037
0.063627
0.102479
0.106667
0.072740
0.057447
0.055489
0.055897
0.123691
0.140909
0.135012
0.087515
0.062822
0.059477
0.139519
0.105157
0.064394
0.062830
0.062320
0.117779
0.154251
0.144801
0.106248
0.064320
0.062492
0.138115
0.099145
0.067146
0.064371
0.077615
0.151810
0.154480
0.119855
0.093914
0.063222
0.099366
0.139664
0.067856
0.065970
0.064523
0.133629
0.155484
0.148307
0.089517
0.062890
0.060094
0.139300
0.098130
0.063526
0.063060
0.060378
0.126932
0.153210
0.125368
0.077315
0.062123
0.059461
0.091343
0.115390
0.058090
0.059738
0.055607
0.056509
0.133929
0.155825
0.144185
0.094724
0.060910
0.060510
0.131387
0.081514
0.070116
0.061657
0.059331
0.096072
0.131672
0.154812
0.124249
0.081842
0.064654
0.121803
0.099754
0.066919
0.065506
0.061762
0.125140
0.113754
0.159938
0.115388
0.075400
0.068060
0.140264
0.107749
0.063617
0.063585
0.107532
0.112716
0.155306
0.122006
0.079200
0.060800
0.124007
0.102874
0.062815
0.065951
0.065192
0.129876
0.158122
0.154770
0.104892
0.067672
0.100659
0.116261
0.070000
0.062435
0.062080
0.067676
0.118786
0.160220
0.136328
0.094986
0.064270
0.063799
0.138982
0.099203
0.062038
0.066403
0.064039
0.134384
0.157396
0.126029
0.089634
0.063635
0.064112
0.144242
0.117539
0.058382
0.062169
0.080748
0.150961
0.159468
0.126276
0.079971
0.069719
0.146273
0.102969
0.062486
0.061657
0.063451
0.121558
0.159918
0.151355
0.103487
0.059785
0.063729
0.126667
0.096248
0.067261
0.065290
0.103182
0.125047
0.159632
0.128484
0.084685
0.063890
0.116318
0.107246
0.070229
0.064891
0.064358
0.128861
0.146687
0.159681
0.105977
0.066952
0.104227
0.112396
0.072733
0.056573
0.060930
0.060941
0.097191
0.125720
0.157928
0.110428
0.072642
0.064980
0.145777
0.106843
0.062219
0.059886
0.061180
0.132913
0.158341
0.152304
0.099405
0.068943
0.107581
0.104540
0.085094
0.066463
0.095622
0.130765
0.157791
0.149248
0.100638
0.067630
0.102112
0.123908
0.067860
0.062330
0.064681
0.114263
0.102171
0.159460
0.132413
0.075773
0.069084
0.140572
0.107404
0.070964
0.071069
0.134589
0.163626
0.149068
0.103624
0.073329
0.143776
0.079870
0.070626
0.066208
0.067660
0.104657
0.114694
0.160230
0.127603
0.070217
0.065607
0.142836
0.101256
0.070449
0.067653
0.083472
0.154880
0.161781
0.133087
0.069093
0.055334
0.057241
0.055655
0.056877
0.128520
0.063662
0.079190
0.068715
0.067738
0.066807
0.132500
0.151333
0.138105
0.095568
0.069348
0.088740
0.133594
0.074334
0.067187
0.070387
0.110269
0.119902
0.161706
0.131524
0.082877
0.068696
0.141998
0.095972
0.062290
0.062874
0.065068
0.132978
0.166328
0.149339
0.109454
0.073514
0.119367
0.112846
0.076180
0.068161
0.071011
0.135942
0.164025
0.143343
0.114788
0.072470
0.140656
0.100436
0.071553
0.066622
0.069779
0.126670
0.163511
0.151355
0.106580
0.072248
0.139318
0.096543
0.065960
0.070990
0.072028
0.126331
0.163671
0.135827
0.098920
0.068818
0.106584
0.112327
0.075166
0.067760
0.067382
0.107734
0.125033
0.163638
0.134754
0.075089
0.081843
0.128098
0.109018
0.069960
0.071300
0.110159
0.116174
0.163365
0.127542
0.075846
0.074090
0.136454
0.108725
