0.699787
0.102857
0.045444
0.041878
0.038829
0.043334
0.117936
0.092785
0.054482
0.054305
0.131502
0.090746
0.059430
0.063770
0.137841
0.104733
0.051761
0.054597
0.130033
0.107893
0.051161
0.050757
0.112524
0.109288
0.062030
0.053256
0.088745
0.114927
0.059212
0.054180
0.053583
0.128837
0.086316
0.054599
0.061655
0.126991
0.100559
0.056554
0.057677
0.113561
0.111253
0.056257
0.049074
0.049786
0.113677
0.094644
0.051943
0.049499
0.097978
0.109617
0.062987
0.050795
0.051664
0.125200
0.087796
0.057119
0.059287
0.122092
0.102262
0.055556
0.057140
0.113592
0.109523
0.054811
0.048723
0.051502
0.109996
0.092242
0.053610
0.051625
0.113855
0.103105
0.063845
0.060988
0.122160
0.097233
0.056434
0.055392
0.084110
0.111690
0.074100
0.051297
0.050217
0.125216
0.105750
0.053637
0.049183
0.113012
0.094162
0.054288
0.050181
0.051285
0.124459
0.104768
0.059263
0.061636
0.127388
0.097696
0.056078
0.054265
