0.738554
0.093530
0.058314
0.053125
0.105179
0.110814
0.055998
0.051919
0.055696
0.130388
0.099609
0.052051
0.054010
0.125691
0.109366
0.055788
0.054108
0.124618
0.106501
0.054749
0.051998
0.081151
0.122554
0.053792
0.057597
0.057553
0.128811
0.101484
0.056799
0.057770
0.110564
0.113086
0.054837
0.047669
0.049723
0.122594
0.091171
0.059147
0.053862
0.096099
0.102313
0.052792
0.051135
0.048771
0.126338
0.102658
0.059005
0.057064
0.128535
0.099563
0.059059
0.060360
0.106171
0.117605
0.057548
0.052944
0.056668
0.126281
0.099312
0.053933
0.058566
0.130091
0.106761
0.057600
0.054803
0.126153
0.086149
0.056288
0.052964
0.051554
0.124973
0.107924
0.054800
0.053945
0.107574
0.108932
0.057670
0.054532
0.051101
0.130053
0.091512
0.054080
0.055058
0.092042
0.122905
0.060462
0.054693
0.057178
0.130810
0.098857
