0.676036
0.119382
0.098468
0.045166
0.042120
0.046142
0.120877
0.092212
0.043129
0.043033
0.049006
0.118740
0.098838
0.054921
0.049406
0.125399
0.104695
0.059705
0.054279
0.124853
0.094442
0.053192
0.050581
0.056333
0.127735
0.101428
0.052423
0.046992
0.118618
0.099527
0.057497
0.051260
0.050180
0.110781
0.094978
0.053084
0.052499
0.091850
0.121169
0.066321
0.055840
0.056748
0.127692
0.099939
0.056936
0.051189
0.108891
0.111528
0.054158
0.050487
0.052874
0.118755
0.104462
0.057445
0.053217
0.121528
0.106329
0.053154
0.050071
0.088714
0.112425
0.052313
0.049067
0.048609
0.113925
0.106948
0.056914
0.058515
0.116441
0.108632
0.045768
0.046982
0.042961
0.042123
0.044344
0.044430
0.046052
0.123820
0.105004
0.052090
0.053167
