576	397	135	177
563	392	130	181
558	366	119	203
544	364	108	207
517	368	92	209
490	388	91	190
467	398	96	169
432	386	106	181
426	384	79	182
382	358	92	212
370	356	102	207
369	356	86	196
352	354	85	201
334	343	99	213
325	344	107	212
397	405	102	181
411	428	89	171
418	430	89	173
419	412	77	198
404	399	126	210
386	400	114	190
371	403	137	203
370	425	141	168
373	419	122	171
361	426	141	179
354	412	124	164
323	399	118	192
297	367	134	222
269	328	148	241
244	344	154	201
240	375	147	187
310	369	125	190
369	359	93	181
397	348	87	184
426	354	88	171
434	345	120	185
458	341	137	175
514	331	91	155
553	318	79	182
570	305	92	191
594	292	85	202
602	288	93	204
598	251	100	239
618	307	88	174
634	304	87	189
628	303	112	203
634	311	126	194
655	310	138	189
622	303	134	184
636	303	138	186
613	288	102	198
599	273	83	191
608	276	91	184
605	275	112	199
597	255	122	223
596	248	122	227
602	262	110	216
604	278	104	203
593	288	111	183
570	249	128	245
592	267	98	235
579	258	99	245
579	291	102	226
570	287	94	238
559	303	107	233
553	276	121	270
543	295	117	255
536	309	114	239
527	290	116	250
524	309	108	228
510	308	128	220
583	342	105	200
603	358	90	213
620	366	78	210
617	349	86	223
635	364	76	200
626	375	105	189
627	359	101	213
616	327	121	238
656	363	82	199
638	352	100	209
634	341	109	208
643	339	112	207
687	361	97	182
660	336	103	189
674	316	112	204
713	301	103	209
744	288	114	215
769	241	151	246
798	249	166	236
830	235	201	269
870	237	183	256
912	285	176	221
929	273	180	225
996	310	152	208
1032	327	131	179
1054	289	105	215
1083	330	81	183
1092	322	76	192
1098	329	72	181
1106	365	75	146
