0.730152
0.038677
0.085836
0.084200
0.065310
0.044205
0.046648
0.046953
0.125192
0.088500
0.044840
0.043367
0.045938
0.115613
0.080997
0.044681
0.041768
0.040394
0.043325
0.111725
0.086250
0.047920
0.042580
0.042047
0.041549
0.114977
0.080249
0.044911
0.040967
0.041629
0.053627
0.102543
0.071501
0.044232
0.047304
0.046107
0.075533
0.113389
0.062099
0.048429
0.046345
0.047080
0.122386
0.088741
0.047264
0.042931
0.047801
0.116376
0.086528
0.045613
0.042742
0.042314
0.042660
0.115079
0.087326
0.044681
0.042674
0.042007
0.080148
0.105467
0.065175
0.046087
0.043660
0.044026
0.121202
0.083628
0.044102
0.045328
0.046748
0.103346
0.099028
0.047610
0.046643
0.041417
0.053427
0.117673
0.092571
0.049984
0.045257
0.045477
0.102398
0.100549
0.045961
0.044204
0.043887
0.043304
0.112014
0.088056
0.044540
0.044135
