0.804387
0.038279
0.040701
0.118082
0.080149
0.040578
0.040012
0.040689
0.045381
0.056442
0.107959
0.142919
0.144464
0.094696
0.054430
0.053261
0.102288
0.082772
0.074433
0.047313
0.048087
0.049908
0.049060
0.114151
0.070240
0.143917
0.116570
0.083086
0.051515
0.051754
0.096725
0.079845
0.084887
0.046799
0.045688
0.045846
0.047314
0.125040
0.131548
0.132628
0.097825
0.061799
0.048565
0.050823
0.133525
0.082083
0.049129
0.045976
0.047525
0.050070
0.117245
0.066047
0.132796
0.111686
0.086925
0.056573
0.049514
0.046915
0.130649
0.076934
0.048562
0.049320
0.047154
0.047360
0.057913
0.102806
0.144400
0.132447
0.073999
0.059147
0.048381
0.048341
0.132524
0.077271
0.045165
0.044848
0.045680
0.046985
0.055369
0.107373
0.131261
0.133074
0.102183
0.065939
0.052731
0.051992
0.130877
0.091276
0.052864
0.051288
0.052136
0.050462
0.115540
0.133028
0.132237
0.080276
0.063107
0.049886
0.049280
0.130123
0.075733
0.050120
0.048329
0.048774
0.051597
0.128498
0.144163
0.139673
0.087921
0.068929
0.056284
0.087740
0.092722
0.084656
0.055615
0.051883
0.052438
0.122027
0.097408
0.146936
0.116257
0.066761
0.054143
0.052429
0.138630
0.094515
0.054079
0.050951
0.051690
0.120171
0.079760
0.145727
0.116140
0.078717
0.056248
0.054425
0.133125
0.092054
0.054108
0.050411
0.048896
0.100577
0.075042
0.146498
0.139646
0.089336
0.053601
0.052701
0.136286
0.088789
0.056169
0.050349
0.050527
0.087050
0.107384
0.137134
0.130360
0.093358
0.056135
0.059038
0.120627
0.087642
0.051764
0.049212
0.051675
0.050538
0.128278
0.148357
0.142179
0.096751
0.060611
0.054713
0.100904
0.107485
0.057384
0.057459
0.056656
0.055197
0.128652
0.132750
0.136137
0.074654
0.065117
0.053246
0.052678
0.126064
0.074196
0.051271
0.054024
0.052978
0.056118
0.126758
0.126039
0.136406
0.081524
0.069773
0.054331
0.052479
0.136563
0.089033
0.053807
0.050947
0.050743
0.049727
0.107705
0.136579
0.149570
0.097096
0.061892
0.054136
0.078768
0.106565
0.082483
0.058277
0.058149
0.057689
0.128621
0.138026
0.137280
0.093734
0.069255
0.053762
0.094613
0.100032
0.093276
0.056393
0.060872
0.054882
0.116877
0.148271
0.143932
0.079676
0.062856
0.050673
0.055717
0.137824
0.082029
0.049902
0.052528
0.051605
0.052813
0.127371
0.141316
0.139198
0.101942
0.064890
0.057223
0.093486
0.106029
0.072371
0.055310
0.053876
0.054230
0.112578
0.110716
0.150734
0.119763
0.064757
0.055274
0.080717
0.120275
0.086173
0.057506
0.055076
0.054759
0.112352
0.077116
0.138993
0.117019
0.098170
0.061611
0.059651
0.134078
0.097593
0.060050
0.060303
0.057056
0.123318
0.138067
0.140521
0.083063
0.063607
0.058117
0.069811
0.114742
0.087974
0.059095
0.060572
0.060509
0.126875
0.139668
0.139338
0.090785
0.064528
0.057208
0.078613
0.112222
0.082204
0.059389
0.058056
0.055824
0.125420
0.125093
0.151620
0.085261
0.062470
0.055260
0.079019
0.109488
0.077536
0.054905
0.056016
0.053770
0.080184
0.111620
0.139209
0.112779
0.077012
0.059260
0.057174
0.134886
0.096150
0.056904
0.055927
0.055003
0.130373
0.140864
0.152559
0.111254
0.062290
0.060877
0.131169
0.080250
0.058675
0.057094
0.053823
0.079141
0.119837
0.152724
0.116945
0.053494
0.056541
0.055939
0.052098
0.061829
0.095795
0.137002
0.064007
0.059769
0.060480
0.086796
0.116312
0.143400
0.119954
0.087667
0.060279
0.059322
0.136702
0.089030
0.055834
0.063351
0.062703
0.128951
0.134089
0.143318
0.088813
0.067375
0.058051
0.083751
0.133987
0.070533
0.060627
0.056976
0.056717
0.120604
0.140174
0.137269
0.080626
0.067053
0.059000
0.082448
0.120074
0.077095
0.059876
0.064530
0.060884
0.123840
0.143174
0.138859
0.085840
0.070617
0.061643
0.096112
0.103828
0.071869
0.059828
0.060861
0.059765
0.082076
0.140602
0.153085
0.109306
0.075675
0.061944
0.060887
0.136170
0.100881
0.059326
0.057306
0.055438
0.086804
0.111787
0.145510
0.122293
0.083836
0.068202
0.060056
0.130199
0.091655
0.065590
0.062593
0.061519
0.091569
0.096627
0.155607
0.121215
0.092792
0.064075
0.061811
0.136665
0.098559
0.061949
0.061874
0.062126
0.127521
0.144185
0.143552
0.095883
0.065771
0.062360
0.124309
0.096553
0.063848
0.065845
0.062791
0.098195
0.107782
0.143024
0.125969
0.089653
0.065650
0.088809
0.135027
0.071300
0.059981
0.058278
0.060362
0.120509
0.148004
0.142452
0.089368
0.062273
0.063110
0.139310
0.096250
0.063215
0.060643
0.061999
0.131819
0.135723
0.142125
0.084804
0.068914
0.059578
0.093759
0.121542
0.070032
0.061927
0.061313
0.062500
0.120889
0.157552
0.136646
0.087054
0.065044
0.063434
0.131753
0.100935
0.069805
0.063557
0.064186
0.126950
0.148980
0.126093
0.080056
0.070229
0.061448
0.114049
0.116660
0.067856
0.067750
0.065981
0.124935
0.146509
0.122618
0.078571
0.070634
0.064337
0.114059
0.104361
0.073685
0.060447
0.061256
0.127624
0.113484
0.158707
0.119887
0.077975
0.067570
0.142282
0.102996
0.069577
0.068821
0.106501
0.130527
0.149821
0.125604
0.085657
0.064893
0.122129
0.101201
0.070164
0.069757
0.068789
0.124254
0.160529
0.142617
0.103022
0.067835
0.087983
0.140334
0.078272
0.069543
0.065631
0.091696
0.114856
0.159925
0.114062
0.078912
0.065274
0.120314
0.101717
0.070315
0.065232
0.066994
0.126101
0.130944
0.151784
0.094521
0.070285
0.067750
0.128073
0.072656
0.076865
0.062239
0.064777
0.072025
0.149378
0.169930
0.117237
0.080639
0.071439
0.132165
0.093142
0.068963
0.073537
0.078863
0.141616
0.162734
0.119395
0.095425
0.068992
0.066765
0.136750
0.103564
0.066000
0.067979
0.102964
0.135639
0.160918
0.128989
0.079792
0.071588
0.143476
0.101236
0.070352
0.068660
0.092901
0.147180
0.163985
0.129785
0.083518
0.071488
0.145286
0.112088
0.063219
0.064139
0.065398
0.125709
0.155054
0.155915
0.096373
0.071465
0.128481
0.090984
0.066102
0.067646
0.066327
0.107987
0.111822
0.162989
0.081873
0.067648
0.070163
0.067984
0.073590
0.145853
0.107411
0.074444
0.071045
0.106304
0.130077
0.163017
0.123039
0.080885
0.069734
0.138661
0.089761
0.073109
0.074098
0.069509
0.128309
0.163641
0.132129
0.088771
0.077554
0.072757
0.138558
0.074195
0.076101
0.066802
