435	328	54	132
440	325	54	138
439	323	55	141
442	321	57	143
446	324	54	144
449	318	56	146
458	318	56	147
459	315	58	148
468	313	57	156
480	310	56	155
475	315	60	154
492	303	65	164
489	301	72	173
493	300	74	179
509	301	76	183
543	300	84	209
567	300	92	214
588	303	86	224
590	310	96	225
597	303	100	235
613	301	91	236
609	303	105	245
636	284	105	267
646	288	108	272
655	283	114	271
686	291	104	273
700	294	103	286
725	297	110	273
729	298	113	302
718	311	123	285
698	302	159	291
726	312	118	271
718	294	127	279
719	284	126	282
728	279	117	280
718	266	121	275
728	262	108	281
712	265	119	249
716	253	106	256
704	246	111	264
691	238	112	257
677	224	115	268
666	229	113	270
656	223	107	262
643	206	111	287
636	209	112	288
623	218	128	275
622	202	123	307
622	211	119	298
618	207	122	301
617	195	136	338
633	216	128	300
638	200	139	329
638	184	146	355
651	210	129	312
677	199	129	340
698	210	117	322
698	211	136	317
707	199	139	337
726	220	117	324
726	214	126	319
729	214	130	316
750	217	111	310
750	223	125	309
772	229	126	310
791	254	128	288
804	238	121	304
836	238	113	307
848	253	118	284
865	232	125	296
875	246	124	298
886	258	102	266
895	237	100	276
898	239	108	286
894	250	110	256
906	242	100	244
904	241	96	261
911	245	94	232
918	236	91	231
912	235	84	236
897	223	99	235
904	218	89	229
890	225	90	223
889	213	92	219
890	207	92	221
888	212	92	227
878	215	85	216
874	218	92	217
874	226	79	212
875	230	72	212
864	227	85	223
851	239	92	220
832	236	96	222
824	240	89	222
817	252	81	212
798	243	90	233
781	250	93	234
761	257	92	224
742	252	106	232
744	266	94	235
720	264	97	233
693	259	114	247
701	265	104	249
685	261	96	251
654	253	121	259
651	262	106	262
639	257	108	265
616	252	117	288
609	262	99	279
574	250	111	287
549	249	116	307
529	270	104	288
495	259	109	305
449	257	129	324
431	256	125	325
408	231	146	345
372	217	137	346
362	206	140	347
366	182	142	355
368	172	144	379
356	165	152	374
365	151	161	389
378	149	167	398
379	140	175	412
385	127	189	434
423	147	157	439
426	139	192	452
436	150	203	469
465	166	182	488
463	175	198	485
476	183	202	512
470	196	200	505
457	189	210	491
428	187	202	507
450	201	182	505
433	194	198	498
426	198	214	513
441	203	194	501
454	191	184	487
464	190	199	507
483	189	202	498
498	187	200	497
502	201	208	500
522	203	181	482
521	173	183	499
522	186	179	494
522	168	198	491
523	158	189	492
509	165	195	491
485	157	204	490
496	148	194	503
504	165	191	502
497	165	201	490
528	159	201	500
575	177	197	493
593	167	186	491
615	165	210	500
659	179	187	496
686	167	199	493
702	165	210	504
756	167	190	510
744	158	204	496
774	159	212	510
818	188	174	487
815	170	181	505
817	178	180	512
822	184	171	489
756	160	198	476
763	146	192	490
760	147	168	473
742	121	182	469
709	127	208	481
716	136	186	462
709	130	168	461
678	135	168	466
666	157	170	436
649	148	174	435
650	158	173	437
666	165	164	421
679	162	166	423
695	175	152	416
707	176	153	399
718	164	152	396
727	180	156	396
736	173	147	390
746	158	158	382
759	179	151	363
769	182	145	358
770	169	165	361
782	177	149	361
789	180	132	346
788	167	141	356
796	180	135	354
807	184	135	342
809	181	153	349
830	184	134	353
856	186	130	352
855	191	128	338
871	201	125	346
866	194	133	346
856	199	146	351
863	212	134	331
855	213	123	317
823	211	137	333
830	227	124	320
818	220	127	325
829	227	121	328
835	231	127	318
840	228	123	307
824	235	122	308
821	240	118	300
819	233	118	291
814	233	111	302
816	243	114	300
800	232	111	285
785	232	122	315
787	237	110	314
771	228	125	306
764	233	129	315
764	238	124	315
736	232	138	348
