0.838371
0.101530
0.089959
0.047301
0.044752
0.041392
0.055434
0.108763
0.075833
0.054426
0.056671
0.052088
0.117821
0.086941
0.048895
0.047820
0.049201
0.120177
0.089612
0.070839
0.053758
0.074544
0.129610
0.068023
0.057896
0.059558
0.129215
0.096602
0.058810
0.059164
0.136175
0.099463
0.054467
0.051760
0.066608
0.105266
0.084268
0.052441
0.054911
0.103483
0.119019
0.058606
0.054223
0.051553
0.131210
0.101694
0.056856
0.056132
0.130108
0.098298
0.053370
0.053995
0.126582
0.094362
0.053853
0.055695
0.109432
0.115896
0.056543
0.051485
0.053132
0.120003
0.100484
0.057057
0.053946
0.124415
0.110051
0.055540
0.055549
0.120795
0.098628
0.061207
0.050400
0.053505
0.119820
0.097484
0.055294
0.052276
0.103606
0.115858
0.053412
0.051068
0.050373
0.130179
0.100087
0.054170
0.051925
0.106645
0.110897
0.055409
0.054173
0.051248
0.121489
0.103960
0.056339
0.054825
0.129427
0.097137
0.055895
0.053190
0.094048
