0.789848
0.045242
0.121659
0.091725
0.052023
0.053182
0.055610
0.133092
0.099051
0.050960
0.050009
0.050284
0.120712
0.101382
0.051674
0.050717
0.068774
0.111611
0.090322
0.051322
0.048954
0.048584
0.118774
0.100616
0.051527
0.048879
0.053906
0.114361
0.095473
0.054916
0.050391
0.051722
0.128377
0.101442
0.052690
0.051354
0.084400
0.125409
0.057332
0.053533
0.053434
0.118972
0.103452
0.055750
0.051015
0.052448
0.128038
0.104145
0.054768
0.051633
0.086087
0.122802
0.065873
0.052720
0.050883
0.130470
0.088725
0.058321
0.052226
0.059586
0.129140
0.108046
0.051820
0.050366
0.124326
0.096503
0.059461
0.057881
0.089953
0.115062
0.071871
0.051565
0.056938
0.119976
0.107167
0.046011
0.042406
0.044563
0.045831
0.046091
0.045610
0.100950
0.114363
0.056579
0.053957
0.052621
0.131163
0.110761
0.054708
0.055088
0.121241
0.094862
0.055526
0.051750
0.055766
0.124763
0.091708
0.058021
0.050436
0.056185
0.123419
