455	88	61	170
458	88	64	179
459	91	63	180
459	91	65	175
460	90	67	174
458	88	63	167
459	85	61	167
452	85	73	178
451	89	82	179
451	83	84	191
460	88	80	195
461	92	91	214
466	94	79	168
468	93	78	170
469	89	81	178
473	86	80	188
476	93	77	202
475	95	75	197
479	98	75	198
479	99	81	207
480	101	75	183
480	102	76	179
482	99	79	187
483	103	77	187
488	106	57	206
489	112	61	215
492	113	59	231
495	117	55	200
497	119	52	190
499	116	53	203
503	114	48	186
506	104	46	199
512	113	39	203
518	115	37	214
523	116	38	240
523	119	41	225
524	125	44	215
523	127	47	210
524	127	48	217
525	124	44	209
525	130	46	225
526	135	44	249
528	142	43	251
528	143	48	245
527	151	52	224
526	153	53	234
523	157	61	217
524	160	61	219
528	167	52	237
527	174	61	250
532	180	59	287
534	183	61	312
545	201	64	341
553	221	62	252
555	197	71	245
564	199	77	257
583	202	76	243
596	195	71	280
608	207	64	314
615	206	63	339
626	222	56	322
632	229	54	234
629	234	76	262
642	240	71	243
669	234	58	248
673	238	67	282
696	248	57	328
703	246	60	357
714	261	64	294
724	268	61	312
731	269	66	274
735	272	66	276
740	273	66	253
743	273	68	268
750	280	72	284
759	279	74	299
767	284	71	281
771	283	63	309
775	279	62	279
779	279	61	285
777	276	67	230
768	271	78	266
745	265	100	280
763	261	82	295
773	249	69	288
771	244	67	259
772	231	70	244
767	220	70	231
758	203	80	227
764	195	70	220
764	187	69	233
760	180	70	222
763	169	62	268
765	166	58	210
768	150	53	202
769	144	52	189
770	128	49	193
768	121	49	196
751	122	56	183
746	130	63	178
751	134	56	174
