537	225	199	422
570	224	162	430
566	233	157	429
581	237	154	416
582	235	147	438
577	230	146	438
593	229	137	438
579	226	149	429
586	232	147	429
576	225	150	436
568	229	158	447
569	228	162	434
554	221	188	445
546	220	197	423
551	221	195	410
556	220	189	408
568	220	172	404
562	220	157	408
573	226	144	414
553	227	173	399
556	219	170	396
555	228	174	377
556	232	165	372
572	227	149	365
564	225	161	380
536	242	185	344
543	246	201	360
578	245	201	345
590	243	159	352
609	242	132	338
605	248	129	330
604	241	132	330
602	234	135	338
590	232	140	332
559	229	159	355
559	234	140	324
534	241	176	330
547	239	159	346
537	232	170	337
522	229	179	351
499	235	156	348
459	242	192	338
425	246	211	335
406	237	195	345
396	238	177	345
370	231	184	351
362	232	187	358
357	230	175	357
350	224	165	360
336	229	153	362
329	226	153	358
308	219	178	364
314	235	157	346
299	222	148	370
304	228	140	364
303	231	154	354
309	222	152	355
315	220	154	352
322	217	170	372
334	221	170	362
337	228	160	357
338	232	140	347
374	233	119	348
385	238	128	352
400	234	137	345
401	237	176	344
434	245	168	333
473	227	130	336
490	233	120	336
510	231	120	333
519	231	133	332
524	237	157	338
539	240	167	339
551	249	168	339
568	244	159	343
567	230	177	360
603	223	170	366
627	217	153	361
642	212	132	363
649	221	148	357
653	217	162	365
658	223	160	365
653	215	167	376
664	213	146	396
674	220	166	404
657	224	178	395
668	216	176	412
681	231	156	395
677	242	156	382
670	239	178	406
676	238	174	450
674	229	163	458
672	228	168	463
675	230	161	459
680	229	166	463
665	230	180	459
661	230	186	464
679	230	183	469
696	231	179	474
713	230	192	484
729	219	205	494
733	222	222	496
751	220	200	491
756	214	215	502
758	205	218	512
746	215	207	504
712	213	209	507
689	209	211	508
674	211	203	508
624	209	256	510
634	220	223	499
600	221	221	496
565	216	238	501
602	215	217	502
605	217	196	491
595	216	217	496
595	212	208	497
619	213	171	482
650	219	158	466
648	220	171	465
659	217	161	462
671	218	158	450
669	218	153	464
664	224	145	451
647	223	157	470
585	222	207	475
578	224	216	482
578	223	210	483
594	220	188	476
626	222	162	469
635	218	157	472
636	213	161	486
648	217	156	479
667	219	151	469
685	224	128	435
696	213	145	452
695	224	144	433
692	218	148	436
685	226	147	427
669	222	178	411
651	226	180	394
690	228	145	392
694	230	139	393
687	221	134	394
689	221	137	378
684	230	167	358
688	244	166	350
683	251	136	326
676	248	127	317
664	242	129	321
641	246	130	311
637	237	134	320
625	231	139	326
627	236	135	320
626	238	124	323
627	249	119	317
626	242	126	329
625	247	133	333
645	241	105	342
650	241	117	344
656	248	126	332
661	247	133	334
659	244	112	333
659	247	111	318
647	251	106	307
614	248	149	320
597	238	157	323
592	231	142	323
565	227	159	327
565	221	158	351
554	216	166	363
518	241	209	336
551	227	170	349
563	227	150	366
569	233	151	361
570	222	153	373
581	219	155	382
602	235	144	372
610	233	142	373
622	229	135	361
631	225	145	369
645	226	155	370
644	228	132	370
653	228	136	371
656	225	144	377
659	217	149	395
655	223	179	389
669	235	187	362
741	237	143	349
753	231	123	362
781	231	120	359
786	233	139	353
786	221	153	370
792	219	180	377
810	221	175	383
823	229	183	380
828	225	182	378
828	226	176	373
832	223	171	374
834	226	178	372
829	225	208	374
836	230	182	369
840	228	195	373
840	234	175	374
831	236	166	377
793	228	181	392
802	228	151	375
782	223	158	387
754	219	177	407
718	222	191	372
680	224	206	389
685	226	169	385
689	222	144	389
656	229	141	362
647	235	134	347
635	234	146	359
598	230	168	369
587	229	181	371
558	240	159	352
559	248	143	336
543	245	144	330
516	238	170	342
504	239	165	339
490	239	154	337
494	237	146	346
483	237	142	349
496	235	144	351
486	234	147	359
493	240	152	348
491	238	152	363
493	235	143	366
509	235	145	367
507	239	140	344
504	244	145	387
522	232	145	426
516	233	150	439
513	233	152	443
506	228	157	446
495	225	171	449
496	225	164	451
486	224	182	452
485	222	190	456
504	221	189	456
494	217	194	474
497	214	191	495
486	217	194	495
489	216	197	500
501	216	177	498
505	218	174	481
503	219	185	476
505	221	168	470
499	224	163	458
494	228	196	458
510	218	176	460
511	220	179	425
527	214	163	432
527	210	173	441
539	218	161	431
533	218	170	426
548	218	156	420
552	214	150	397
553	215	162	384
561	221	148	377
557	223	163	376
556	241	163	366
528	244	193	357
563	242	166	355
563	242	161	345
596	231	136	347
600	222	146	333
586	222	169	344
606	218	137	377
609	223	147	342
612	227	142	338
628	225	129	332
641	229	117	331
643	224	130	345
653	230	139	340
671	245	148	333
687	239	145	339
708	252	138	313
723	246	150	344
742	246	189	324
757	237	202	347
756	228	230	341
779	227	226	337
792	231	230	342
824	231	218	344
842	228	196	347
863	224	182	336
860	224	206	348
867	242	184	326
887	226	174	349
920	230	148	336
931	241	143	323
937	236	156	327
955	248	163	317
982	241	143	325
1007	249	141	325
1021	250	139	340
1026	234	145	350
1026	256	173	342
1024	256	190	358
1022	256	192	361
1024	255	160	345
1023	259	146	345
1017	252	145	355
998	248	152	364
969	240	158	370
949	242	170	366
903	240	188	358
894	247	206	322
880	241	211	353
886	242	152	346
879	246	148	335
878	257	159	310
870	234	155	355
884	245	160	345
890	242	168	352
884	243	184	350
882	259	175	335
881	228	146	361
867	223	146	370
854	215	162	379
830	223	186	361
815	223	171	339
800	228	146	338
791	240	142	345
779	231	125	347
758	231	144	360
720	230	158	348
698	252	166	320
697	244	138	330
692	238	132	331
664	240	138	329
622	230	165	342
602	233	158	338
589	235	150	340
580	247	130	332
542	247	165	328
527	244	153	344
511	244	149	347
498	244	145	358
482	243	152	355
501	232	146	359
507	227	143	372
492	236	146	360
499	230	140	349
519	246	128	328
498	237	165	332
480	238	201	338
470	244	181	320
478	250	170	314
474	246	155	318
467	248	140	320
451	249	148	315
473	245	130	333
456	241	131	348
471	246	126	337
470	236	127	346
479	235	128	353
488	238	137	356
501	239	125	351
512	243	135	354
516	244	141	344
509	243	194	348
532	243	167	350
558	243	159	348
592	250	146	344
594	240	153	351
599	247	155	344
601	231	161	357
612	226	149	367
599	236	183	353
614	241	152	351
622	240	153	350
610	235	158	354
624	236	139	353
616	234	144	350
618	232	123	334
613	239	134	313
608	243	137	309
607	241	136	309
608	236	128	313
616	241	126	310
621	256	113	288
623	259	95	263
622	255	91	263
621	259	94	260
619	258	93	265
614	251	96	275
603	249	103	278
592	250	110	279
618	249	96	270
617	254	93	260
620	255	110	262
620	245	109	282
613	233	118	297
609	236	115	284
615	232	122	301
614	236	106	304
640	232	108	315
641	232	103	323
626	234	125	329
616	235	138	328
603	229	165	333
602	229	141	340
610	235	124	342
610	230	120	348
591	251	130	336
571	256	159	328
570	256	163	335
586	254	161	345
614	246	133	367
633	243	137	385
639	228	143	395
638	220	158	410
657	219	160	411
662	222	163	409
662	223	183	408
681	229	173	403
708	230	142	395
718	224	152	401
737	218	150	408
758	236	169	391
762	231	207	394
769	232	258	390
796	224	247	393
839	224	219	387
862	215	226	396
884	219	214	397
901	233	223	385
928	228	185	390
944	229	167	374
956	227	163	381
970	233	154	374
975	228	147	379
983	232	143	371
982	249	151	353
978	234	151	376
977	220	147	396
976	220	143	399
971	220	139	398
947	219	166	395
941	225	176	399
935	221	162	396
922	229	146	390
899	222	158	391
859	216	182	396
841	216	174	363
829	228	170	377
793	229	181	371
776	215	163	388
762	214	160	384
757	222	154	381
742	220	155	383
683	234	191	366
648	247	198	351
649	244	181	357
638	235	177	367
637	226	163	373
621	224	154	377
616	227	140	363
608	217	138	375
597	216	135	371
592	225	143	360
592	225	146	365
587	224	149	366
586	224	152	367
592	239	142	355
587	242	153	346
579	252	160	339
569	254	138	323
566	249	138	315
554	253	162	313
567	251	144	315
557	248	166	312
546	248	124	298
550	245	123	301
551	242	132	300
552	243	117	295
540	247	121	285
545	243	100	279
550	249	89	279
546	248	86	280
543	250	84	270
540	246	87	267
540	248	91	260
540	244	93	265
553	251	94	254
551	250	93	254
563	246	100	269
576	243	114	258
571	249	121	229
580	251	110	230
601	253	107	254
607	252	126	262
624	265	109	250
625	256	102	259
634	259	121	263
637	255	99	272
626	249	101	288
625	251	97	288
617	255	103	283
604	254	115	292
591	252	130	301
575	247	121	289
609	245	114	303
606	255	108	297
618	244	129	314
631	246	133	300
628	249	121	297
639	245	134	300
609	252	126	291
600	243	121	306
611	238	116	316
577	237	132	322
557	242	159	316
567	232	132	324
570	240	120	320
578	234	106	329
560	236	127	331
532	238	166	348
550	230	153	366
542	231	175	366
550	228	160	362
546	229	147	377
553	233	138	387
553	227	149	396
527	226	186	401
518	233	190	393
516	227	197	403
556	233	161	407
563	229	158	422
556	232	180	417
557	231	202	416
563	230	194	411
573	240	184	393
592	246	176	382
588	242	186	388
548	237	230	393
546	239	197	370
549	244	149	360
542	248	153	348
531	248	148	352
502	249	173	356
506	240	174	367
534	245	145	364
535	258	147	353
539	242	162	387
546	235	163	390
566	241	156	379
575	233	156	390
560	227	192	399
600	242	147	371
596	233	154	370
599	230	155	375
599	231	149	384
593	239	154	370
626	233	121	363
631	244	116	323
617	247	127	317
613	241	133	315
615	239	119	322
620	241	117	323
615	245	119	317
614	238	127	330
604	241	133	325
591	241	147	332
578	242	153	335
552	243	168	339
516	239	210	342
493	240	149	342
473	243	141	299
466	240	128	323
454	238	138	346
416	230	178	355
396	234	191	347
351	231	206	358
331	240	218	353
349	242	168	342
345	228	176	357
340	226	216	367
349	231	161	365
336	224	168	370
342	227	166	366
335	228	167	347
319	224	182	347
332	230	185	359
329	237	181	354
393	232	134	345
421	227	120	350
424	227	132	349
448	229	141	355
451	227	159	360
464	233	158	332
484	230	155	354
517	234	125	335
532	239	135	343
535	229	155	347
543	223	188	356
556	235	202	355
582	243	177	356
607	253	165	325
612	249	185	347
632	242	200	352
658	240	173	355
674	244	152	335
653	233	136	288
688	234	130	340
677	252	151	301
678	251	124	317
674	255	121	287
668	249	123	325
663	242	130	325
667	259	125	298
666	254	117	304
659	259	112	296
660	263	91	291
667	254	97	297
661	254	88	295
672	252	95	291
675	250	90	287
674	248	92	285
668	246	96	289
668	249	121	286
659	248	138	277
667	251	115	266
668	245	98	267
670	251	83	258
669	257	75	253
668	252	99	253
671	253	83	249
666	254	104	252
675	251	101	259
687	241	88	273
691	243	89	283
693	246	91	273
689	249	97	273
683	244	106	279
680	235	113	287
676	231	128	290
678	233	127	303
686	235	129	312
688	231	129	322
681	233	122	315
681	233	124	318
680	233	134	335
670	244	139	332
664	246	165	336
659	234	159	355
660	227	169	369
660	212	165	375
634	218	165	321
628	222	166	359
645	230	120	259
657	230	131	353
650	226	145	366
640	216	141	371
632	217	142	367
627	217	147	369
