1035	161	166	187
1035	162	168	188
1038	159	163	190
1038	160	163	189
1035	162	168	187
1038	160	163	192
1037	159	164	192
1037	160	164	190
1036	160	164	193
1037	160	167	192
1035	163	165	191
1037	161	166	190
1038	160	166	190
1038	163	164	189
1036	160	167	192
1037	160	163	191
1036	160	166	192
1030	159	165	193
1028	159	164	194
1017	153	170	202
1013	155	170	197
1008	161	174	192
996	151	184	205
998	157	179	195
990	150	182	209
999	161	167	195
986	140	170	218
985	134	165	216
966	136	180	222
973	129	163	229
963	128	164	229
959	122	148	237
951	123	149	230
951	119	146	241
946	109	146	249
947	108	142	256
947	112	138	242
949	108	132	241
941	101	134	241
942	100	128	258
942	94	128	243
933	97	125	231
927	98	130	227
920	100	134	217
914	99	138	219
906	99	141	207
896	92	151	211
891	81	158	221
884	85	159	216
878	89	169	208
869	107	179	178
866	110	179	177
858	109	186	176
861	111	188	172
852	108	193	180
847	105	198	179
838	106	203	177
834	111	211	174
824	109	220	179
813	108	205	179
808	108	192	175
790	108	209	182
786	109	201	180
777	111	208	181
767	111	213	182
759	110	217	184
747	109	214	186
742	114	214	180
732	112	223	190
719	114	233	183
715	116	234	180
697	119	257	175
693	110	235	191
687	111	227	193
677	106	218	191
668	113	215	194
657	115	227	184
644	116	232	174
638	120	223	181
630	122	220	176
620	126	225	172
615	129	220	158
609	131	216	153
603	130	216	155
594	132	212	162
591	134	211	162
577	136	215	170
572	136	208	174
563	140	204	178
552	137	207	181
543	133	208	177
536	134	210	179
530	136	214	181
525	132	214	198
515	139	226	187
511	144	216	178
501	142	206	189
494	153	207	163
489	150	207	172
481	153	209	173
473	156	210	171
468	157	210	172
467	157	205	172
462	156	212	173
456	156	197	169
446	158	198	171
436	157	198	169
427	159	199	168
424	158	200	167
414	161	204	163
407	162	205	156
399	164	211	164
391	162	212	163
386	162	211	165
378	169	205	153
374	171	206	159
