0.757269
0.039461
0.050109
0.119619
0.099860
0.050027
0.049322
0.051997
0.127825
0.105421
0.054998
0.055246
0.116455
0.108465
0.063756
0.055738
0.096709
0.109982
0.069861
0.057639
0.057813
0.130921
0.103014
0.051882
0.052558
0.118132
0.111503
0.055833
0.048478
0.054273
0.125961
0.104569
0.045987
0.065301
0.089838
0.121955
0.064152
0.050052
0.048837
0.108848
0.115823
0.057491
0.058667
0.093561
0.114151
0.066737
0.050426
0.050659
0.110311
0.117687
0.053107
0.050130
0.048405
0.131204
0.111648
0.057733
0.057737
0.124116
0.106029
0.057309
0.050497
0.107808
0.110160
0.053866
0.052470
0.056172
0.078510
0.082791
0.063951
0.052549
0.044860
0.051767
0.052345
0.078640
0.134777
0.066837
0.060143
0.060137
0.134320
0.102265
0.059618
0.064380
0.131329
0.101622
0.053266
0.052024
0.059170
0.113271
0.100665
0.051068
0.053136
