0.606163
0.038399
0.076851
0.089211
0.066586
0.041661
0.041148
0.042850
0.124456
0.088724
0.044366
0.041739
0.043039
0.119040
0.096922
0.050992
0.044731
0.047372
0.117568
0.072559
0.045095
0.044554
0.043708
0.064762
0.096020
0.075099
0.042723
0.041227
0.044796
0.107392
0.090716
0.046331
0.042146
0.040805
0.041828
0.113528
0.093345
0.045147
0.042358
0.045153
0.122346
0.092913
0.045490
0.040744
0.041594
0.120962
0.086892
0.039475
0.041502
0.042473
0.048364
0.106140
0.083013
0.047199
0.046046
0.046947
0.122711
0.090948
0.045322
0.042663
0.046648
0.123669
0.090686
0.045287
0.042041
0.042948
0.122194
0.092169
0.045440
0.042991
0.044819
0.124100
0.088945
0.046722
0.044039
0.045676
0.125183
0.088140
0.050725
0.044994
0.047996
0.114378
0.082769
0.045978
0.043493
0.044338
0.110729
0.090807
0.046399
0.042681
0.044763
0.098696
0.102853
0.047449
0.043725
0.047919
0.074289
0.105513
0.049755
0.045199
0.043766
