0.801954
0.066120
0.092367
0.072553
0.041928
0.042659
0.043424
0.114884
0.086806
0.048700
0.045606
0.045002
0.109290
0.087023
0.046946
0.053736
0.056247
0.134350
0.099784
0.051656
0.055739
0.129132
0.106657
0.050896
0.049184
0.089411
0.117296
0.054764
0.051020
0.050477
0.123713
0.095595
0.051824
0.052024
0.113799
0.093538
0.052230
0.050518
0.050144
0.131169
0.096905
0.051406
0.051814
0.124189
0.108348
0.057365
0.052728
0.094413
0.111126
0.054191
0.049768
0.051364
0.122014
0.110133
0.056297
0.058424
0.126245
0.108219
0.057543
0.059378
0.125386
0.106351
0.052727
0.054355
0.126918
0.100447
0.054040
0.050778
0.050879
0.111680
0.097327
0.056340
0.052940
0.129914
0.108901
0.059527
0.056567
0.133504
0.092811
0.060482
0.064511
0.127223
0.107071
0.053391
0.053226
0.112283
0.107416
0.054400
0.052438
0.049674
0.113791
0.086100
0.052306
0.051098
0.087900
0.109190
0.068693
0.053720
0.052125
0.118311
0.100859
0.055057
0.059697
0.096027
0.104620
0.065554
0.056020
0.059506
0.121231
0.104841
0.057388
0.061767
0.118433
0.102321
0.055180
0.060015
0.081969
0.115630
0.059274
0.053901
0.054645
0.104855
0.119659
0.061254
0.053844
0.055781
0.117566
0.099731
0.055652
0.054134
0.117663
0.093854
0.056844
0.054160
0.080038
0.123787
0.078067
0.054862
0.061586
0.120680
0.095488
0.053324
0.056280
0.115473
0.109523
0.055749
0.059244
0.118329
0.100308
0.060345
0.054994
0.100670
0.107122
0.057972
0.052596
0.055235
0.125574
0.105184
0.056170
0.057045
0.136422
0.100802
0.054478
0.054039
0.120239
0.104002
0.059587
0.055513
0.110001
0.084334
0.068341
0.058154
0.059324
0.128559
0.105510
0.061263
0.057181
0.126046
0.087527
0.056738
0.052622
0.082455
0.113327
0.065421
0.051862
0.055043
0.124499
0.103692
0.058257
0.055839
0.113780
0.099784
0.059506
0.057428
0.082541
0.120610
0.064776
0.062666
