1.360326
0.073679
0.098347
0.073755
0.049491
0.049133
0.087549
0.110046
0.070235
0.050316
0.049755
0.115706
0.094213
0.059501
0.052435
0.052968
0.130987
0.102957
0.050335
0.048071
0.112947
0.110926
0.056945
0.051950
0.102534
0.113595
0.052986
0.052830
0.054646
0.126444
0.080624
0.053243
0.050291
0.053325
0.121416
0.097578
0.049803
0.048369
0.118648
0.095113
0.050778
0.049611
0.050091
0.107505
0.082898
0.052622
0.052697
0.078775
0.116491
0.066038
0.051783
0.057763
0.118221
0.099582
0.056179
0.053797
0.075350
0.122316
0.068710
0.051898
0.047004
0.120481
0.094359
0.050776
0.050763
0.076025
0.086319
0.072224
0.057794
0.058487
0.127319
0.098459
0.053881
0.050086
0.080150
0.122173
0.065524
0.052926
0.051383
0.108514
0.100775
0.054770
0.051527
0.052614
0.128244
0.099849
0.052932
0.050347
0.125184
0.100206
0.060021
0.058694
0.116276
0.100251
0.055118
0.050963
0.051183
0.126464
0.098246
0.054146
0.052529
