0.906829
0.039600
0.116492
0.087208
0.059050
0.052844
0.051296
0.049302
0.122108
0.143857
0.125445
0.054831
0.067081
0.050840
0.049230
0.048769
0.132560
0.079902
0.052489
0.056825
0.054633
0.122860
0.078065
0.143271
0.117735
0.084456
0.053405
0.052961
0.132803
0.080668
0.049950
0.046453
0.046699
0.047827
0.080433
0.082576
0.134050
0.144606
0.089517
0.059464
0.047819
0.051113
0.132835
0.083159
0.050301
0.053695
0.051287
0.050512
0.123285
0.131577
0.137475
0.098899
0.056718
0.051079
0.088481
0.095046
0.082423
0.060656
0.052974
0.051118
0.050766
0.116321
0.142603
0.139548
0.085644
0.055438
0.052138
0.105982
0.074890
0.081527
0.050298
0.051698
0.048990
0.048102
0.125124
0.131794
0.133101
0.102076
0.065744
0.052821
0.092411
0.087883
0.086128
0.050408
0.048805
0.048774
0.048935
0.122921
0.131997
0.143922
0.097753
0.058445
0.054912
0.122297
0.081614
0.056047
0.052725
0.051924
0.053144
0.108161
0.081545
0.132673
0.108865
0.100456
0.057354
0.053948
0.113475
0.090663
0.053873
0.055637
0.053555
0.051142
0.108055
0.083322
0.132798
0.121569
0.079226
0.051876
0.060928
0.122219
0.094840
0.053839
0.049484
0.051004
0.052019
0.120744
0.114196
0.133903
0.095195
0.068050
0.049820
0.052350
0.121788
0.088416
0.053874
0.048973
0.048390
0.049225
0.076780
0.081296
0.131979
0.146976
0.052966
0.050441
0.050546
0.074495
0.055625
0.057795
0.135196
0.087321
0.056637
0.050510
0.050792
0.055134
0.120627
0.136071
0.136244
0.090502
0.056855
0.055301
0.097277
0.098508
0.064602
0.052340
0.051642
0.052637
0.065388
0.107814
0.135819
0.136996
0.088551
0.065801
0.055101
0.056562
0.124511
0.088973
0.055920
0.054713
0.051535
0.088796
0.094276
0.143558
0.127109
0.083217
0.060318
0.053480
0.100986
0.098288
0.066180
0.056193
0.055242
0.056155
0.103712
0.086771
0.137052
0.103068
0.082948
0.066683
0.057270
0.086171
0.101584
0.086099
0.052044
0.051224
0.050625
0.057019
0.112430
0.138373
0.137229
0.093240
0.066898
0.056377
0.080739
0.101710
0.085483
0.052369
0.052581
0.053372
0.089828
0.086253
0.150359
0.136528
0.086790
0.056325
0.057004
0.108309
0.101039
0.066580
0.051896
0.050401
0.050589
0.077765
0.087008
0.149751
0.120138
0.073318
0.060085
0.053421
0.053065
0.121711
0.086442
0.051682
0.050153
0.050923
0.051119
0.121652
0.136626
0.138291
0.079284
0.062147
0.057417
0.084318
0.109697
0.092000
0.054912
0.057477
0.057924
0.125792
0.126413
0.149506
0.078691
0.069659
0.082362
0.133853
0.075556
0.053098
0.055670
0.057322
0.055031
0.125602
0.134387
0.139305
0.095440
0.067720
0.055186
0.094935
0.129156
0.066766
0.056920
0.054048
0.054405
0.068268
0.134383
0.149297
0.112398
0.081881
0.057215
0.058085
0.140368
0.097905
0.057287
0.054996
0.055333
0.114754
0.090091
0.151009
0.121297
0.077926
0.060647
0.094874
0.111717
0.073509
0.053374
0.055712
0.059153
0.131691
0.139347
0.153016
0.100386
0.061605
0.058835
0.140090
0.085201
0.062744
0.057498
0.056593
0.067795
0.120986
0.152759
0.130388
0.087118
0.062142
0.074010
0.135133
0.094858
0.057619
0.059015
0.057444
0.130254
0.140883
0.143630
0.084841
0.067075
0.058932
0.101365
0.107966
0.067416
0.059078
0.056170
0.047037
0.080983
0.116810
0.154844
0.121612
0.085165
0.058602
0.057631
0.135879
0.096509
0.059591
0.059277
0.060480
0.123712
0.111590
0.154831
0.093046
0.074661
0.059446
0.079833
0.113651
0.087938
0.056734
0.054806
0.056496
0.092001
0.112273
0.154145
0.114243
0.074632
0.056301
0.056978
0.131770
0.092637
0.058635
0.057972
0.058618
0.116615
0.080447
0.143270
0.124550
0.081047
0.061318
0.059972
0.138916
0.097773
0.058635
0.057158
0.056266
0.133559
0.152854
0.138567
0.085209
0.065103
0.060810
0.106850
0.104448
0.067650
0.054600
0.057200
0.062935
0.126588
0.155842
0.133483
0.092072
0.059666
0.058673
0.127294
0.083240
0.061280
0.060135
0.059382
0.060117
0.116697
0.154673
0.134786
0.095549
0.060552
0.063123
0.127074
0.096588
0.064715
0.058941
0.058118
0.127338
0.152763
0.141560
0.091027
0.068287
0.066830
0.126997
0.089136
0.061685
0.061114
0.060888
0.117663
0.104303
0.145322
0.120819
0.071667
0.056986
0.059138
0.140966
0.105028
0.068762
0.064769
0.087854
0.110236
0.144755
0.118564
0.081423
0.062574
0.093437
0.136919
0.063387
0.059777
0.059771
0.084219
0.130944
0.147388
0.121511
0.088994
0.062484
0.087554
0.139351
0.064928
0.061399
0.060899
0.089001
0.128193
0.158892
0.125978
0.082375
0.062837
0.116220
0.088043
0.073496
0.065523
0.065088
0.061324
0.126785
0.157366
0.124201
0.085208
0.066665
0.063192
0.134340
0.068127
0.068971
0.058320
0.057086
0.060088
0.124815
0.147250
0.126239
0.063294
0.058985
0.060038
0.063382
0.068527
0.087854
0.123440
0.090137
0.063158
0.056643
0.059788
0.122700
0.147161
0.132809
0.090497
0.064344
0.066795
0.143123
0.083032
0.059442
0.056560
0.061034
0.060590
0.124058
0.158005
0.121697
0.081036
0.061396
0.062379
0.125901
0.094313
0.064880
0.067978
0.095284
0.117271
0.147877
0.127248
0.098913
0.068453
0.123904
0.098428
0.067323
0.062688
0.062089
0.125190
0.142576
0.126604
0.090120
0.064506
0.063552
0.142404
0.107899
0.071779
0.065706
0.116330
0.089941
0.147439
