407	77	132	358
397	70	131	393
403	89	129	388
390	93	135	370
375	95	141	378
373	98	142	379
363	102	138	356
371	69	139	380
390	42	139	422
392	55	139	404
392	51	136	392
382	39	144	414
393	46	135	406
385	50	146	388
406	47	125	404
405	64	129	383
405	91	124	337
402	109	117	331
387	123	121	337
360	133	120	312
359	122	122	310
391	114	114	330
401	132	116	317
410	126	108	301
394	101	107	310
397	114	109	295
414	109	102	305
421	113	107	310
443	102	107	293
438	80	106	300
453	101	97	311
469	123	107	291
475	122	106	282
479	113	108	297
468	126	99	287
443	123	105	283
417	129	103	294
416	152	99	281
422	151	95	266
422	142	97	280
424	155	99	289
428	173	93	264
419	171	91	268
423	172	97	280
413	174	96	258
418	155	90	261
424	153	93	275
427	170	95	262
423	159	92	256
407	143	95	268
405	139	91	271
398	131	90	261
399	123	96	273
408	127	100	281
403	131	100	266
393	123	94	264
381	118	99	276
364	119	96	259
370	105	94	262
366	97	97	269
363	91	95	267
376	91	92	253
370	82	92	261
361	84	95	260
375	81	91	252
388	80	91	257
389	76	97	271
403	102	86	252
399	120	92	246
391	130	89	252
405	136	88	242
406	118	95	259
411	94	97	292
415	77	104	305
430	76	115	325
427	51	131	364
421	46	131	396
412	50	139	411
408	35	143	422
405	49	134	430
383	88	141	390
370	88	141	392
359	61	149	418
362	70	136	409
377	97	138	382
398	111	125	366
414	102	127	371
423	72	140	391
433	76	135	402
449	96	132	380
464	82	137	384
489	84	134	393
508	103	135	374
523	138	132	340
540	211	122	268
558	224	125	255
521	127	127	351
532	97	133	381
527	165	131	315
509	159	116	321
463	102	144	377
453	114	125	364
439	185	121	295
430	67	139	372
456	14	123	370
468	50	126	356
480	51	120	352
489	59	127	361
498	51	118	353
500	0	116	320
505	11	117	351
501	73	108	319
501	90	105	300
498	85	107	303
464	88	97	304
449	85	102	287
437	86	111	303
438	101	106	314
430	85	102	299
444	57	107	290
465	55	103	300
491	77	103	301
506	81	104	290
519	80	106	295
515	106	103	303
499	127	101	287
476	127	98	288
460	126	103	301
452	144	101	279
452	126	101	280
446	115	108	285
452	117	105	273
466	103	101	277
458	116	102	281
451	141	102	277
450	131	96	274
433	120	99	275
419	141	105	295
417	172	97	284
423	167	97	284
429	169	103	294
439	174	105	270
420	169	99	273
425	177	97	283
430	173	89	273
419	129	90	268
407	116	98	278
415	132	98	280
413	144	105	272
437	117	95	282
462	124	93	276
470	121	97	271
464	116	97	270
455	116	101	280
455	114	94	269
452	86	96	270
456	94	97	286
442	122	97	281
424	145	94	270
408	130	91	276
395	132	93	277
393	141	93	269
407	120	98	292
414	103	111	332
429	82	120	349
439	59	127	379
458	47	137	412
471	61	135	404
454	89	137	386
439	104	130	373
429	75	137	403
435	61	134	412
462	79	139	397
488	104	131	375
480	139	132	341
487	122	136	355
495	124	133	354
499	115	130	364
496	118	112	342
494	144	114	332
497	146	111	331
489	104	116	330
493	81	108	335
483	71	116	345
474	58	116	333
441	31	119	337
448	36	112	356
460	88	117	338
441	80	120	340
