0.087287
0.019327
0.018858
0.018696
0.017943
0.019159
0.019232
0.017899
0.017888
0.017847
0.018877
0.017866
0.017993
0.019074
0.018838
0.019092
0.019004
0.019381
0.018055
0.019289
0.020402
0.017827
0.019057
0.019104
0.018093
0.019217
0.017818
0.019616
0.018395
0.008036
0.008685
0.008588
0.016669
0.016769
0.017057
0.015848
0.017424
0.008260
0.017219
0.020227
0.021146
0.016196
0.016600
0.016521
0.016302
0.019443
0.018550
0.016281
0.016596
0.018359
0.019595
0.019651
0.016582
0.016763
0.016855
0.016491
0.017109
0.018987
0.019904
0.017143
0.021105
0.016998
0.016884
0.016871
0.016925
0.017054
0.016953
0.018814
0.019443
0.021825
0.022194
0.016546
0.019619
0.018752
0.018732
0.018650
0.016845
0.019818
0.016871
0.020163
0.019307
0.018108
0.016214
0.017037
0.019957
0.017183
0.017071
0.020068
0.016381
0.016548
0.017207
0.016892
0.015763
0.022158
0.017593
0.020431
0.020435
0.020204
0.021616
0.020465
0.021445
