0.092081
0.016301
0.015244
0.015087
0.015102
0.015900
0.016209
0.015912
0.015131
0.015092
0.015088
0.016107
0.015991
0.016397
0.015257
0.015181
0.015207
0.015156
0.015089
0.016176
0.017468
0.015298
0.015233
0.015210
0.015189
0.016242
0.015111
0.015233
0.015303
0.017910
0.017786
0.016227
0.018992
0.019025
0.015277
0.015042
0.015223
0.015227
0.016305
0.016074
0.020071
0.014858
0.015021
0.014915
0.016050
0.015381
0.015308
0.015356
0.015048
0.016204
0.015102
0.015460
0.016470
0.015509
0.015465
0.015017
0.015301
0.015519
0.016510
0.016477
0.020283
0.016380
0.016068
0.016041
0.015072
0.015448
0.015162
0.015269
0.014970
0.015279
0.015195
0.015182
0.015276
0.015132
0.015065
0.016471
0.017252
0.015199
0.015137
0.015088
