0.089652
0.017019
0.016488
0.019434
0.017859
0.019242
0.019380
0.018120
0.016718
0.016689
0.016608
0.015885
0.016757
0.016732
0.016557
0.019327
0.019367
0.017754
0.017583
0.019100
0.019977
0.019329
0.019316
0.016754
0.016865
0.016824
0.015955
0.016793
0.016668
0.016728
0.019012
0.019049
0.018878
0.019109
0.017501
0.017505
0.019101
0.019156
0.020902
0.019015
0.021819
0.021886
0.018543
0.019116
0.017661
0.020463
0.017798
0.018958
0.017863
0.019060
0.019004
0.019113
0.017635
0.017965
0.019407
0.019336
0.018649
0.017388
0.018367
0.018417
0.018463
0.018695
0.017189
0.017579
0.021670
0.022134
0.020565
0.015482
0.022063
0.020854
0.018396
0.019553
0.016950
0.016829
0.017920
0.015717
0.016951
0.017274
0.017192
0.016998
0.020945
0.016993
0.017021
0.016860
0.016604
0.016569
0.019370
0.018134
0.017962
0.016652
0.016951
0.017065
0.016817
0.016930
0.019514
0.017808
0.017548
0.018863
0.017512
0.018581
0.023557
