0.085129
0.015317
0.015162
0.015940
0.016173
0.015970
0.016083
0.015893
0.015930
0.015779
0.015826
0.015684
0.015801
0.015798
0.015775
0.015836
0.015799
0.015688
0.015820
0.015772
0.018108
0.016663
0.014771
0.015763
0.015838
0.015830
0.015773
0.015775
0.015840
0.015813
0.015798
0.015703
0.015793
0.015782
0.015666
0.015756
0.015783
0.015980
0.015824
0.015928
0.020659
0.015963
0.015954
0.015914
0.015778
0.015818
0.015760
0.015760
0.015749
0.015700
0.015747
0.015849
0.015834
0.015764
0.014747
0.015869
0.015832
0.015726
0.015784
0.014640
0.020581
0.015759
0.015970
0.015632
0.015801
0.015925
0.015855
0.015802
0.015747
0.015767
0.015666
0.015688
0.015617
0.016007
0.015779
0.015959
0.015888
0.015785
0.015905
0.015891
0.020669
0.015977
0.015791
0.015696
0.015899
0.015696
0.015857
0.015767
0.015881
0.015787
0.015760
0.015777
0.015823
0.015719
0.015896
0.015961
0.015871
0.015744
0.015799
0.015568
0.020469
