0.093224
0.016268
0.015705
0.016774
0.016878
0.017215
0.017445
0.017408
0.017727
0.017376
0.017736
0.016973
0.016471
0.016469
0.016472
0.026172
0.017816
0.016408
0.016078
0.016238
0.017638
0.016214
0.016248
0.017631
0.017723
0.027200
0.017678
0.017736
0.016117
0.015822
0.018837
0.016769
0.016051
0.019006
0.016051
0.015252
0.015022
0.015250
0.015791
0.015781
0.021280
0.016087
0.016039
0.015707
0.015899
0.015740
0.015617
0.015850
0.015847
0.015882
0.018659
0.015814
0.014743
0.015705
0.015790
0.015862
0.015721
0.015833
0.025361
0.016114
0.020352
0.024782
0.015425
0.015931
0.015868
0.015980
0.015912
0.015977
0.015978
0.015848
0.015818
0.015845
0.015878
0.016044
0.015984
0.015984
0.015888
0.016195
0.016286
0.017005
0.021006
0.016289
0.016166
0.015990
0.016146
0.016052
0.016479
0.016348
0.016268
0.025494
0.016060
0.016400
0.016085
0.015968
0.016150
0.016037
0.016092
0.016201
0.016077
0.016118
0.021019
0.016398
0.016263
0.016426
0.016216
0.016015
0.016342
0.016241
0.016057
0.016078
0.016030
0.018143
0.016079
0.016129
0.016068
0.016088
0.016224
0.015486
0.016087
0.016148
0.020977
0.016171
0.016168
0.016227
0.016389
0.016057
0.016115
0.016070
0.016119
0.016104
0.016122
0.016013
0.016115
0.016046
0.016223
0.016034
0.016076
0.016056
0.016122
0.025780
0.021113
0.016539
0.016273
0.016212
0.016193
0.018806
0.016111
0.016256
0.016353
0.016190
0.016381
0.016159
0.016245
0.016235
0.016398
0.016819
0.016402
0.016382
0.016302
0.016500
0.021437
0.016319
0.016402
0.016539
0.016635
0.016756
0.016557
0.016579
0.016705
0.016684
0.016598
0.016629
0.016617
0.016634
0.016716
0.016569
0.016617
0.016678
0.016613
0.016609
0.021692
0.016819
0.016662
0.016575
0.016528
0.016718
0.016590
0.016354
0.016466
0.016655
0.016687
0.016580
0.016656
0.016916
0.016987
0.016753
0.016616
0.016482
0.016947
0.016827
0.022359
0.016612
0.016681
0.017182
0.016602
0.016621
0.016645
0.015595
0.016736
0.016876
0.016942
0.016792
0.016441
0.016356
0.016716
0.017029
0.016748
0.017071
0.015423
0.016847
0.021821
0.017072
0.017100
0.017187
0.017324
0.017132
0.017400
0.017345
0.017297
0.016951
0.016905
0.017099
0.017128
0.017250
0.017258
0.016726
0.016645
0.016780
0.016791
0.017479
0.022649
0.017394
0.015666
0.015654
0.015713
0.015741
0.016007
0.015815
0.015992
0.016444
0.015704
