0.092094
0.019292
0.018831
0.018971
0.018875
0.018971
0.019456
0.015615
0.016714
0.019392
0.015861
0.016749
0.016779
0.016582
0.016714
0.016527
0.016790
0.015652
0.018107
0.016877
0.019036
0.016837
0.016971
0.016950
0.018364
0.017139
0.016802
0.016704
0.016779
0.016703
0.016870
0.016933
0.016808
0.017128
0.016953
0.016896
0.016792
0.015790
0.019623
0.016843
0.021797
0.016981
0.016879
0.017033
0.016966
0.019602
0.018079
0.017880
0.017936
0.017963
0.020878
0.017916
0.019246
0.019316
0.018213
0.020610
0.018555
0.016575
0.016812
0.016696
0.021685
0.016927
0.016733
0.019550
0.017700
0.017627
0.018741
0.018697
0.018673
0.017676
0.019061
0.018043
0.017980
0.019306
0.017920
0.017890
0.018095
0.016731
0.016581
0.016734
0.021785
0.016899
0.016919
0.016685
0.019311
0.018093
0.015904
0.016822
0.016001
0.016972
0.016909
0.016650
0.016841
0.016845
0.016812
0.016744
0.016901
0.015604
0.016784
0.016765
0.021635
0.016787
0.016784
0.016707
0.015507
0.016929
0.017000
0.016866
0.018815
0.019783
0.015930
0.019564
0.019675
0.017015
0.017295
0.020051
0.017312
0.016236
0.017020
0.017019
0.021912
0.017040
0.016897
0.016987
0.017062
0.017123
0.016891
0.017006
0.016890
0.019212
0.018071
0.018053
0.015790
0.016732
0.016644
0.019466
0.017973
0.018001
0.015837
0.016901
0.022094
0.015740
0.016889
0.016976
0.015737
0.016757
0.016915
0.016671
0.016768
0.015698
0.016945
