0.091649
0.017893
0.019084
0.018038
0.019577
0.011514
0.011332
0.018324
0.016023
0.019377
0.010727
0.010508
0.010441
0.010409
0.010331
0.010373
0.010368
0.010485
0.010461
0.010350
0.010295
0.018605
0.010526
0.010367
0.018763
0.018898
0.019323
0.016068
0.016893
0.017272
0.017009
0.017203
0.016893
0.016981
0.017079
0.017030
0.008804
0.008756
0.007756
0.008710
0.007776
0.016869
0.007969
0.008676
0.008891
0.008776
0.007845
0.008655
0.017064
0.008833
0.008871
0.008934
0.008652
0.008601
0.007794
0.008713
0.007876
0.008742
0.008698
0.007900
0.008701
0.007758
0.008530
0.017106
0.017232
0.008768
0.015687
0.017259
0.008924
0.008635
0.007632
0.015638
0.008124
0.008718
0.016876
0.009031
0.008716
0.008880
0.008756
0.007958
0.007913
0.008693
0.007898
0.017010
0.017203
0.017093
0.008054
0.008573
0.008555
0.008681
0.008531
0.007882
0.009020
0.016796
0.015734
0.019102
0.009974
0.010827
0.017755
0.017977
0.022992
