0.082613
0.015069
0.016071
0.015056
0.014992
0.015940
0.015888
0.015905
0.014853
0.014880
0.015932
0.015990
0.015960
0.015858
0.014994
0.014991
0.015053
0.016047
0.016029
0.014989
0.018103
0.016102
0.015850
0.015967
0.014862
0.015856
0.015898
0.016046
0.015075
0.016182
0.016027
0.015774
0.014796
0.015969
0.015143
0.016012
0.014993
0.014997
0.016055
0.016036
0.019994
0.016009
0.016136
0.015107
0.015089
0.016109
0.015176
0.016025
0.016168
0.016063
0.015074
0.015865
0.015087
0.015847
0.015956
0.015071
0.015928
0.014973
0.016115
0.015068
0.019721
0.015860
0.016097
0.015015
0.015023
0.014834
0.015972
0.014866
0.015978
0.015920
