0.094141
0.019408
0.017629
0.017555
0.019124
0.019265
0.017747
0.018758
0.018987
0.019243
0.019597
0.018983
0.015745
0.017827
0.019744
0.015698
0.016742
0.016617
0.018068
0.019269
0.021826
0.017865
0.019258
0.015821
0.019181
0.019321
0.019520
0.017962
0.017783
0.017766
0.019141
0.018933
0.017604
0.017879
0.017774
0.017846
0.017915
0.020463
0.017711
0.017591
0.022546
0.017794
0.019018
0.019084
0.017773
0.017693
0.019115
0.019254
0.017910
0.017702
0.019163
0.017860
0.019228
0.017991
0.018148
0.018246
0.018036
0.015911
0.015986
0.015847
0.021626
0.016940
0.019506
0.019483
0.015893
0.017452
0.016127
0.016653
0.016816
0.016960
0.016918
0.016809
0.016858
0.016841
0.016879
0.016458
0.017021
0.015781
0.016909
0.016927
0.020774
0.019614
0.016803
0.016806
0.017045
0.018634
0.015875
0.016753
0.016611
0.016980
0.019702
0.019786
0.016669
0.015470
0.019786
0.019754
0.018035
0.019247
0.020487
0.020540
0.020540
