0.087575
0.019062
0.019200
0.019220
0.018923
0.018819
0.019236
0.018742
0.018739
0.017587
0.017717
0.020948
0.020681
0.018693
0.018464
0.017358
0.017451
0.017390
0.017180
0.018452
0.019611
0.018458
0.017365
0.017361
0.017261
0.017403
0.017591
0.018716
0.017592
0.017386
0.009307
0.017237
0.017394
0.018484
0.018341
0.017236
0.017183
0.018477
0.017581
0.017575
0.022420
0.017235
0.018503
0.017442
0.017326
0.017261
0.010178
0.017146
0.010299
0.009203
0.017058
0.009079
0.009794
0.009735
0.008882
0.008904
0.016937
0.017229
0.018140
0.017199
0.020081
0.021347
0.017217
0.018291
0.020425
0.020661
0.018931
0.018998
0.017914
0.019457
0.018905
0.018871
0.018542
0.019020
0.017865
0.020217
0.021363
0.021350
0.017305
0.017575
0.020389
0.020521
0.021461
0.017495
0.020378
0.021313
0.020101
0.017461
0.017348
0.018367
0.018726
0.017229
0.017272
0.020195
0.018549
0.021593
0.020230
0.021242
0.018516
0.020370
0.023511
0.017530
0.018742
0.018767
0.017423
0.018634
0.020277
0.018270
0.020466
0.020429
0.018464
0.017370
0.017223
0.017437
0.018583
0.020602
0.021478
0.017490
0.020430
0.018506
0.022304
0.018473
0.018486
0.017527
0.017397
0.018732
0.018784
0.018920
0.018807
0.018626
0.017560
0.018782
0.018755
0.018797
0.020494
0.017538
0.018850
0.022476
0.017288
0.016213
0.022053
0.016181
0.017065
0.020988
0.018111
0.019657
0.019475
0.019399
0.019608
0.017037
0.019576
0.018251
0.019320
0.019672
0.019452
0.016882
0.019706
0.019614
0.019027
0.017661
0.022670
0.018954
0.021789
0.017736
0.018803
0.019246
0.019782
0.017440
0.017085
0.017122
0.017134
0.017026
0.017124
0.016948
0.019596
0.018016
0.019333
0.019104
0.018020
0.016884
0.021981
0.017150
0.015806
0.017058
0.017013
0.017166
0.017202
0.016936
0.017032
0.016063
0.016989
0.017166
0.016072
0.018423
0.017693
0.019565
0.015881
0.016857
