0.085789
0.016079
0.015691
0.015612
0.015580
0.015497
0.015650
0.015682
0.015593
0.015601
0.015528
0.015597
0.015495
0.015524
0.015427
0.015462
0.015645
0.014740
0.015518
0.015634
0.017836
0.015675
0.015535
0.015519
0.015600
0.015573
0.022229
0.015564
0.015562
0.015529
0.015404
0.015774
0.015775
0.015738
0.015900
0.016091
0.015669
0.015619
0.015924
0.015567
0.020608
0.015490
0.015894
0.015541
0.015896
0.016551
0.015471
0.015487
0.015744
0.015798
0.015524
0.015577
0.015562
0.015440
0.015643
0.015904
0.015485
0.025186
0.015835
0.015707
0.020461
0.015749
0.015927
0.015599
0.015625
0.015875
0.015688
0.015549
0.015540
0.015638
0.015567
0.015557
0.015486
0.015526
0.015586
0.015511
0.015613
0.015568
0.015814
0.015535
0.020619
0.015565
0.015609
0.015530
0.015935
0.015630
0.015511
0.015485
0.015799
0.015705
