0.088484
0.016726
0.016100
0.016024
0.015941
0.016000
0.015901
0.016116
0.015915
0.016025
0.015944
0.018955
0.015998
0.018014
0.016062
0.015950
0.015869
0.015949
0.015964
0.017400
0.018410
0.016012
0.016351
0.016072
0.017561
0.015932
0.015860
0.017512
0.017591
0.016014
0.018794
0.016100
0.016035
0.016006
0.016064
0.015977
0.016015
0.015990
0.016032
0.016042
0.021039
0.016141
0.016131
0.016123
0.016121
0.015522
0.015667
0.015539
0.015536
0.015880
0.015838
0.016314
0.015585
0.015642
0.015575
0.015563
0.016330
0.016326
0.016232
0.016242
0.021774
0.016728
0.016822
0.016555
0.016524
0.016497
0.016590
0.008353
0.008144
0.007994
0.008321
0.008213
0.008054
0.008014
0.016384
0.009897
0.008114
0.008011
0.008026
0.006604
0.006786
0.014446
0.015927
0.015918
0.017072
0.015929
0.015994
0.016030
0.016066
0.016111
0.016157
0.017695
0.016052
0.015949
0.016015
0.017551
0.007823
0.007796
0.007747
0.007801
0.007783
