1.102602
0.023247
0.018730
0.019100
0.009588
0.017361
0.017459
0.019898
0.017337
0.021056
0.018083
0.019293
0.021109
0.018328
0.016777
0.018156
0.017914
0.019457
0.021026
0.019357
0.018021
0.020333
0.019005
0.018602
0.018720
0.018505
0.018604
0.016936
0.017077
0.017004
0.017241
0.017101
0.016828
0.017057
0.016830
0.017998
0.017747
0.019070
0.019110
0.011222
0.024637
0.019240
0.019259
0.018734
0.018974
0.017922
0.018105
0.017790
0.018593
0.017376
0.017428
0.017491
0.010232
0.009615
0.009914
0.010319
0.010628
0.010691
0.009243
0.010308
0.010709
0.009412
0.017884
0.017921
0.009679
0.019351
0.010211
0.009896
0.011231
0.009990
0.010781
0.011533
0.010112
0.011615
0.018228
0.019839
0.009723
0.010653
0.010082
0.010658
0.010114
0.009932
