420	151	87	320
409	155	104	323
416	153	98	320
414	153	100	323
407	146	105	324
404	156	101	323
383	149	125	323
371	157	124	331
366	157	120	324
361	151	101	335
331	159	113	326
319	162	112	315
313	178	106	310
318	162	89	317
313	155	100	316
309	156	113	315
321	147	113	321
326	168	105	311
343	164	104	306
346	158	118	312
367	161	96	301
375	159	102	314
380	162	103	321
387	158	101	311
395	162	104	315
395	152	101	320
397	156	101	324
397	154	104	324
404	158	104	332
407	148	102	322
413	157	116	326
420	147	112	331
428	152	113	325
439	152	98	326
434	152	103	318
422	151	114	326
410	151	115	329
394	151	127	333
399	152	114	322
404	147	103	321
413	151	99	316
426	154	85	323
434	156	84	320
439	157	93	319
444	158	106	313
455	156	102	313
455	164	103	314
461	160	101	311
470	155	87	309
457	163	98	302
458	171	92	305
452	161	92	300
441	168	92	292
433	162	94	293
424	163	95	297
419	159	93	305
413	162	95	305
409	156	95	305
405	153	99	311
398	152	105	320
391	153	110	319
390	158	110	321
397	156	101	319
384	157	117	317
381	154	111	329
373	149	109	333
372	153	110	332
364	154	123	331
370	150	113	326
373	156	122	329
380	149	125	341
406	151	110	329
419	154	107	328
429	154	99	329
437	163	98	320
455	154	91	316
466	161	87	312
473	155	92	314
477	156	108	317
490	155	106	323
503	152	103	324
515	154	105	320
531	156	111	319
544	157	106	321
556	153	121	316
568	159	108	320
574	159	114	311
575	158	118	327
574	158	103	319
564	160	115	319
556	155	98	319
538	161	102	322
524	148	98	320
503	156	106	318
495	155	103	323
485	153	97	316
478	149	94	316
470	152	95	313
460	155	99	310
455	159	97	315
449	156	98	314
445	157	99	319
442	147	97	324
433	146	102	333
431	148	93	338
426	141	95	350
422	138	95	349
414	137	95	358
405	137	101	359
400	142	107	351
402	143	113	356
412	143	104	360
408	136	122	359
403	137	144	357
428	142	133	363
444	135	127	379
472	135	112	377
481	135	112	372
490	138	113	371
503	134	102	373
508	137	104	375
509	126	109	379
517	124	105	394
519	122	113	399
527	137	106	398
535	125	97	396
543	125	90	404
541	122	100	399
535	127	108	397
528	132	115	391
517	130	127	371
513	143	112	375
500	131	123	376
482	126	134	376
482	138	113	369
478	137	108	369
472	133	106	368
469	132	99	376
460	139	107	366
454	146	106	356
454	149	100	340
445	140	103	352
439	150	101	346
426	155	106	337
414	147	104	345
407	145	99	340
397	141	101	337
385	148	104	340
363	146	114	334
349	156	114	328
326	145	133	337
299	146	137	345
284	143	131	353
276	156	130	340
274	141	118	341
267	137	125	349
268	157	123	342
261	150	148	341
276	152	128	341
296	146	134	349
299	151	146	338
310	143	160	335
319	153	169	345
335	152	171	350
347	150	167	347
368	153	157	342
408	154	120	345
427	152	94	355
430	157	107	351
432	156	100	343
435	152	96	349
440	158	115	340
440	156	103	335
450	157	101	333
455	157	101	325
453	163	109	327
450	160	116	306
448	172	122	315
459	163	92	310
453	156	115	302
453	163	116	311
440	160	128	309
453	157	102	305
451	159	101	307
450	157	92	302
438	169	96	300
428	172	98	293
419	166	96	294
413	161	94	290
407	161	96	289
399	161	97	293
397	169	96	287
390	171	99	281
387	170	95	276
381	164	103	284
374	161	105	291
370	167	104	297
362	163	104	306
360	162	94	307
356	160	87	303
351	156	86	306
339	161	95	312
326	152	97	310
316	156	108	314
320	155	103	307
313	164	119	304
325	163	119	311
335	158	119	314
366	154	101	315
375	149	117	316
390	163	111	307
398	156	131	312
416	166	129	309
422	152	125	310
419	164	132	303
418	167	129	296
415	165	129	308
410	157	119	304
410	155	98	315
393	154	114	314
379	155	117	324
370	156	110	317
347	152	118	326
344	148	106	322
337	150	105	325
337	154	103	325
343	152	95	330
341	153	103	328
330	146	119	331
333	155	112	336
342	146	105	336
348	147	102	356
356	139	103	348
350	144	119	357
352	136	115	358
363	148	105	351
366	148	111	350
369	145	108	361
360	133	121	371
379	130	108	375
383	137	105	378
383	137	110	378
379	137	114	373
380	144	120	375
380	136	116	377
371	142	130	379
375	131	111	382
386	139	96	382
387	135	93	370
382	134	97	372
381	140	103	367
375	150	110	356
380	145	104	354
376	143	107	355
374	137	100	348
363	142	111	349
353	140	111	356
352	145	101	341
355	149	100	336
351	143	101	339
354	152	98	341
353	149	103	334
353	153	99	323
353	154	105	316
350	153	110	312
337	159	124	305
325	165	133	307
326	163	146	306
307	164	164	309
331	153	131	323
322	156	140	308
329	168	134	309
351	151	103	315
363	166	95	299
366	158	88	301
369	163	95	303
380	161	88	300
375	160	100	293
372	162	103	300
382	162	96	307
387	164	88	297
389	165	84	287
389	168	85	292
392	168	87	285
390	167	87	291
380	164	95	294
377	156	84	296
373	161	86	296
362	164	92	293
353	166	92	301
339	160	96	295
326	162	101	306
312	161	110	304
291	156	122	310
295	156	104	318
273	158	118	319
257	172	126	307
260	158	115	310
267	156	106	314
264	159	117	315
249	152	133	314
231	169	149	300
232	171	163	306
291	169	114	301
293	163	139	318
329	159	150	311
353	154	127	315
367	171	125	304
384	156	117	301
393	173	109	301
397	169	103	290
402	169	98	293
399	160	97	303
385	162	110	300
361	169	134	310
340	162	130	294
339	162	105	316
331	158	91	308
315	169	97	313
305	158	97	315
289	159	107	312
291	158	96	321
283	156	102	319
284	168	105	323
308	159	79	300
307	164	83	313
321	165	84	307
332	160	89	310
353	169	87	303
370	167	91	308
381	166	95	305
394	166	91	304
403	169	95	296
416	166	100	294
432	165	97	294
451	169	91	302
461	165	102	297
471	163	118	302
482	172	118	303
489	172	127	305
510	176	118	305
509	165	130	303
520	155	106	318
522	158	102	317
525	168	106	307
516	167	108	315
503	161	121	308
488	172	124	306
472	165	119	294
467	172	111	292
460	169	100	289
458	165	87	293
453	169	85	292
453	169	88	289
460	171	84	286
459	165	101	288
471	174	97	291
477	170	114	294
497	167	102	297
520	165	89	301
546	169	102	292
551	168	93	295
561	161	99	290
570	164	92	291
571	152	109	291
562	160	126	294
568	168	118	288
569	174	116	295
559	172	107	289
557	166	93	294
537	172	109	294
536	164	102	288
507	166	119	280
499	167	114	298
491	162	98	313
474	169	97	301
468	166	84	293
451	171	93	294
447	174	84	289
447	164	83	290
444	169	86	287
443	168	90	291
450	166	90	295
464	168	79	296
470	163	80	304
482	163	83	303
487	160	91	306
495	158	93	301
501	160	90	302
498	159	95	311
489	163	103	309
501	158	90	313
494	165	90	310
493	158	82	325
491	159	85	320
490	151	78	328
490	156	75	339
490	155	77	332
490	155	81	337
488	152	83	335
490	160	82	340
487	161	83	325
483	156	90	328
485	161	91	318
490	163	92	315
490	160	93	317
494	166	111	310
493	158	112	304
497	152	101	303
496	158	88	306
484	172	104	297
479	166	93	300
471	166	88	299
463	175	86	289
454	165	83	296
444	162	85	296
433	172	91	291
417	174	94	284
409	171	89	287
405	165	79	295
397	161	81	291
391	171	83	285
381	176	88	279
378	170	81	283
371	160	79	288
362	169	79	289
348	165	89	290
333	168	98	301
325	163	84	300
315	163	92	308
317	162	83	301
310	168	86	302
301	163	86	307
291	159	83	309
282	161	85	306
267	159	94	311
259	158	93	309
249	164	100	308
247	161	97	311
248	157	97	317
239	159	111	306
257	159	94	315
274	155	79	315
276	154	92	308
286	158	103	310
300	151	99	309
310	158	93	315
320	157	88	309
313	158	116	298
320	161	105	305
339	160	95	306
354	169	85	296
365	176	88	286
369	166	95	294
369	173	112	297
383	165	104	293
392	178	93	293
404	171	86	289
406	170	88	287
411	163	84	294
409	171	87	283
409	171	82	281
405	166	88	279
399	164	95	281
406	166	81	284
400	179	82	272
394	174	89	267
392	168	93	269
392	175	91	273
396	173	85	273
393	174	84	278
388	172	81	283
379	173	85	275
372	174	89	280
363	173	89	288
354	173	88	287
344	176	89	286
330	171	104	290
321	167	111	291
317	174	110	289
313	170	110	302
322	172	101	295
328	165	105	296
343	172	100	305
355	172	104	296
371	164	98	308
389	166	90	299
403	163	92	300
406	172	110	304
425	167	97	303
437	162	101	303
459	163	98	308
472	165	100	303
485	161	100	304
496	161	109	304
512	169	109	305
519	159	110	300
526	161	105	306
532	163	106	305
531	164	115	297
534	171	112	295
533	166	116	286
550	167	107	286
558	175	100	289
565	163	104	276
577	175	91	275
574	168	92	271
561	167	90	269
551	175	96	276
521	173	118	276
519	171	104	276
507	171	95	279
507	172	81	272
490	174	84	268
483	175	77	276
478	172	72	272
479	173	68	266
478	178	66	265
479	181	70	270
479	176	73	274
485	171	95	276
497	167	94	260
497	167	88	278
496	167	101	279
502	168	90	291
499	169	99	287
503	167	97	290
504	162	93	288
504	169	95	289
501	167	93	290
501	163	87	284
501	167	83	279
497	171	84	283
494	168	84	279
485	172	91	279
480	167	98	274
472	168	93	282
464	171	89	273
454	174	95	271
448	173	90	266
437	176	101	268
419	175	120	273
386	177	140	273
383	172	111	275
369	171	103	273
369	173	84	282
357	168	89	278
351	166	85	275
341	174	84	275
330	175	83	277
318	165	81	281
310	171	85	281
303	159	85	288
294	169	86	287
285	164	89	289
281	166	92	287
277	166	99	290
281	162	89	293
293	173	84	288
301	162	83	296
304	163	88	286
312	164	86	289
320	167	95	285
332	163	93	286
343	170	87	293
348	163	100	287
365	160	92	288
381	168	84	283
395	168	76	280
403	173	77	274
412	166	78	280
421	169	83	280
427	171	88	281
429	171	98	281
441	173	93	276
461	165	77	275
466	173	80	274
475	175	81	267
476	172	81	276
479	168	75	277
480	170	77	282
485	167	75	281
492	168	79	283
501	168	74	275
507	166	80	281
514	169	72	279
523	169	79	275
527	174	93	273
532	178	90	279
531	173	94	268
549	169	87	272
550	170	92	271
551	175	95	275
542	171	104	280
543	168	102	277
543	174	95	273
542	168	98	273
540	173	101	267
546	170	90	272
539	162	95	269
537	174	83	270
525	174	101	267
516	175	107	272
523	168	86	265
511	167	83	265
504	172	83	268
499	166	83	263
494	177	78	265
488	178	82	256
481	178	77	253
477	177	80	252
479	172	79	257
474	175	87	257
474	177	88	255
481	183	81	254
483	185	84	255
489	181	83	263
495	175	86	272
500	171	84	272
502	171	86	274
504	174	80	278
503	173	84	269
508	174	76	277
506	174	77	275
506	171	76	280
500	167	79	276
493	176	84	269
487	172	80	273
481	171	82	264
473	170	81	271
466	171	89	266
456	178	96	269
459	174	84	256
460	173	75	262
457	179	80	256
457	177	79	256
462	178	85	257
465	179	83	256
465	178	86	258
469	176	87	265
474	176	86	270
481	174	83	273
481	169	86	277
481	169	91	279
483	169	92	282
489	167	87	284
493	169	89	284
491	165	94	288
490	171	93	294
494	168	81	295
489	166	85	300
