0.084029
0.016659
0.016579
0.016441
0.016737
0.016902
0.015812
0.016024
0.019269
0.015574
0.015917
0.015906
0.015929
0.016017
0.015593
0.015822
0.017656
0.017373
0.017190
0.017276
0.019352
0.017246
0.016060
0.019741
0.016126
0.011203
0.017876
0.016192
0.017200
0.017402
0.017570
0.017211
0.017293
0.017490
0.017326
0.017258
0.017477
0.016253
0.017605
0.016782
0.021747
0.015982
0.015905
0.016043
0.015883
0.016525
0.017439
0.017478
0.016685
0.016517
0.016652
0.016635
0.017543
0.020389
0.019882
0.018385
0.018939
0.022489
0.021255
0.016217
0.022017
0.017118
0.017246
0.017198
0.017124
0.017098
0.017199
0.017076
0.017030
0.017031
0.008880
0.016985
0.017604
0.017720
0.016626
0.016334
0.017535
0.017180
0.017313
0.017283
0.022430
0.017214
0.017349
0.017471
0.016815
0.015802
0.015925
0.015887
0.007638
0.007566
0.016709
0.015657
0.016870
0.015879
0.016044
0.016093
0.008389
0.015621
0.015965
0.015912
0.020994
