535	102	325	569
520	97	347	605
512	97	351	590
499	100	360	584
473	105	382	578
478	114	382	561
470	116	384	573
463	104	385	580
480	110	365	564
480	109	369	586
482	88	365	601
506	89	355	594
491	85	357	598
491	93	357	568
499	85	341	582
490	84	351	596
484	83	361	594
463	85	376	592
448	86	397	585
453	77	384	600
444	81	391	586
451	75	382	581
467	74	374	577
464	61	367	595
453	53	380	619
456	57	381	602
450	53	384	613
468	49	371	630
472	48	360	613
464	41	370	627
471	39	363	630
461	38	375	627
459	43	382	614
454	29	384	633
449	14	382	665
440	23	403	663
453	28	378	646
440	23	398	655
438	22	392	656
436	24	397	641
417	31	419	617
440	30	390	622
423	27	413	607
422	44	427	598
410	19	433	615
418	32	440	620
404	35	450	589
409	29	450	615
418	25	446	606
412	43	461	584
433	37	440	598
420	45	457	594
426	46	462	581
422	45	464	590
427	49	464	589
432	74	462	554
419	79	477	543
428	64	466	577
421	65	462	584
428	83	470	564
419	83	471	565
413	98	484	552
411	120	483	531
415	129	486	522
412	125	497	537
418	147	489	524
410	161	499	493
411	158	492	490
416	164	494	517
400	163	503	512
403	172	506	504
403	198	496	482
384	198	513	489
392	212	520	483
403	217	501	477
395	228	498	454
394	230	505	456
392	243	505	439
398	254	504	438
396	255	506	430
396	246	513	411
399	230	511	422
395	223	522	380
403	211	532	383
408	184	528	376
420	166	534	386
420	148	537	381
416	131	553	374
407	124	565	393
406	117	585	392
415	121	580	376
416	124	572	382
407	117	586	381
411	134	592	371
419	137	578	372
417	141	587	355
423	146	575	361
414	141	593	363
397	164	619	342
398	163	629	333
