0.088518
0.018335
0.019202
0.017978
0.017988
0.019202
0.019475
0.017842
0.019258
0.019201
0.017966
0.017805
0.019042
0.017680
0.019139
0.017848
0.019115
0.019214
0.017935
0.019083
0.020103
0.019227
0.017828
0.017662
0.019127
0.019118
0.017843
0.017919
0.018961
0.017733
0.019232
0.017962
0.019305
0.018057
0.017902
0.018038
0.018088
0.019445
0.018260
0.018024
0.024275
0.018093
0.018018
0.018249
0.018225
0.019491
0.019620
0.019742
0.018440
0.018255
0.019642
0.018202
0.019576
0.019881
0.019583
0.018393
0.018542
0.019671
0.018370
0.017106
0.022142
0.015865
0.016978
0.017132
0.016229
0.019789
0.016207
0.016973
0.016965
0.017035
0.015974
0.017020
0.016036
0.017181
0.017144
0.016254
0.017220
0.017192
0.016556
0.017399
0.022730
0.017610
0.016580
0.017640
0.017770
0.016166
0.017496
0.017658
0.016198
0.017081
