0.577560
0.027470
0.027401
0.026139
0.026403
0.026437
0.030564
0.030911
0.030570
0.030560
0.030673
0.031210
0.030461
0.030597
0.030334
0.031708
0.030562
0.030840
0.030811
0.030895
0.030206
0.027889
0.027992
0.028409
0.027803
0.027742
0.028055
0.027977
0.028025
0.028262
0.028135
0.028228
0.028493
0.028316
0.028231
0.028516
0.028315
0.028698
0.028730
0.028729
0.033630
0.028551
0.028429
0.028534
0.028478
0.028525
0.029032
0.028641
0.028543
0.028690
0.028840
0.030188
0.028912
0.028916
0.028904
0.029104
0.028995
0.028958
0.028964
0.029297
0.033996
0.029374
0.029262
0.029317
0.029437
0.029618
0.029497
0.029321
0.029713
0.029184
0.029613
0.029737
0.029813
0.029725
0.030165
0.029937
0.029766
0.030355
0.028183
0.029937
0.034665
0.029880
0.029763
0.030212
0.030362
0.029899
0.029932
0.030237
0.030092
0.030057
0.029943
0.031616
0.030175
0.030194
0.030189
0.030226
0.030317
0.030225
0.030433
0.030135
