296	175	95	203
302	180	99	199
305	178	101	201
309	179	107	213
311	177	104	211
311	176	105	213
312	177	109	207
307	176	117	212
300	173	119	213
300	183	111	200
294	185	104	193
290	185	110	191
288	190	112	187
287	187	113	193
291	191	111	185
296	187	107	190
299	190	116	187
304	192	117	183
306	186	121	192
312	182	112	200
317	174	107	202
316	170	109	205
313	169	104	208
307	167	113	211
296	174	135	229
300	169	123	230
300	166	116	243
295	166	119	248
289	169	123	249
286	169	116	248
285	169	124	245
285	168	124	240
291	173	114	219
296	171	106	206
303	175	109	210
299	174	140	206
305	178	134	209
306	187	130	198
306	185	127	199
308	188	131	194
309	191	125	188
311	192	125	195
313	193	127	193
310	196	148	185
311	197	129	191
310	202	137	191
312	206	133	189
310	214	130	181
306	228	126	164
303	234	151	165
302	249	141	151
296	265	153	137
290	290	136	116
281	300	162	94
274	310	183	84
275	314	194	90
270	318	169	77
268	316	168	68
232	317	173	67
249	315	152	74
251	311	159	75
237	313	181	72
229	311	190	76
223	314	189	72
213	315	198	71
211	315	196	71
200	314	215	71
188	316	239	68
228	313	218	77
246	314	200	83
284	320	168	76
297	319	154	79
302	324	153	72
314	326	158	68
317	329	169	76
327	333	156	71
332	334	146	69
329	333	159	68
329	328	176	72
339	327	187	76
351	327	198	77
361	329	199	78
370	332	200	78
379	335	196	73
391	336	193	73
395	333	193	75
400	334	196	73
400	332	200	74
400	334	209	76
401	332	218	77
399	335	236	75
399	333	250	79
395	332	260	81
385	334	269	77
386	332	278	78
376	332	297	75
396	335	287	71
397	337	301	71
403	335	303	72
399	336	313	70
