0.565490
0.016433
0.015892
0.017939
0.015786
0.015994
0.016999
0.016861
0.017049
0.017161
0.017967
0.016958
0.017159
0.017073
0.017215
0.017513
0.017751
0.017039
0.016931
0.017169
0.029730
0.017828
0.017267
0.017951
0.017792
0.017749
0.017850
0.017863
0.017950
0.017983
0.027468
0.018232
0.017830
0.018034
0.018223
0.018017
0.018158
0.018360
0.017941
0.018176
0.023105
0.018327
0.018385
0.018254
0.018649
0.018451
0.017069
0.018462
0.018672
0.018564
0.018384
0.018389
0.018544
0.018387
0.018473
0.018578
0.018511
0.018900
0.019519
0.019056
0.023809
0.028381
0.018980
0.019025
0.018966
0.018895
0.018929
0.019081
0.019029
0.019023
0.019269
0.019240
0.019214
0.019447
0.019578
0.019598
0.028828
0.019442
0.019156
0.019215
0.026820
0.020922
0.019291
0.019712
0.019650
0.019521
0.019681
0.029267
0.018654
0.022335
0.029481
0.020027
0.019946
0.020013
0.020017
0.019867
0.020093
0.020021
0.020141
0.019915
0.024858
0.019985
0.020021
0.020049
0.020158
0.020201
0.020184
0.020288
0.020182
0.020278
0.020286
0.020615
0.020394
0.020333
0.021122
0.021135
0.024180
0.021062
0.021063
0.021072
0.026121
0.021442
0.021182
0.021161
0.021416
0.021374
0.021233
0.021327
0.023804
0.021658
0.021416
0.022431
0.021676
0.021437
0.021690
0.021623
0.021777
0.021479
0.021697
0.021590
0.036103
0.021808
0.028052
0.021747
0.021979
0.021849
0.021823
0.021954
0.022183
0.022034
0.021855
0.021851
0.031470
0.021953
0.026937
0.022151
0.022367
0.022458
0.022322
0.022175
0.027029
0.022214
0.022321
0.022209
0.021933
0.022156
0.022063
0.022389
0.020847
0.022337
0.022220
0.022542
0.022475
0.022361
0.028736
0.022704
0.022906
0.022643
0.022688
0.022637
0.027575
0.022596
0.032182
0.022808
0.022777
0.022778
0.022975
0.022936
0.022843
