0.566929
0.018059
0.019556
0.019194
0.015776
0.019496
0.017872
0.018059
0.018064
0.020762
0.020847
0.019174
0.020617
0.019254
0.018183
0.018273
0.018312
0.018270
0.017036
0.018343
0.020649
0.018486
0.018324
0.018435
0.018479
0.017536
0.018903
0.019269
0.017879
0.017852
0.018951
0.019146
0.018915
0.018957
0.019071
0.019073
0.019229
0.017910
0.019048
0.017943
0.024064
0.017917
0.019174
0.019135
0.019254
0.019182
0.019239
0.021952
0.021961
0.021935
0.021981
0.022003
0.021955
0.022154
0.020561
0.022090
0.022409
0.022442
0.018540
0.019842
0.024671
0.022472
0.019798
0.019871
0.022713
0.019989
0.019782
0.019801
0.020048
0.019923
0.022586
0.022448
0.022472
0.022657
0.022629
0.022778
0.023100
0.020493
0.020495
0.020615
0.025328
0.020386
0.020613
0.023222
0.023552
0.021606
0.023249
0.023314
0.023498
0.019542
0.023304
0.021874
0.020823
0.023504
0.023593
0.019631
0.020950
0.021223
0.021264
0.021389
