0.559381
0.019344
0.017051
0.017126
0.017101
0.017164
0.017990
0.018232
0.019289
0.018317
0.018177
0.019439
0.018355
0.019480
0.019639
0.019655
0.019816
0.018559
0.018526
0.019539
0.020673
0.018549
0.019746
0.019749
0.018821
0.020176
0.020186
0.019051
0.018852
0.020122
0.020787
0.020500
0.019204
0.019059
0.019089
0.019008
0.019298
0.020532
0.020512
0.019399
0.025402
0.019443
0.020756
0.020579
0.020864
0.020682
0.019373
0.020480
0.019321
0.020409
0.020496
0.019387
0.019318
0.020616
0.019464
0.019529
0.019536
0.020830
0.019741
0.021077
0.026022
0.020987
0.019726
0.020953
0.021079
0.021122
0.021382
0.021461
0.020308
0.020466
0.020308
0.021730
0.020464
0.020276
0.020208
0.021662
0.020341
0.020320
0.020331
0.021750
0.026965
0.020487
0.021927
0.020560
0.020669
0.021690
0.020525
0.021783
0.020478
0.022084
0.021021
0.020945
0.022268
0.020780
0.020859
0.022188
0.021103
0.022419
0.022831
0.021309
0.026277
0.021187
0.021225
0.022596
0.021473
0.022978
0.023077
0.021269
0.023258
0.023082
0.023419
