355	231	169	333
352	242	183	329
338	227	202	340
354	245	150	332
327	234	178	338
329	241	168	324
331	227	152	343
330	229	129	346
322	229	123	340
315	235	114	336
307	239	108	328
268	237	138	335
238	234	171	327
220	229	171	349
218	227	140	332
199	229	160	327
190	236	129	317
171	232	138	331
161	233	135	321
145	234	141	328
148	241	133	313
147	229	147	329
155	242	153	333
178	231	133	323
193	241	129	313
206	220	144	317
226	221	143	337
257	239	126	323
283	225	118	341
299	232	115	340
316	219	116	344
316	219	135	342
309	223	184	344
331	230	179	345
350	239	169	324
362	244	168	319
377	242	168	314
412	234	148	319
435	229	154	329
468	219	142	337
485	227	139	334
499	226	136	322
521	240	122	317
528	241	121	314
521	232	123	331
514	228	124	334
519	216	127	345
513	222	127	349
509	232	126	333
497	232	132	342
504	243	116	324
486	232	132	327
474	231	120	327
462	223	112	326
447	224	109	323
437	234	114	325
415	234	126	315
403	229	134	321
366	227	157	328
364	238	156	313
336	226	178	317
321	225	177	332
309	232	166	316
305	247	162	314
310	240	152	305
303	239	140	299
293	237	159	308
284	231	162	304
269	250	179	284
275	245	170	296
272	242	144	307
287	234	126	301
293	244	110	308
294	238	120	309
292	232	123	305
310	229	112	317
329	236	107	308
328	248	105	295
338	243	121	302
347	238	127	312
346	239	174	314
344	250	185	296
367	243	176	314
398	226	154	314
410	241	163	312
437	232	135	315
451	228	125	321
452	234	132	323
453	232	132	317
456	231	132	317
459	228	131	325
458	238	133	324
464	226	126	333
457	225	137	339
458	223	137	329
463	232	131	331
470	224	122	322
451	229	143	328
438	233	157	315
440	239	153	322
452	233	141	320
466	230	126	321
464	232	121	319
473	231	117	324
474	228	115	328
468	223	114	329
459	232	120	317
454	228	124	312
456	222	118	307
443	236	129	301
438	236	138	297
442	239	126	294
443	235	129	296
438	235	131	285
451	245	118	283
456	232	112	284
456	234	109	278
441	232	125	287
442	238	122	283
452	238	111	283
455	231	109	277
457	238	111	286
459	233	111	282
461	235	107	294
459	231	112	295
461	235	108	299
464	226	106	288
459	236	108	289
465	227	107	291
471	238	103	286
473	241	104	282
476	235	105	287
469	238	117	287
469	237	124	284
474	245	129	284
490	233	118	281
501	243	110	288
505	236	112	287
513	234	108	295
514	235	111	293
510	236	120	286
521	242	118	283
530	247	115	274
543	241	103	283
550	238	88	300
555	239	85	298
551	232	85	313
552	225	81	318
553	229	79	316
539	229	93	316
528	239	107	311
510	236	120	318
511	246	115	304
500	239	127	313
501	244	124	301
498	247	123	303
515	244	114	296
522	244	107	294
522	238	101	296
528	233	93	303
525	240	91	299
525	240	88	292
523	242	85	287
513	244	98	282
500	240	104	279
498	248	103	270
493	244	105	274
485	240	115	276
490	240	113	271
500	251	106	273
522	244	90	268
519	240	117	271
524	250	114	271
519	247	117	273
531	241	84	274
524	240	86	278
528	245	80	279
524	236	86	284
520	243	89	283
525	241	86	282
523	240	89	276
526	242	88	275
530	252	82	274
532	241	83	274
528	242	88	275
526	239	98	279
528	243	96	283
529	240	93	286
521	239	103	282
524	244	98	277
525	243	101	276
518	234	113	287
521	237	120	295
516	237	118	287
511	235	119	283
516	242	115	277
516	249	111	268
511	245	115	273
510	248	112	265
491	256	123	261
483	245	135	263
458	246	160	266
454	246	161	264
465	249	166	248
453	258	167	253
450	252	154	251
448	253	140	249
436	240	156	254
435	254	141	240
420	253	149	242
417	260	160	235
419	256	135	227
420	258	127	233
418	263	119	230
419	264	114	230
420	260	113	228
423	264	111	225
423	261	112	224
429	260	108	227
434	255	110	234
455	254	96	238
472	248	87	238
476	255	91	239
487	255	91	242
499	250	95	241
510	251	108	255
503	245	141	244
511	250	140	238
536	256	115	250
537	254	118	237
545	256	124	242
564	250	114	246
575	251	103	237
576	257	101	240
583	253	88	242
570	257	92	241
565	254	87	239
533	258	112	244
517	255	115	244
505	249	120	242
483	248	120	245
477	255	114	238
467	250	115	241
462	243	104	243
449	262	115	226
428	259	129	233
414	252	136	222
396	260	142	229
392	259	124	234
377	252	120	240
360	261	143	231
332	258	138	239
319	261	114	238
321	242	92	246
309	251	94	255
303	251	85	256
298	257	84	243
294	254	91	245
300	259	79	251
296	254	87	241
295	259	88	240
298	255	80	240
297	254	91	237
304	257	89	235
311	253	94	247
313	253	111	246
326	249	108	247
345	254	101	241
363	256	85	245
368	251	91	243
367	251	101	248
371	253	116	253
375	238	125	246
380	256	131	248
389	247	137	237
402	256	146	241
417	260	138	240
420	252	146	242
440	246	129	253
439	256	138	248
452	249	124	250
445	250	134	256
452	248	119	251
453	248	117	251
452	249	114	249
447	255	117	248
435	253	128	243
433	252	123	250
417	247	130	244
391	255	157	245
404	248	137	244
402	264	129	237
374	254	157	241
361	254	147	242
354	255	135	243
342	257	114	242
338	265	97	232
329	253	105	249
325	248	99	257
318	253	101	257
319	244	98	259
315	250	107	256
318	249	103	241
321	253	98	254
327	242	85	240
323	254	91	244
324	253	91	243
323	247	90	247
326	244	85	249
319	261	97	250
328	259	88	245
324	246	103	243
321	251	109	256
331	238	85	252
328	247	81	262
326	246	80	256
316	254	97	250
318	250	90	256
318	243	81	259
317	251	77	261
311	249	87	260
308	247	84	260
307	243	83	258
307	250	74	263
298	241	79	272
292	246	80	268
287	248	83	266
281	249	86	274
275	244	94	263
275	250	99	282
274	248	102	269
272	245	120	274
265	248	134	278
266	254	112	267
269	246	102	278
275	237	88	269
274	245	87	279
270	243	94	275
269	240	94	274
271	245	87	279
271	241	84	275
267	244	86	274
259	246	96	269
256	236	97	284
241	237	116	281
231	233	122	286
220	227	124	295
216	236	116	283
218	234	112	291
216	234	111	286
210	239	111	278
200	237	117	282
180	237	133	276
193	228	114	285
204	242	98	284
201	245	100	283
200	250	101	272
197	245	108	275
213	232	92	273
207	238	101	279
205	233	108	272
223	238	94	282
219	241	107	255
235	244	92	256
234	247	108	250
240	247	105	248
235	251	109	254
237	242	110	254
244	250	91	258
228	243	108	262
234	249	89	255
228	241	87	272
224	241	86	275
221	238	85	279
216	241	90	281
215	241	92	277
200	249	109	278
191	237	126	286
196	250	123	274
213	232	108	294
216	237	99	293
207	236	104	291
186	235	124	289
198	241	102	280
204	239	90	294
188	237	110	280
194	240	105	280
203	246	99	281
194	245	107	274
197	237	106	282
198	237	106	287
192	237	117	292
200	234	106	275
192	237	113	282
195	237	106	289
203	248	95	277
194	248	101	277
199	236	91	284
205	234	87	285
197	236	95	286
197	243	98	277
195	247	102	271
207	248	93	274
207	235	90	282
197	237	101	284
186	234	113	287
191	238	109	283
167	238	131	288
191	242	118	277
196	233	108	282
212	249	99	279
221	230	91	291
224	236	96	292
219	230	114	294
216	235	131	295
215	232	167	295
226	246	176	300
236	234	156	308
249	247	134	309
243	230	154	311
230	240	189	303
224	241	208	318
234	231	207	324
257	246	182	303
281	243	169	325
288	238	170	310
292	237	166	318
297	236	188	336
309	234	144	333
302	232	182	342
313	245	142	326
297	220	157	340
292	224	155	353
289	235	153	334
284	245	154	322
281	232	178	326
267	237	161	321
251	235	140	321
222	235	150	328
188	220	183	323
162	234	172	336
156	226	162	327
145	235	137	317
140	229	131	329
118	231	146	324
112	232	138	327
108	231	139	333
110	225	147	325
132	230	131	323
148	225	125	328
156	229	145	330
180	232	131	322
189	231	138	326
214	231	141	315
237	235	131	334
239	228	143	341
249	214	136	345
241	229	159	349
262	241	172	321
284	225	168	334
283	238	194	333
298	250	187	317
320	252	175	300
341	238	171	317
364	239	180	320
397	225	162	324
410	234	155	317
420	234	152	311
431	245	156	313
462	230	121	319
468	245	116	313
457	228	122	333
457	232	121	328
449	230	125	331
452	233	113	330
450	229	122	332
447	251	127	319
429	242	143	315
416	228	140	322
399	233	126	327
386	219	125	329
375	223	125	335
367	218	119	323
350	229	136	323
325	243	153	312
307	237	174	318
287	234	184	317
285	238	167	312
284	243	146	308
277	240	152	309
268	239	151	309
261	248	150	295
255	239	154	298
232	240	171	306
224	237	191	297
253	235	168	300
269	235	139	304
275	238	127	295
281	243	122	304
285	236	128	300
283	236	157	298
294	244	143	297
306	233	135	306
308	234	154	315
317	235	143	314
336	227	133	308
347	251	136	304
349	240	155	304
362	243	171	307
389	227	159	320
418	225	139	318
434	240	123	310
448	239	114	305
452	232	112	314
451	229	114	315
438	230	132	321
458	223	112	317
464	229	102	330
452	236	116	330
468	229	102	323
467	230	101	323
457	233	114	317
461	226	113	328
445	226	126	323
440	230	130	319
427	230	144	310
447	244	124	309
459	237	106	312
459	235	110	320
466	232	105	315
451	228	119	321
453	229	116	317
453	234	117	312
454	227	114	302
463	237	102	297
457	236	103	295
446	237	114	290
445	233	114	297
443	245	119	280
430	243	131	277
449	246	113	269
441	240	115	271
454	238	100	269
444	241	110	281
427	241	132	277
439	245	119	263
441	246	116	271
452	243	105	264
455	243	101	272
450	244	107	285
458	237	97	285
462	241	91	286
456	234	95	284
462	230	93	283
454	238	100	280
460	234	101	274
463	243	105	277
464	236	118	280
476	238	115	279
487	239	111	279
499	239	103	290
503	228	99	292
498	238	111	288
507	232	103	281
504	243	112	285
503	234	116	285
508	237	114	272
510	246	118	266
517	251	113	265
525	248	104	274
532	239	100	289
529	241	101	296
530	239	99	299
525	233	105	304
521	234	107	306
518	239	114	301
509	242	119	297
502	236	121	309
500	241	121	301
499	238	127	308
503	236	112	303
504	243	111	300
504	242	117	303
511	242	114	293
517	239	105	291
514	239	105	294
510	237	103	297
508	239	103	285
502	236	106	279
500	241	110	274
490	240	107	275
491	239	105	264
489	245	108	267
488	246	105	262
489	251	109	262
501	242	97	266
515	240	87	275
515	247	114	274
510	251	115	269
514	244	108	267
508	241	97	273
512	240	88	277
516	243	84	274
515	241	81	280
518	239	77	283
518	239	81	279
519	241	85	276
515	247	95	269
518	242	96	274
521	236	89	278
524	231	89	283
521	235	94	286
527	237	87	287
523	243	95	279
523	243	101	271
522	238	100	274
519	239	104	293
515	227	109	283
515	233	107	294
513	236	102	285
502	240	111	281
498	246	111	269
489	243	134	272
489	240	117	278
485	241	105	273
480	251	104	270
473	249	103	270
466	246	99	276
459	241	97	270
448	250	108	282
438	241	117	288
435	245	116	283
414	239	137	280
411	247	143	283
408	246	142	276
418	252	135	281
435	243	110	286
431	242	125	290
427	249	134	290
425	238	147	298
440	241	130	287
457	232	114	299
450	234	122	303
446	235	127	293
457	248	113	285
460	234	112	297
457	233	116	293
457	253	122	272
461	234	118	277
461	238	116	280
439	245	136	275
451	240	123	271
449	253	122	261
431	251	135	259
416	243	140	252
418	261	131	258
429	247	95	249
420	260	103	255
416	253	101	249
402	263	120	240
393	244	121	243
377	257	139	246
368	250	145	245
371	255	126	243
368	249	124	240
365	258	125	245
364	258	120	235
365	262	122	231
370	257	117	235
367	255	120	234
370	264	120	228
