0.566442
0.017989
0.017544
0.017020
0.017353
0.026894
0.021981
0.016929
0.016704
0.026428
0.016734
0.016798
0.016854
0.017525
0.017032
0.018869
0.018955
0.018685
0.018499
0.018543
0.021036
0.018844
0.018959
0.018979
0.018804
0.018682
0.018881
0.018938
0.018895
0.018719
0.018734
0.018689
0.018632
0.018802
0.018815
0.018729
0.021677
0.018701
0.018752
0.018909
0.023825
0.028338
0.018857
0.019150
0.018898
0.018879
0.018848
0.018869
0.018807
0.018929
0.019207
0.019022
0.020493
0.018967
0.019124
0.019179
0.028484
0.020027
0.019405
0.019357
0.024225
0.028773
0.019272
0.019327
0.019376
0.019456
0.019511
0.019471
0.019499
0.019579
0.021726
0.019928
0.019904
0.019935
0.020141
0.020040
0.020020
0.020095
0.020127
0.020190
0.025111
0.020339
0.019675
0.020377
0.020400
0.020483
0.020483
0.020331
0.030013
0.020433
0.020603
0.020694
0.020694
0.020646
0.020604
0.020731
0.020755
0.020911
0.020876
0.020890
0.025906
0.021017
0.020965
0.020904
0.030070
0.020785
0.021011
0.020987
0.020944
0.020957
0.030443
0.021262
0.021203
0.021154
0.030816
0.021433
0.021427
0.021394
0.021312
0.021394
0.026382
0.021542
0.021488
0.021503
0.021733
0.021753
0.021718
0.021637
0.021638
0.021731
0.021715
0.021531
0.021441
0.021748
0.021984
0.021940
0.022010
0.022123
0.022235
0.022057
0.036410
0.022018
0.022108
0.022306
0.022254
0.022252
0.022302
0.022205
0.027566
0.022357
0.025490
0.022459
0.022588
0.024514
0.022594
0.022640
0.022713
0.022745
0.032164
0.023141
0.027778
0.022966
0.023088
0.022989
0.023302
0.023107
0.023192
0.023187
0.023451
0.023352
0.023301
0.023526
0.023458
0.023498
0.023416
0.023630
0.023705
0.022311
0.023777
0.023761
0.028613
0.023849
0.023789
0.023772
0.023825
0.023881
0.023862
0.023896
0.023887
0.024073
0.024081
0.024068
0.024222
0.022784
0.024883
0.024556
0.024352
0.024433
0.024606
0.024483
0.029083
0.024170
0.024491
0.024688
0.024722
0.034147
0.024959
0.024788
0.024516
0.024615
0.024874
0.024915
0.024803
0.024885
0.026032
0.025394
0.025382
0.025300
0.024943
0.024978
0.030450
0.025718
0.025703
0.034648
0.025937
0.026146
0.026348
0.025927
0.025708
0.025931
0.026143
0.025814
0.026105
0.026154
0.028696
0.026191
0.030118
0.026775
0.026852
0.026390
0.031216
0.026476
0.026559
0.026200
0.026773
0.024974
0.026513
0.026913
0.024132
0.027111
0.026633
