0.565905
0.015558
0.016109
0.015984
0.015931
0.015798
0.016937
0.017153
0.017026
0.026511
0.017030
0.017041
0.017174
0.017270
0.026536
0.017377
0.017247
0.026969
0.017476
0.017582
0.019861
0.017625
0.017450
0.017473
0.017562
0.017683
0.017690
0.017766
0.017703
0.021447
0.016889
0.017822
0.017913
0.017844
0.017921
0.016962
0.018101
0.018043
0.018167
0.018317
0.032951
0.018524
0.018442
0.018504
0.018597
0.018761
0.018680
0.019233
0.018915
0.018920
0.019047
0.018989
0.019017
0.019013
0.019035
0.019144
0.028756
0.019305
0.019110
0.019171
0.023992
0.019158
0.019182
0.028821
0.019060
0.028668
0.019260
0.019404
0.019562
0.019528
0.019624
0.019696
0.019681
0.020015
0.028802
0.019694
0.028030
0.019935
0.019848
0.020031
0.024990
0.019908
0.019932
0.019977
0.020082
0.019947
0.020066
0.020139
0.020124
0.020221
0.020290
0.020324
0.029932
0.020483
0.020442
0.020494
0.020534
0.020814
0.020808
0.020943
0.026098
