0.553532
0.016483
0.015063
0.016184
0.016090
0.016101
0.016289
0.016111
0.016157
0.017108
0.016032
0.016365
0.016296
0.016436
0.016462
0.016490
0.016468
0.016378
0.017501
0.017499
0.018524
0.016660
0.017564
0.016313
0.016343
0.017929
0.016622
0.016646
0.016737
0.016680
0.016590
0.017776
0.017960
0.016995
0.016921
0.018100
0.017017
0.018125
0.018168
0.018232
0.022031
0.017147
0.017164
0.017276
0.018587
0.018403
0.017371
0.017366
0.017404
0.017457
0.018570
0.017504
0.018988
0.017459
0.017606
0.018876
0.017622
0.017787
0.017698
0.018944
0.023744
0.017834
0.019105
0.017793
0.019203
0.017970
0.017949
0.017948
0.018037
0.019240
0.018344
0.018341
0.018354
0.018425
0.018303
0.018646
0.019898
0.018648
0.018714
0.019742
0.023492
0.018545
0.018708
0.018779
0.018841
0.018884
0.020145
0.020082
0.018951
0.019025
0.018957
0.020384
0.020226
0.019125
0.019089
0.019137
0.020539
0.019066
0.019343
0.019158
