0.573000
0.019799
0.019087
0.019174
0.019121
0.019056
0.020143
0.020147
0.018843
0.020342
0.020193
0.020303
0.020340
0.020455
0.020581
0.020577
0.020714
0.020734
0.020619
0.020512
0.022698
0.020690
0.020623
0.020694
0.020623
0.020926
0.020705
0.020982
0.020769
0.020883
0.020953
0.021196
0.021225
0.021520
0.019655
0.019946
0.021664
0.021523
0.021874
0.020503
0.025178
0.020350
0.020462
0.021988
0.020509
0.021995
0.020501
0.022169
0.020573
0.021971
0.022277
0.022282
0.020624
0.022446
0.020773
0.022163
0.022524
0.022601
0.022640
0.018687
0.024962
0.020163
0.020150
0.020004
0.023102
0.022986
0.018856
0.020334
0.018890
0.020318
0.020394
0.020404
0.020746
0.020516
0.020771
0.019267
0.021144
0.021297
0.021075
0.021221
0.026231
0.021343
0.019958
0.021326
0.021373
0.020504
0.019890
0.020497
0.019359
0.020798
