0.585581
0.016203
0.015428
0.015418
0.015296
0.016349
0.016529
0.016495
0.017812
0.016616
0.016517
0.016518
0.017828
0.016691
0.016541
0.016703
0.016636
0.016780
0.017909
0.016895
0.020326
0.017000
0.017073
0.016911
0.016803
0.016909
0.016971
0.016959
0.017025
0.018402
0.017188
0.017270
0.017089
0.017150
0.017157
0.017417
0.017538
0.017338
0.017451
0.017489
0.023473
0.017500
0.018655
0.017493
0.017556
0.017668
0.017600
0.017604
0.017637
0.017655
0.018871
0.017662
0.017694
0.018975
0.019044
0.019096
0.017840
0.018160
0.019202
0.017943
0.023031
0.019631
0.018274
0.018202
0.018565
0.018492
0.018361
0.019847
0.019836
0.018510
0.019708
0.018422
0.018662
0.018468
0.018858
0.018595
0.018765
0.020236
0.021707
0.018857
0.023598
0.019173
0.018860
0.018870
0.020289
0.018953
0.019394
0.020179
0.019421
0.019500
0.020878
0.019580
0.019514
0.019536
0.020641
0.021212
0.019721
0.019702
0.021255
0.019939
0.026287
