0.566581
0.017436
0.016190
0.017152
0.017355
0.016042
0.018287
0.018230
0.017414
0.018393
0.018635
0.018548
0.017614
0.018887
0.018658
0.018701
0.018708
0.018691
0.018800
0.018812
0.021194
0.018836
0.018862
0.019055
0.019070
0.019039
0.019123
0.019140
0.019246
0.019514
0.019582
0.018367
0.019419
0.020265
0.020115
0.020084
0.020015
0.020329
0.020004
0.020105
0.025050
0.021073
0.021222
0.021249
0.021267
0.021299
0.021291
0.021352
0.021199
0.021249
0.021271
0.021363
0.021475
0.021464
0.021550
0.021561
0.021755
0.021846
0.020787
0.020758
0.025866
0.020440
0.020830
0.020722
0.020696
0.020697
0.019478
0.020783
0.021236
0.019980
0.021584
0.020941
0.021658
0.021588
0.021558
0.021592
0.021712
0.021768
0.021772
0.021823
0.026265
0.021488
0.021358
0.021513
0.021558
0.020207
0.021590
0.021623
0.021466
0.022322
