0.562611
0.016092
0.016395
0.015320
0.015580
0.015479
0.016272
0.016299
0.016389
0.016268
0.016407
0.016447
0.017328
0.016310
0.016424
0.016423
0.016358
0.016436
0.016444
0.016630
0.018894
0.016715
0.016728
0.016812
0.016841
0.016593
0.016750
0.016774
0.016727
0.017867
0.016766
0.018135
0.018231
0.017079
0.018474
0.017067
0.018502
0.018422
0.018463
0.018374
0.022226
0.017251
0.017462
0.017461
0.018502
0.018535
0.017275
0.018636
0.017531
0.018647
0.018767
0.018731
0.017681
0.017676
0.018812
0.019062
0.019195
0.017830
0.017957
0.017926
0.022826
0.018070
0.019443
0.017922
0.018080
0.019375
0.019608
0.018265
0.018213
0.018162
0.019693
0.018361
0.019724
0.018265
0.019599
0.018316
0.019767
0.018361
0.019696
0.018454
0.024677
0.018460
0.018682
0.019879
0.018693
0.018650
0.020009
0.018644
0.018687
0.020200
