0.569711
0.016009
0.016706
0.016373
0.016222
0.017205
0.017357
0.018460
0.018518
0.018470
0.018556
0.018101
0.017515
0.017970
0.018030
0.018984
0.017726
0.018761
0.017781
0.018915
0.020137
0.019516
0.017865
0.018441
0.018224
0.017992
0.019139
0.018209
0.018232
0.019205
0.018157
0.019399
0.019528
0.018139
0.018130
0.019725
0.018421
0.019771
0.018489
0.020076
0.024870
0.017940
0.019035
0.017874
0.017898
0.019012
0.019201
0.017930
0.018027
0.018750
0.020201
0.020355
0.020277
0.018089
0.018824
0.020333
0.020171
0.020244
0.019048
0.018904
0.025363
0.020478
0.019170
0.020714
0.020677
0.020571
0.018458
0.020082
0.018687
0.019951
0.019868
0.020049
0.019575
0.020971
0.021138
0.020278
0.018957
0.021122
0.021085
0.020265
0.026031
0.021045
0.021389
0.021240
0.019886
0.020636
0.019874
0.020541
0.020090
0.019235
0.019314
0.021697
0.019535
0.020756
0.020205
0.021947
0.021754
0.021785
0.021668
0.021852
0.026852
0.022070
0.021263
0.021315
0.019938
0.021298
0.021304
0.020045
0.021333
0.021354
0.019994
0.020008
0.020176
0.020190
0.020283
0.020162
0.020277
0.020229
0.020213
0.020226
0.025307
0.021059
0.020432
0.020630
0.021999
0.020443
0.022116
0.020701
0.022127
0.020753
0.020707
0.020718
0.020642
0.020838
0.020856
0.020828
0.020805
0.021139
0.021125
0.022661
0.026100
0.021219
0.021140
0.022485
0.021101
0.021130
0.021123
0.021082
0.021308
0.021314
0.022621
0.022690
0.021961
0.023578
0.022164
0.023642
0.022147
0.023527
0.023598
0.023582
0.029664
0.022462
0.021715
0.021768
0.021526
0.024062
0.023191
0.021871
0.023204
0.021991
0.023639
0.021843
0.024352
0.022595
0.021907
0.022044
0.022910
0.024453
0.024327
0.024563
0.029454
0.024579
0.024520
0.024651
0.023110
0.024393
0.024561
0.024754
0.023881
0.022587
0.024954
0.025086
0.024963
0.022729
0.023454
0.023680
0.024273
0.024935
0.022693
0.024677
0.027904
0.023653
0.025512
0.025403
0.023176
0.023190
0.024735
0.023769
0.025443
0.024757
0.023157
0.023260
0.023379
0.023188
0.024863
0.023402
0.023518
0.023500
0.054779
0.023849
0.030333
0.023612
0.023798
0.023588
0.023737
0.023807
0.025265
0.025495
0.023733
0.023869
0.025293
0.023655
0.024516
0.026262
0.024039
0.025648
0.023983
0.026282
0.026481
0.026633
0.029307
0.024376
0.025809
0.024376
0.025695
0.024222
0.024520
0.024507
0.025973
0.024592
0.024639
0.024397
0.026059
0.026059
0.024656
0.024719
0.024638
0.024733
0.024873
0.025563
0.029744
0.024826
0.027010
0.027310
0.026423
0.026374
0.025796
0.027775
0.025770
0.025849
0.025938
0.025987
0.027581
0.025971
0.027495
0.027350
0.027416
0.027224
0.027553
0.027928
0.031072
0.027752
0.027709
0.027884
0.026391
0.026558
0.027897
0.027865
0.027995
0.027957
0.028251
0.028031
0.026621
0.028064
0.026541
0.026752
0.028126
0.028108
0.028084
0.026747
0.033374
0.028398
0.026929
0.028225
0.028285
0.028460
0.028767
0.028650
0.027893
0.028833
0.027224
0.027241
0.028722
0.028942
0.028674
0.028794
0.027250
0.029067
0.029121
0.028956
0.033907
0.028439
0.027097
0.026850
0.026868
0.026959
0.028361
0.027064
0.028516
0.027115
0.026972
0.027850
0.027860
0.027572
0.027645
0.029280
0.029603
0.029289
0.029530
0.028960
0.032369
0.027463
0.027279
0.027467
0.029398
0.029730
0.029687
0.029832
0.030067
0.030063
0.028434
0.029926
0.030071
0.030064
0.028465
0.029173
0.028501
0.030005
0.030358
0.029479
0.032882
0.028690
0.029401
0.030419
0.030280
0.030328
0.030471
0.030478
0.029122
0.030538
0.030720
0.030635
0.029100
0.030579
0.030589
0.030666
0.030697
0.028941
0.029330
0.030703
0.035717
0.030826
0.030868
0.031509
0.029566
0.031061
0.031105
0.031079
0.030877
0.031564
0.029654
0.030380
0.029552
0.031194
0.031303
0.031405
0.031478
0.031549
0.029832
0.031315
0.034828
0.031882
0.030120
0.031533
0.031586
0.031436
0.031662
0.031609
0.031650
0.031796
0.031866
0.031851
0.030121
0.031972
0.030328
0.031755
0.031836
0.031931
0.032176
0.032035
0.035397
0.030663
0.032202
0.032531
0.032553
0.030082
0.031667
0.030108
0.030116
0.030211
0.032684
0.032592
0.033195
0.031929
0.032967
0.032129
0.032045
0.030499
0.032213
0.032241
0.035643
0.030518
0.032182
0.030573
0.030728
0.030758
0.030813
0.030656
0.030838
0.032177
0.030484
0.030617
0.030468
0.033296
0.030830
0.030759
0.031031
0.030965
0.030869
0.031068
0.037555
0.031269
0.031256
0.033053
0.031300
0.033107
0.031071
0.031138
0.031224
0.033267
0.033482
0.033447
0.031529
0.033219
0.033077
0.031450
0.031497
0.032978
0.033089
0.032158
0.036955
0.033525
0.033717
0.031544
0.033035
0.031831
0.033366
0.031919
0.032186
0.031885
0.031716
0.032068
0.031793
0.031935
0.032027
0.033523
0.032040
0.034029
0.032552
0.033672
0.038912
0.034077
0.032479
0.034014
0.034310
0.034159
0.032506
0.032674
0.032475
0.034239
0.034345
0.034916
0.032923
0.032952
0.032837
0.032885
0.033505
0.034484
0.033082
0.033001
0.037852
0.034649
0.034920
0.032950
0.033210
0.034939
0.033413
0.035352
0.035218
0.034860
0.035139
0.033520
0.035482
0.035119
0.033433
0.035655
0.034912
0.033485
0.033166
0.035095
0.038375
0.033520
0.033511
0.033509
0.033410
0.035462
0.035367
0.033355
0.036067
0.034134
0.034240
0.035590
0.034122
0.036122
0.035635
0.034449
0.035965
0.036036
0.034308
0.034659
0.039238
0.036220
0.034405
0.036295
0.034624
0.036515
0.036244
0.036587
0.034604
0.036566
0.036027
0.034472
0.034251
0.036011
0.034574
0.034685
0.034542
0.036628
0.034351
0.036240
0.041499
0.036809
0.036291
0.036405
0.035221
0.037021
0.034955
0.035186
0.034847
0.034924
0.035053
0.034830
0.037062
0.035004
0.034899
0.035179
0.036784
0.034931
0.037418
0.035190
0.042145
0.035242
0.035335
0.035045
0.035224
0.036979
0.035327
0.035429
0.035275
0.037618
0.036310
0.036018
0.065283
0.037521
0.035941
0.037313
0.037256
0.037381
0.035870
0.038046
0.041126
0.036074
0.036098
0.037623
0.035900
0.036056
0.037952
0.038170
0.036262
0.037598
0.038089
0.038022
0.036345
0.038448
0.036693
0.037375
0.036274
0.036412
0.038728
0.037099
0.043166
0.036533
0.036567
0.036462
0.036987
0.036506
0.038122
0.038463
0.036758
0.038470
0.037149
0.037287
0.037280
0.039144
0.037453
0.038949
0.037473
0.039175
0.037179
0.039456
0.043890
0.039254
0.039215
0.037495
0.039036
0.037918
0.037570
0.037753
0.039743
0.039352
0.039479
0.037699
0.037527
0.039400
0.037476
0.039544
0.039186
0.037482
0.037884
0.037857
0.044787
0.038000
0.040002
0.037997
0.037819
0.039726
0.038084
0.039843
0.038190
0.039787
0.039716
0.038029
0.040181
0.038584
0.040096
0.038108
0.038546
0.040022
0.040029
0.039859
0.043223
0.040092
0.040338
0.038627
0.038970
0.038936
0.040366
0.038672
0.038974
0.038588
0.039017
0.039028
0.041122
0.040742
0.041134
0.040941
0.038870
0.038988
0.041210
0.039117
0.045729
0.039188
0.040975
0.039301
0.039065
0.041202
0.039113
0.039199
0.039200
0.041862
0.039261
0.041348
0.041442
0.041355
0.039345
0.039554
0.039605
0.041402
0.039722
0.039496
0.046837
