603	281	160	287
624	292	136	282
645	301	107	262
641	289	108	271
652	291	99	271
653	288	94	280
662	292	85	273
658	293	91	273
655	290	90	275
649	290	100	279
629	281	123	286
645	280	111	286
637	281	120	295
634	287	126	284
640	289	104	286
630	295	110	279
633	285	98	287
630	281	105	291
632	278	106	295
634	282	99	297
632	285	105	292
635	283	101	293
623	278	122	302
632	292	118	281
640	291	110	279
647	296	99	270
640	287	110	267
642	293	97	269
650	292	90	271
648	294	93	269
651	290	90	268
652	288	87	278
651	289	85	271
644	293	91	264
637	287	108	273
632	290	113	269
634	289	104	269
627	288	109	281
625	288	109	268
620	287	109	277
612	284	119	270
601	290	129	271
579	290	155	269
570	297	161	258
596	296	128	257
577	297	151	259
592	300	134	244
593	305	141	230
613	304	115	247
611	290	120	258
611	301	121	254
615	305	119	245
617	282	121	269
630	290	112	265
638	284	109	271
645	291	104	248
648	290	105	258
647	288	110	253
646	291	106	250
641	291	106	244
637	293	108	263
636	289	105	275
623	303	122	253
626	304	112	254
623	290	109	256
613	293	119	267
604	279	128	281
589	289	142	275
589	298	150	267
580	305	159	253
586	300	153	253
606	306	128	243
617	307	121	244
616	297	124	251
604	298	135	244
599	303	142	245
624	295	118	248
636	292	108	246
623	288	130	271
644	296	110	247
652	290	104	234
642	296	118	248
645	287	115	250
644	292	112	277
645	281	114	278
657	292	106	251
648	290	119	278
648	283	113	279
648	279	117	277
643	298	121	266
644	307	120	255
640	289	131	271
649	299	125	265
659	298	120	255
669	286	106	274
676	285	105	271
691	294	89	253
694	291	93	242
707	293	81	264
709	290	96	270
701	285	111	263
704	287	121	261
707	297	125	256
692	292	158	264
699	300	164	269
713	285	155	283
725	287	146	261
730	290	148	267
729	295	160	274
733	297	150	265
733	294	150	272
723	287	151	275
724	284	136	270
719	290	137	268
712	293	141	270
714	287	130	286
713	290	114	289
707	277	109	293
693	292	112	284
684	284	115	286
693	294	104	276
688	286	116	291
700	277	114	300
683	277	144	275
697	278	126	301
703	266	121	311
686	281	139	301
685	281	160	306
682	278	157	302
690	277	142	306
700	287	137	303
714	280	124	311
703	283	146	308
695	277	149	316
691	289	141	303
697	272	140	318
683	280	165	312
691	279	153	308
687	281	155	312
691	288	153	294
706	289	139	290
708	283	135	294
710	297	134	283
711	306	133	273
711	304	134	270
712	291	121	287
710	293	118	277
711	289	120	276
712	291	124	268
711	293	122	272
710	288	119	279
713	295	109	262
711	296	111	249
711	301	110	249
707	299	106	254
712	290	98	258
709	294	98	246
714	292	91	263
712	289	95	256
712	290	100	256
714	289	103	253
698	294	126	266
685	297	144	268
684	290	139	262
701	289	114	275
693	282	123	283
704	281	119	281
695	284	129	280
702	282	125	282
693	282	137	285
684	283	130	284
695	283	116	274
705	280	100	265
685	281	118	285
678	285	122	278
667	283	114	277
667	287	99	266
667	287	96	271
667	282	93	273
671	280	91	272
680	286	89	270
687	288	83	261
687	290	94	260
695	288	92	265
707	287	91	267
713	286	101	265
710	293	122	258
713	291	131	253
726	298	126	268
724	291	125	251
726	294	118	266
731	287	109	268
723	284	117	276
722	282	115	275
722	286	113	276
714	283	115	275
710	277	110	259
704	282	121	277
686	275	136	293
685	278	116	289
676	281	107	275
665	284	109	268
658	277	111	276
641	277	133	272
653	278	123	274
650	283	127	266
661	279	110	277
673	284	105	273
680	276	123	281
685	281	127	278
698	281	115	286
698	277	124	285
714	282	116	277
720	295	131	271
717	284	159	282
734	278	150	279
739	282	160	279
746	283	154	278
745	280	152	286
744	276	146	287
746	278	140	264
746	288	140	272
730	285	155	283
723	278	145	289
709	276	133	290
697	284	130	281
688	280	138	274
680	278	142	289
670	276	132	290
654	281	126	272
650	283	115	278
646	283	105	271
641	274	103	262
622	279	123	274
614	278	124	272
603	278	126	283
594	274	106	281
573	286	109	273
559	288	116	271
523	285	145	285
494	284	164	293
489	280	150	283
475	295	141	280
472	292	121	275
470	285	113	286
449	279	124	293
439	280	124	293
426	288	132	291
407	284	135	289
394	281	137	284
393	278	125	296
378	294	142	288
381	285	137	290
387	285	120	294
384	291	114	294
373	275	126	297
369	302	113	283
361	284	115	285
352	285	107	290
337	291	122	293
326	288	125	288
334	293	102	286
322	287	107	286
311	283	111	287
304	291	115	277
303	283	104	286
302	286	103	287
312	280	95	291
317	283	92	292
319	283	98	290
328	289	94	291
344	287	80	286
348	295	88	282
340	292	98	281
348	287	86	290
344	290	92	289
351	287	89	287
345	289	95	281
351	288	96	291
347	288	97	283
351	278	95	291
355	283	91	299
353	285	94	299
347	287	95	299
346	287	101	294
351	286	93	286
350	288	87	283
345	288	95	280
342	288	96	279
329	292	112	273
341	297	95	267
350	290	89	273
364	292	79	274
366	290	91	265
364	288	101	278
377	292	93	283
389	302	87	264
400	296	86	263
398	293	102	258
395	295	106	258
401	293	96	260
405	298	90	260
412	301	87	258
419	296	82	264
411	297	93	263
395	298	114	257
402	287	114	271
392	292	138	264
418	295	117	258
432	295	98	269
439	298	87	271
442	301	84	270
440	300	86	268
446	310	91	261
457	301	88	265
456	288	92	275
460	288	96	274
464	291	102	277
471	286	100	278
481	289	106	272
490	300	127	255
482	298	162	257
496	297	144	262
500	292	151	258
501	292	145	260
496	290	156	261
491	301	149	253
478	294	168	255
475	302	150	253
474	309	128	254
475	307	109	249
473	300	95	260
472	309	90	254
459	303	82	263
448	298	80	266
428	299	93	264
423	304	89	266
406	295	112	277
391	283	124	289
383	275	133	296
355	284	116	290
344	290	116	276
331	299	130	266
337	299	92	254
331	316	86	250
322	301	82	252
304	301	98	260
287	297	116	269
282	301	111	267
285	301	107	262
293	300	98	256
301	306	91	250
299	301	101	257
301	298	113	266
308	300	120	271
338	292	96	264
351	300	96	266
350	295	114	268
356	292	125	265
371	288	117	274
377	294	109	263
370	306	124	266
361	292	116	258
368	291	98	265
363	295	103	275
359	285	102	278
356	297	97	275
348	292	95	274
343	313	92	264
333	302	95	264
318	298	102	276
315	289	99	282
308	295	96	266
306	301	96	264
307	296	88	265
299	301	101	271
305	303	94	255
313	300	97	264
314	296	102	262
321	307	95	250
317	310	114	245
320	307	109	248
327	304	114	250
327	313	120	247
338	307	114	252
350	297	102	264
345	299	105	268
350	295	94	268
348	290	102	281
345	288	100	274
339	292	117	286
341	295	102	274
342	302	96	267
337	291	100	277
337	288	102	277
331	285	110	278
331	289	113	273
330	296	113	269
335	296	104	269
346	292	98	275
340	293	107	281
348	286	100	282
344	297	110	283
356	288	92	277
364	300	89	271
359	296	105	265
366	305	99	256
374	299	97	258
381	305	94	249
377	310	100	247
377	304	96	247
377	293	90	252
367	302	101	252
361	285	106	269
361	294	103	268
358	299	103	259
357	298	102	264
353	292	104	280
342	287	106	281
340	294	102	280
339	291	103	279
337	298	99	267
331	294	104	282
330	284	103	290
309	286	124	297
310	278	122	294
309	284	124	301
305	277	112	304
308	297	103	311
305	284	99	303
314	285	90	314
309	277	95	325
296	281	105	319
297	278	96	321
288	265	107	334
287	268	117	340
288	263	116	343
262	261	150	348
248	251	153	354
243	262	147	344
238	267	149	346
257	288	124	325
244	279	130	333
235	287	134	340
225	276	145	329
229	286	133	342
218	269	150	339
213	266	144	366
205	251	161	371
204	247	152	373
187	251	167	380
189	261	153	366
189	259	147	377
170	242	169	393
180	251	150	401
172	260	159	386
175	257	155	391
183	251	160	403
183	239	160	397
195	239	153	390
196	242	163	401
190	233	173	390
215	249	175	388
236	251	140	370
241	244	146	377
239	242	162	374
231	242	178	381
241	257	174	358
259	245	138	374
258	252	133	373
254	259	139	368
247	249	159	372
243	240	173	375
245	255	171	372
246	240	170	377
223	254	195	370
238	249	154	372
225	259	158	377
218	248	145	378
213	250	132	382
203	252	135	382
195	249	141	379
171	247	165	385
180	252	158	378
174	243	154	385
165	245	172	376
163	254	159	365
167	252	153	356
164	256	157	360
157	248	157	361
140	259	169	370
139	270	169	356
135	269	167	352
145	269	167	351
154	266	183	349
170	257	169	353
180	268	161	345
202	259	148	343
213	256	158	353
235	270	141	334
265	280	119	327
281	268	116	333
290	264	126	346
284	265	147	343
286	275	153	335
301	270	121	342
289	267	142	323
292	258	124	334
285	260	138	342
283	269	131	339
288	257	133	339
288	267	127	321
299	277	118	314
302	274	120	306
307	273	104	322
309	275	100	314
299	284	104	317
293	279	125	307
298	280	119	308
290	277	118	310
289	270	113	326
282	276	118	329
271	274	130	325
272	276	123	319
260	274	133	331
255	279	126	327
250	268	138	347
234	280	149	343
246	284	128	329
248	284	127	321
231	284	141	331
218	262	155	339
209	272	150	360
213	279	135	339
193	258	150	363
173	252	168	381
167	256	184	371
176	264	160	382
168	240	157	393
154	258	173	382
160	244	164	388
145	247	173	399
144	252	185	383
151	240	183	391
152	250	180	392
148	242	202	388
176	258	159	381
191	263	141	371
198	244	141	365
200	250	130	372
203	247	137	365
200	264	145	364
197	253	153	349
201	267	171	338
220	272	148	363
233	251	138	366
235	247	147	371
250	249	145	373
270	255	136	365
278	244	137	376
293	252	130	376
282	240	139	383
284	247	131	394
292	245	113	388
276	250	125	387
271	240	118	389
245	243	135	389
246	247	121	398
218	248	137	387
191	255	151	394
169	238	165	405
152	245	175	384
158	260	159	392
170	249	146	384
176	248	146	391
173	241	159	387
197	244	133	380
184	241	156	379
207	243	153	385
234	247	121	377
239	250	138	379
230	246	167	370
252	250	164	386
283	250	143	378
305	247	145	372
312	243	154	378
301	236	198	384
292	245	233	375
297	234	227	363
292	235	226	388
305	240	232	373
298	241	217	382
278	239	236	382
266	244	253	375
248	243	224	380
239	243	146	393
202	253	162	371
198	244	139	371
171	267	161	359
160	266	167	353
146	267	171	342
151	262	169	369
152	258	165	358
153	256	162	355
156	258	169	358
160	261	167	361
168	255	167	361
195	253	153	377
229	247	142	366
242	255	143	371
242	242	174	383
271	243	161	385
294	247	159	382
308	246	190	380
339	252	164	390
341	244	160	379
350	251	171	385
349	258	197	376
363	247	188	385
374	239	189	382
396	240	189	367
396	235	211	377
395	253	278	372
440	236	233	384
478	241	222	385
506	232	202	368
523	241	202	363
542	251	186	371
573	248	163	362
576	262	171	355
589	234	189	379
622	235	159	375
655	250	133	365
664	242	147	362
671	248	156	359
673	250	172	360
686	261	169	360
710	265	147	348
711	258	155	350
712	262	163	369
718	241	170	373
721	239	171	371
742	235	166	372
777	247	140	363
765	244	166	365
788	241	165	368
795	240	186	381
819	233	183	395
832	235	170	401
839	236	165	392
855	242	133	377
845	230	140	374
852	233	131	389
837	235	142	383
829	233	145	390
829	239	138	375
829	237	128	372
835	238	119	377
824	243	134	369
837	237	114	369
818	242	129	362
811	236	136	373
805	242	143	359
803	229	153	371
808	233	146	370
815	241	135	363
821	233	127	374
814	241	146	364
825	247	127	375
839	240	124	373
837	233	148	389
831	220	165	389
849	236	160	404
840	221	169	415
841	223	153	412
820	220	169	405
839	224	154	406
815	216	173	417
818	220	154	421
781	213	199	419
808	222	148	416
780	225	178	423
759	227	205	411
796	224	165	410
790	229	164	412
773	217	174	414
763	223	166	412
750	225	172	407
741	218	183	402
741	217	166	408
727	224	169	413
737	234	138	393
726	229	140	393
723	237	140	403
720	226	147	382
719	245	143	385
706	235	152	374
697	245	154	373
691	237	149	388
668	226	168	389
663	240	181	386
647	241	181	382
644	241	151	384
633	245	132	375
614	240	143	380
595	234	159	385
591	244	165	384
593	238	144	382
593	240	148	394
599	234	144	381
619	246	135	375
635	238	139	386
642	229	152	395
639	242	173	387
663	233	162	381
681	246	155	386
692	239	160	391
716	242	145	380
731	227	148	397
738	242	171	387
755	234	164	383
778	234	157	381
797	239	162	384
823	230	179	394
835	228	185	398
846	235	199	402
869	219	185	392
906	222	144	412
921	220	131	404
925	225	161	414
924	221	187	413
951	229	161	385
940	228	177	386
948	237	167	387
947	230	156	398
929	222	181	409
908	230	182	388
877	221	196	415
876	223	170	405
854	225	160	402
850	231	155	397
