0.569242
0.017606
0.015794
0.015492
0.016768
0.015458
0.016601
0.016603
0.016555
0.017249
0.017812
0.016819
0.016993
0.017990
0.016882
0.017956
0.017917
0.018073
0.018117
0.016878
0.019204
0.018661
0.018558
0.017223
0.016991
0.017168
0.017126
0.017265
0.017324
0.018589
0.017502
0.018757
0.017604
0.018678
0.017380
0.018915
0.017635
0.017483
0.017571
0.018826
0.022726
0.017833
0.017784
0.018992
0.018856
0.018779
0.019083
0.019121
0.019355
0.018973
0.018107
0.019280
0.021080
0.019499
0.017900
0.019221
0.018183
0.019625
0.017965
0.019506
0.021110
0.019621
0.019650
0.022416
0.019908
0.019671
0.018635
0.019828
0.019709
0.018682
0.018655
0.019701
0.018785
0.020102
0.018393
0.020162
0.018787
0.020047
0.020128
0.023108
0.023851
0.020411
0.018845
0.018921
0.020306
0.020860
0.019281
0.020748
0.022338
0.023694
0.019023
