0.554729
0.015558
0.015081
0.014994
0.015057
0.015037
0.017235
0.017013
0.016258
0.016156
0.016396
0.016372
0.016426
0.016386
0.016433
0.016422
0.017670
0.016512
0.016536
0.016509
0.018975
0.016488
0.017768
0.016636
0.016695
0.016734
0.016743
0.016652
0.017879
0.016784
0.016845
0.016847
0.018124
0.018145
0.016838
0.016869
0.017106
0.017086
0.017195
0.017291
0.023633
0.018672
0.018581
0.017267
0.018385
0.017219
0.017509
0.018719
0.018686
0.018815
0.018775
0.018646
0.017702
0.018832
0.017621
0.017626
0.017739
0.017679
0.017710
0.017818
0.022682
0.017771
0.017741
0.017797
0.017978
0.017925
0.019298
0.018091
0.018047
0.018036
0.018060
0.018155
0.018186
0.018207
0.019547
0.018273
0.018341
0.019859
0.018342
0.018263
0.023219
0.018519
0.018562
0.019738
0.019975
0.018465
0.018705
0.018756
0.018604
0.018714
0.018639
0.018774
0.020283
0.018787
0.019029
0.020291
0.018844
0.018924
0.018980
0.019071
