0.595237
0.017758
0.018282
0.018309
0.017055
0.018215
0.018091
0.019411
0.019432
0.018277
0.019284
0.019243
0.019479
0.019607
0.019660
0.019590
0.019799
0.018681
0.019599
0.018673
0.022100
0.019788
0.019733
0.018646
0.019025
0.018763
0.019727
0.020144
0.020095
0.020069
0.018769
0.019991
0.018941
0.019146
0.019261
0.020449
0.020680
0.020806
0.019639
0.019692
0.024574
0.020891
0.022581
0.021128
0.019934
0.019911
0.021034
0.019788
0.021046
0.019769
0.019828
0.020100
0.020091
0.021562
0.020080
0.020120
0.023074
0.021602
0.020173
0.020221
0.025125
0.020268
0.021689
0.020264
0.020295
0.021514
0.021587
0.020298
0.020146
0.021610
0.020486
0.022003
0.022230
0.020649
0.022200
0.020933
0.022106
0.022205
0.020617
0.020550
0.026731
