188	227	404	360
177	242	425	354
171	230	443	370
176	220	397	391
176	235	417	378
175	242	406	374
176	249	374	358
174	243	366	363
173	250	338	351
170	258	303	354
181	271	271	332
191	259	237	351
178	265	254	345
181	257	230	350
192	256	210	357
189	263	219	350
190	265	193	354
183	260	185	367
180	257	186	371
171	260	204	371
172	259	212	376
169	259	207	372
172	258	198	371
172	268	189	375
174	272	185	364
171	280	194	367
173	278	230	368
165	285	251	372
160	280	266	374
160	282	257	371
153	290	241	357
152	260	261	403
154	285	238	364
177	306	217	350
148	308	249	349
178	283	213	351
207	290	189	344
227	308	189	335
211	319	230	291
224	294	209	288
240	299	185	278
261	277	159	300
278	273	148	317
289	281	216	368
301	294	235	361
312	292	209	369
307	288	204	377
318	286	187	390
317	292	186	361
324	292	175	353
335	292	163	358
341	301	154	348
336	283	153	354
326	287	159	349
321	297	163	348
317	299	153	317
313	279	156	336
305	286	168	323
299	302	176	318
289	316	171	288
296	308	157	289
294	300	164	308
288	260	185	339
294	261	167	340
293	282	167	325
300	302	160	307
310	297	153	300
305	265	178	336
313	254	159	346
310	284	152	319
307	298	160	310
305	326	139	280
300	319	144	281
302	336	152	277
299	347	144	274
294	350	141	275
296	332	128	282
299	337	123	284
300	357	124	249
287	339	141	250
