407	77	132	358
402	71	127	379
412	79	129	398
409	80	112	375
390	93	117	376
385	91	117	377
363	99	144	349
374	72	143	357
394	48	135	409
399	53	133	401
391	37	145	397
377	39	136	404
399	38	117	407
402	53	120	391
416	45	113	392
413	62	121	386
412	83	112	336
404	103	105	330
390	116	112	336
391	119	96	315
404	122	81	312
407	107	98	326
420	131	99	320
421	119	95	298
414	97	95	308
427	103	85	298
433	102	88	307
436	113	98	312
453	96	103	291
461	75	96	293
477	100	95	308
493	125	85	285
501	121	80	284
491	107	90	300
479	129	89	285
459	120	83	278
440	123	91	292
437	144	74	284
442	151	70	276
435	138	83	282
437	154	83	288
434	167	90	271
425	165	91	269
422	169	94	279
420	168	96	252
423	159	86	258
429	150	86	272
435	165	82	268
433	153	73	254
424	142	70	257
413	139	74	266
407	132	83	259
411	129	74	260
417	127	73	282
411	128	78	268
404	115	76	263
394	123	81	274
382	110	79	266
375	102	83	264
378	89	70	273
377	90	85	267
377	90	93	261
377	80	94	251
377	82	81	257
382	74	80	248
395	77	77	260
401	76	76	268
408	95	74	256
406	117	77	253
403	123	88	248
410	137	84	241
415	119	84	255
419	94	85	277
424	75	105	301
439	78	98	311
441	59	112	339
436	46	118	384
425	56	141	403
421	36	141	417
403	53	142	410
398	82	140	402
377	88	149	386
374	63	136	405
370	72	134	397
399	103	119	392
408	107	122	375
426	102	114	370
431	71	122	377
448	74	115	376
462	88	122	381
484	77	114	384
507	80	112	392
520	102	119	372
529	136	129	351
548	196	126	310
565	218	116	291
529	153	120	313
538	107	128	364
538	151	134	337
514	167	116	319
488	118	107	342
468	111	110	358
455	163	106	334
447	75	117	353
462	2	116	372
480	33	107	364
488	45	111	364
503	59	105	373
506	40	115	358
504	-19	119	334
502	-6	126	354
500	52	123	341
509	85	106	304
502	67	94	302
468	73	93	322
458	78	91	301
447	85	98	307
448	100	88	321
447	75	79	300
451	58	92	294
471	46	100	304
494	69	93	310
510	67	100	293
527	90	101	301
522	106	90	301
510	129	79	300
479	126	97	286
464	119	96	300
457	131	104	304
465	119	86	277
457	111	96	292
465	111	88	279
472	108	85	271
464	111	92	293
457	135	89	283
446	136	98	268
439	118	92	274
428	140	90	292
428	173	90	283
428	173	99	273
428	176	104	288
446	174	89	263
437	168	88	269
431	178	89	275
432	178	95	264
425	125	88	266
410	113	87	273
412	131	97	277
429	153	80	275
446	120	84	264
465	130	82	270
475	124	78	266
470	115	78	262
464	120	73	275
461	120	85	257
462	84	91	264
463	98	85	275
447	114	89	282
433	131	84	272
418	123	76	267
401	133	84	276
403	139	82	271
417	120	89	278
417	112	106	315
433	88	107	332
458	66	99	363
473	44	109	407
481	54	113	401
470	85	109	398
454	105	113	374
444	80	124	387
445	65	125	385
461	75	144	398
494	104	128	389
480	132	143	357
495	115	143	362
502	126	131	351
508	115	119	361
509	106	99	339
503	124	118	352
499	138	118	327
499	103	114	327
492	71	126	335
483	66	124	341
481	58	104	339
443	35	125	332
461	27	108	364
477	78	94	346
451	71	117	335
