0.554644
0.015228
0.015111
0.015263
0.016094
0.015142
0.017232
0.016279
0.016073
0.017229
0.016295
0.016282
0.016396
0.016183
0.017441
0.017456
0.016241
0.017549
0.016361
0.017599
0.018683
0.017879
0.016473
0.017771
0.016678
0.016923
0.016737
0.017973
0.016731
0.016690
0.016826
0.016907
0.016959
0.017169
0.017013
0.018187
0.018400
0.017133
0.018517
0.017268
0.023496
0.017470
0.018467
0.017258
0.018510
0.017387
0.018646
0.017542
0.017542
0.017545
0.018808
0.017529
0.018671
0.017592
0.017570
0.017493
0.017570
0.017758
0.017866
0.017648
0.022743
0.017778
0.019195
0.017893
0.019067
0.018950
0.019286
0.017936
0.019302
0.018220
