0.566713
0.015507
0.016222
0.016203
0.016165
0.016032
0.016924
0.017203
0.017157
0.017164
0.017267
0.017354
0.017250
0.017487
0.017589
0.017520
0.017505
0.017534
0.017539
0.016402
0.019778
0.017495
0.017431
0.017478
0.017470
0.017650
0.017564
0.017664
0.017603
0.017801
0.017792
0.017946
0.017897
0.017971
0.018067
0.017934
0.018071
0.018163
0.018077
0.018271
0.023185
0.018133
0.018368
0.018324
0.018443
0.018423
0.018387
0.017202
0.018404
0.018593
0.018452
0.017408
0.018800
0.018652
0.018842
0.018736
0.018883
0.017572
0.018876
0.018986
0.024096
0.019145
0.019074
0.019112
0.019037
0.019099
0.019156
0.019216
0.019344
0.019410
0.019271
0.019286
0.019315
0.019430
0.019463
0.018127
0.019573
0.019493
0.019589
0.019676
0.024582
0.019715
0.018621
0.019731
0.019717
0.019709
0.018311
0.019855
0.019907
0.019937
0.019959
0.020147
0.020037
0.020244
0.020265
0.020286
0.020276
0.020274
0.020348
0.018917
0.025279
