0.561374
0.015561
0.015959
0.015839
0.015962
0.016107
0.017102
0.017253
0.017301
0.017358
0.017316
0.017611
0.017900
0.017794
0.017797
0.017532
0.017527
0.017806
0.017530
0.017836
0.028170
0.018213
0.018383
0.017925
0.017922
0.018025
0.017910
0.018458
0.018180
0.018358
0.018027
0.018126
0.017241
0.016107
0.017065
0.017003
0.017227
0.017078
0.017080
0.017081
0.021847
0.017298
0.019026
0.018821
0.019076
0.017450
0.017569
0.017612
0.017602
0.017542
0.017642
0.017778
0.017866
0.018017
0.018235
0.018072
0.018210
0.018294
0.018256
0.017963
0.022555
0.018631
0.018057
0.017945
0.018258
0.018086
0.018141
0.018205
0.018528
0.018197
0.018222
0.018215
0.018413
0.018501
0.018366
0.018391
0.018514
0.018762
0.018499
0.018449
0.023335
0.018657
0.018663
0.018732
0.018723
0.018983
0.018921
0.018832
0.019091
0.021557
0.019081
