0.554481
0.017510
0.015666
0.015863
0.015372
0.015904
0.016478
0.016476
0.016486
0.016713
0.016805
0.016580
0.016662
0.016585
0.016679
0.016698
0.016656
0.016656
0.016852
0.016951
0.019325
0.016961
0.019894
0.017084
0.017085
0.017260
0.017094
0.017040
0.017200
0.017236
0.017398
0.017249
0.017375
0.017440
0.017394
0.017681
0.017460
0.017819
0.017729
0.017538
0.022942
0.017555
0.017647
0.017732
0.017775
0.018003
0.018151
0.018103
0.018042
0.018179
0.017988
0.019107
0.018214
0.018328
0.018205
0.018206
0.018350
0.018133
0.018283
0.018266
0.023318
0.018402
0.018488
0.018145
0.018398
0.018238
0.018417
0.018259
0.018495
0.018540
0.018730
0.018622
0.018659
0.019027
0.018649
0.018649
0.018679
0.018917
0.018873
0.018888
0.023956
0.018832
0.018977
0.019109
0.019126
0.019114
0.019071
0.019145
0.019372
0.019334
