0.555571
0.015533
0.016022
0.015825
0.015995
0.018065
0.017067
0.017242
0.017323
0.017306
0.017249
0.017291
0.017215
0.017270
0.017227
0.026732
0.017348
0.026901
0.017443
0.017673
0.019738
0.017504
0.017626
0.027322
0.017730
0.018645
0.017980
0.018071
0.025935
0.018261
0.018314
0.018161
0.018330
0.018061
0.018157
0.018192
0.018466
0.018425
0.018439
0.022647
0.023456
0.018564
0.019076
0.018566
0.020074
0.028179
0.018735
0.018581
0.018650
0.018610
0.021477
0.018917
0.018566
0.018349
0.018420
0.018491
0.020698
0.025957
0.020268
0.020341
0.025311
0.020506
0.020624
0.021041
0.020883
0.020904
0.020933
0.019203
0.019044
0.019277
0.020167
0.020783
0.021005
0.020934
0.023170
0.021103
0.020920
0.020976
0.020945
0.021339
0.026385
0.019653
0.019574
0.019543
0.021587
0.021569
0.019950
0.021494
0.019908
0.019792
0.020512
0.019926
0.029463
0.020976
0.020080
0.020189
0.020304
0.020203
0.020200
0.020340
