0.523985
0.025129
0.024732
0.027672
0.027693
0.030629
0.032158
0.032280
0.031662
0.031927
0.034286
0.031433
0.031259
0.032043
0.039961
0.031112
0.032109
0.032133
0.031927
0.031321
0.031670
0.032760
0.031300
0.031874
0.031952
0.031369
0.031296
0.033278
0.030777
0.039575
0.030273
0.032016
0.031837
0.034933
0.034433
0.032149
0.031488
0.032737
0.032275
0.030967
0.030833
0.032648
0.030445
0.032619
0.032533
0.030899
0.031751
0.030066
0.031676
0.030905
0.031444
0.031140
0.031868
0.032713
0.032189
0.032942
0.033523
0.033064
0.030592
0.032344
0.031351
0.032319
0.031956
0.032448
0.032728
0.033143
0.034075
0.033640
0.033573
0.032670
0.033764
0.031899
0.032899
0.039614
0.033414
0.033303
0.033141
0.033893
0.032629
0.034133
0.033258
0.034258
0.033837
0.031970
0.031441
0.032233
0.032189
0.036635
0.033046
0.034445
0.033161
0.032109
0.032932
0.031453
0.033151
0.033246
0.033789
0.033972
0.033714
0.033332
0.032874
0.034942
0.037049
0.033970
0.033567
0.033309
0.034387
0.033924
0.034910
0.034864
0.034289
0.035088
0.033533
0.036309
0.033630
0.034307
0.034536
0.034823
0.036321
0.033834
0.033439
0.034127
0.034811
0.034977
0.035962
0.034551
0.034599
0.035576
0.037280
0.033931
0.042034
0.039200
0.034640
0.034603
0.038800
0.035841
0.036750
0.036603
0.037105
0.037516
0.037505
0.036583
0.035158
0.038354
0.036244
0.039226
0.036769
0.039102
0.037719
0.038139
0.037814
0.036935
0.038049
0.036455
0.036770
0.041919
0.038789
0.037160
0.036620
0.038326
0.043331
0.039069
0.037118
0.039619
0.038157
0.039681
0.039364
0.045101
0.037963
0.039450
0.039051
0.039801
0.039917
0.038823
0.039659
0.038297
0.038826
0.038090
0.040724
0.037219
0.037885
0.037602
0.036948
0.038775
0.039511
0.038142
0.038916
0.037541
0.038342
0.038855
0.036969
0.037591
0.038428
0.041328
0.038631
0.038712
0.038655
0.038675
0.037352
0.037881
0.037882
0.039770
0.038828
0.038272
0.038760
0.037007
0.038962
0.037888
0.039008
0.038179
0.040118
0.036909
0.038703
0.038962
0.039865
0.038149
0.038210
0.038854
0.038386
0.038653
0.037844
0.037983
0.037687
0.037591
0.036942
0.037862
0.035947
0.037723
0.036041
0.036352
0.037791
0.038389
0.037069
0.036952
0.039140
0.037755
0.038483
0.038356
0.039407
0.038289
0.038404
0.037766
0.037554
0.039898
0.040549
0.039152
0.037501
0.038064
0.038691
0.039520
0.039712
0.040257
0.037912
0.038061
0.042013
0.041961
0.043876
0.039700
0.041961
0.040768
0.041503
0.039336
0.039587
0.039161
0.040039
0.040972
0.038798
0.040758
0.049714
0.039201
0.041212
0.039455
0.042430
0.039730
0.041599
0.040495
0.042627
0.042682
0.041041
0.040384
0.041846
0.040710
0.041770
0.039721
0.039647
0.040553
0.042712
0.042975
0.040749
0.038788
0.041364
0.041782
0.041261
0.041455
0.040634
0.041058
0.040125
0.041959
0.042229
0.040611
0.042473
0.042644
0.042490
0.040911
0.042193
0.041406
0.041748
0.040912
0.043677
0.043316
0.042608
0.042237
0.042196
0.043652
0.043468
0.047493
0.042539
0.043061
0.041353
0.041479
0.041410
0.041926
0.042462
0.041963
0.044146
0.040723
0.041864
0.042928
0.042884
0.041204
0.043755
0.042127
0.043277
0.042792
0.040813
0.041918
0.042001
0.044223
0.047424
0.042510
0.043277
0.042911
0.044420
0.043473
0.042962
0.041906
0.043684
0.044078
0.042772
0.044883
0.042255
0.042216
0.041614
0.042807
0.041101
0.041633
0.042701
0.041376
0.041701
0.041079
0.041219
0.044397
0.043972
0.043608
0.043171
0.042494
0.041798
0.043138
0.044164
0.041867
0.043329
0.041466
0.043985
0.041327
0.043730
0.043613
0.044132
0.043529
0.043799
0.042545
0.042053
0.042127
0.044482
0.043822
0.042249
0.041879
0.043200
0.042638
0.042439
0.042250
0.042248
0.043805
0.044355
0.045009
0.042637
0.042500
0.044672
0.043857
0.043620
0.045280
0.042811
0.044336
0.043293
0.043739
0.046252
0.044615
0.044152
0.043438
0.044765
0.044337
0.042992
0.043210
0.044875
0.045010
0.044193
0.044898
0.043944
0.046507
0.046173
0.044857
0.047102
0.044654
0.046178
0.044831
0.044058
0.043499
0.044033
0.044264
0.044729
0.044023
0.045318
0.046349
0.045360
0.043944
0.044187
0.045114
0.045977
0.047527
0.043756
0.045152
0.043981
0.045777
0.045639
0.045457
0.045985
0.046779
0.045078
0.048783
0.044828
0.044195
0.047748
0.045932
0.045670
0.046501
0.047400
0.045429
0.047118
0.044303
0.045106
0.046101
0.045151
0.046742
0.045023
0.047020
0.045788
0.045188
0.045038
0.047139
0.045933
0.045084
0.047723
0.047267
0.047670
0.046381
0.046743
0.048770
0.047321
0.047730
0.048304
0.046670
0.046143
0.048521
0.045769
0.047346
0.046683
0.071143
0.056140
0.048818
0.047155
0.045479
0.047570
0.048445
0.053938
0.048176
0.048433
0.046757
0.047224
0.048857
0.047552
0.047740
0.046353
0.046744
0.048428
0.049025
0.048071
0.048401
0.047207
0.047423
0.048908
0.048904
0.047764
0.048239
0.048233
0.050788
0.048571
0.048105
0.048277
0.047112
0.046764
0.047497
0.046567
0.048378
0.048385
0.048577
0.046489
0.047468
0.046400
0.048035
0.047970
0.047972
0.050269
0.048685
0.047411
0.048805
0.048730
0.048845
0.047776
0.048300
0.047478
0.048997
0.048367
0.048827
0.049850
0.050629
0.050254
0.047987
0.051298
0.047212
0.047994
0.048790
0.048450
0.050071
0.048917
0.049954
0.049193
0.049984
0.048688
0.050383
0.049501
0.048379
0.049213
0.050934
0.050688
0.050858
0.049460
0.050377
0.051220
0.049922
0.049109
0.048135
0.050583
0.050368
0.050952
0.049751
0.049728
0.049550
0.049182
0.049611
0.052270
0.052144
0.051449
0.051110
0.051859
0.051797
0.050689
0.049943
0.051292
0.050514
0.049319
0.050743
0.048954
0.050575
0.049324
0.051085
0.052517
0.050593
0.051144
0.051759
0.049651
0.052727
0.049406
0.053053
0.050529
0.050000
0.051686
0.051533
0.049889
0.051356
0.050011
0.051196
0.053352
0.051853
0.052094
0.051038
0.050542
0.050759
0.050724
0.052969
0.052282
0.051612
0.051397
0.050986
0.059641
0.050372
0.052605
0.051550
0.048946
0.050978
0.052507
0.054385
0.051000
0.053595
0.053206
0.050041
0.052522
0.051771
0.082162
0.053434
0.051014
0.052149
0.052265
0.050967
0.051991
0.057479
0.053559
0.053744
0.051956
0.051361
0.051305
0.050967
0.053410
0.051843
0.051872
0.051353
0.051472
0.052265
0.053163
0.052812
0.052401
0.053341
0.053448
0.051736
0.052583
0.051618
0.052009
0.052280
0.054935
0.053629
0.053066
0.052698
0.054735
0.052109
0.053046
0.054888
0.054636
0.053928
0.051704
0.053550
0.055529
0.054033
0.053278
0.053934
0.055236
0.054537
0.053854
0.052559
0.053233
0.053762
0.054199
0.054886
0.054174
0.054976
0.054445
0.052742
0.055400
0.054829
0.059279
0.055475
0.055047
0.054915
0.055394
0.053478
0.054420
0.056166
0.056150
0.055591
0.054724
0.052891
0.055546
0.052864
0.054334
0.052684
0.053586
0.053828
0.054681
0.054603
0.055927
0.052393
0.051816
0.053247
0.052589
0.053626
0.055705
0.054521
0.054543
0.055029
0.056331
0.055452
0.054868
0.055033
0.055402
0.055573
0.055624
0.057964
0.054985
0.057021
0.054820
0.055050
0.054304
0.056853
0.056518
