0.480258
0.027411
0.025669
0.026186
0.026277
0.024751
0.027664
0.027714
0.031046
0.029963
0.032897
0.032398
0.030845
0.030940
0.031184
0.031021
0.030203
0.029810
0.031044
0.032261
0.030474
0.032888
0.032098
0.031471
0.032757
0.032633
0.032343
0.033026
0.033772
0.033102
0.031721
0.033038
0.032267
0.032168
0.032311
0.032575
0.033576
0.032798
0.033104
0.032251
0.032667
0.034147
0.035182
0.034101
0.035385
0.033344
0.032368
0.031871
0.044651
0.122588
0.128007
0.139338
0.133786
0.135943
0.143828
0.129722
0.071167
0.112641
0.134280
0.126310
0.145570
0.148337
0.147352
0.147771
0.129337
0.086998
0.093466
0.126603
0.133818
0.150337
0.147990
0.149293
0.148791
0.107702
0.120317
0.127328
0.125663
0.138970
0.133864
0.132842
0.134943
0.133345
0.081260
0.113720
0.120290
0.134252
0.145881
0.145393
0.143834
0.145467
0.137398
0.088095
0.082947
0.121479
0.126878
0.133722
0.135466
0.140617
0.135259
0.129060
0.058176
0.112739
0.035695
0.034156
0.035135
0.034916
0.033371
0.033420
0.034963
0.035203
0.033485
0.034891
0.035948
0.034526
0.036897
0.035266
0.034269
0.035050
0.034056
0.034987
0.034135
0.035797
0.036033
0.036058
0.036343
0.035782
0.035875
0.036244
0.036713
0.034673
0.037389
0.037953
0.037846
0.038734
0.038188
0.037828
0.038849
0.037457
0.037970
0.047706
0.041437
0.040308
0.037486
0.037677
0.038145
0.035853
0.037153
0.035427
0.035952
0.037783
0.037400
0.036652
0.036443
0.037776
0.036001
0.036448
0.036746
0.037574
0.037777
0.036188
0.036797
0.036535
0.037695
0.036532
0.035774
0.037131
0.039163
0.035661
0.036661
0.035779
0.035748
0.036706
0.042354
0.036280
0.038100
0.036561
0.037706
0.034940
0.035774
0.036106
0.036742
0.039839
0.040388
0.040639
0.039297
0.040356
0.039498
0.038814
0.040399
0.039478
0.037895
0.038722
0.038228
0.038522
0.041084
0.038091
0.038349
0.041390
0.039713
0.038372
0.035671
0.037848
0.037348
0.036452
0.037881
0.038693
0.037933
0.037035
0.038767
0.036450
0.035866
0.038407
0.036583
0.036486
0.038258
0.039574
0.038800
0.039628
0.037505
0.037112
0.037406
0.036845
0.037194
0.035582
0.035968
0.037638
0.038033
0.037822
0.038700
0.037196
0.044496
0.036124
0.037635
0.038799
0.036651
0.037381
0.037707
0.036092
0.038049
0.036106
0.037791
0.039759
0.040419
0.038327
0.037982
0.039194
0.038040
0.038718
0.037243
0.038502
0.039817
0.040318
0.039404
0.038877
0.038015
0.043295
0.038209
0.038165
0.039835
0.037761
0.038108
0.038755
0.038883
0.039196
0.039047
0.040225
0.039320
0.038621
0.037964
0.037840
0.039752
0.039155
0.039470
0.037477
0.040481
0.040251
0.039427
0.039103
0.038668
0.039341
0.040228
0.042302
0.039128
0.040988
0.042116
0.039071
0.039254
0.039725
0.042838
0.040595
0.040955
0.039046
0.042971
0.041552
0.042359
0.042327
0.043999
0.042544
0.043329
0.041845
0.043401
0.046129
0.043549
0.044639
0.043740
0.044003
0.045692
0.044253
0.046181
0.046659
0.045594
0.045302
0.043492
0.043445
0.042793
0.042401
0.040752
0.044147
0.043955
0.043538
0.043226
0.042667
0.042181
0.042166
0.041884
0.043096
0.045997
0.040274
0.042352
0.041249
0.040677
0.040466
0.042295
0.040957
0.042043
0.043849
0.042587
0.042380
0.043559
0.043682
0.042812
0.042655
0.042580
0.044405
0.041407
0.043205
0.043844
0.044047
0.044543
0.045574
0.044809
0.044499
0.045124
0.044460
0.042052
0.042819
0.041784
0.041797
0.041971
0.041621
0.043464
0.043057
0.043484
0.043464
0.044289
0.045280
0.042984
0.043813
0.042244
0.043287
0.043709
0.045234
0.045404
0.044469
0.044268
0.042043
0.042638
0.043623
0.043390
0.043707
0.045664
0.043233
0.045443
0.045922
0.046394
0.044889
0.043441
0.044668
0.044072
0.044683
0.044739
0.045552
0.046964
0.046988
0.044409
0.043396
0.046550
0.046289
0.045620
0.046645
0.043900
0.044042
0.042230
0.044954
0.045414
0.045514
0.045775
0.044839
0.044219
0.045494
0.042473
0.043582
0.044301
0.043101
0.044973
0.044876
0.043734
0.044065
0.044109
0.043145
0.045390
0.045916
0.045417
0.045696
0.045462
0.045424
0.046503
0.044549
0.043797
0.043201
0.045685
0.045139
0.043989
0.048600
0.047374
0.044704
0.043443
0.045702
0.046249
0.046898
0.045216
0.047185
0.045259
0.045928
0.046139
0.046666
0.046359
0.046227
0.072344
0.046344
0.046410
0.045223
0.047479
0.047488
0.044686
0.045212
0.046454
0.046139
0.046307
0.045335
0.045681
0.046327
0.048616
0.048109
0.045614
0.046500
0.047643
0.047865
0.046061
0.047636
0.045307
0.046136
0.047246
0.046551
0.046934
0.046872
0.044772
0.046737
0.046422
0.046465
0.046200
0.047052
0.045862
0.045269
0.045891
0.046462
0.045069
0.047336
0.048224
0.046075
0.045919
0.047482
0.047435
0.044777
0.046288
0.046269
0.047095
0.046792
0.047315
0.045853
0.047543
0.049796
0.046208
0.047091
0.047603
0.048248
0.047055
0.048458
0.047259
0.045757
0.045483
0.046359
0.047362
0.047781
0.047189
0.047934
0.047283
0.049170
0.047886
0.048938
0.049000
0.048631
0.046710
0.047144
0.047500
0.046957
0.049763
0.049203
0.058486
0.048892
0.050267
0.050607
0.050037
0.051370
0.048588
0.048379
0.048063
0.050573
0.049731
0.049662
0.049446
0.050097
0.051442
0.049087
0.048608
0.049784
0.050022
0.049856
0.049764
0.049656
0.050375
0.051367
0.049692
0.049976
0.051049
0.050040
0.050711
0.049334
0.049320
0.051281
0.051275
0.050880
0.053964
0.050454
0.048408
0.049750
0.051292
0.050039
0.051263
0.052704
0.051245
0.050543
0.050417
0.055410
0.053020
0.050727
0.051905
0.052495
0.052139
0.052374
0.052102
0.055496
0.051961
0.051296
0.053090
0.053505
0.054013
0.052742
0.052733
0.051996
0.054626
0.055007
0.051865
0.052783
0.059109
0.053161
0.052608
0.050658
0.051538
0.052613
0.054692
0.051623
0.055192
0.051554
0.051121
0.053236
0.051353
0.052372
0.053035
0.052648
0.052489
0.051754
0.051910
0.052229
0.053925
0.052525
0.054131
0.054717
0.054700
0.055740
0.053128
0.052325
0.052308
0.053109
0.053424
0.055122
0.054562
0.053278
0.053061
0.052579
0.054556
0.053249
0.059572
0.052471
0.053477
0.055191
0.057160
0.059008
0.057417
0.054280
0.056078
0.058432
0.055347
0.054707
0.055585
0.055188
0.055227
0.052603
0.054109
0.053557
0.053015
