0.509184
0.027032
0.026921
0.028557
0.026909
0.025916
0.026493
0.028136
0.027541
0.028073
0.032254
0.031263
0.032466
0.032839
0.030810
0.031832
0.032650
0.033217
0.031291
0.032304
0.031918
0.032336
0.031059
0.031972
0.033573
0.034306
0.033287
0.031258
0.032143
0.033600
0.031471
0.032543
0.031781
0.032101
0.032141
0.033613
0.034270
0.031877
0.032385
0.032995
0.031333
0.033390
0.032770
0.033201
0.032786
0.032467
0.032168
0.033565
0.032894
0.032804
0.032056
0.033758
0.033863
0.033553
0.035099
0.035110
0.033825
0.036276
0.033415
0.034147
0.034457
0.034482
0.034092
0.035592
0.034402
0.034036
0.037181
0.034251
0.034068
0.035078
0.034432
0.034312
0.033491
0.035628
0.034240
0.033447
0.034832
0.033509
0.034432
0.036341
0.035303
