0.480689
0.024798
0.028593
0.028678
0.029816
0.029799
0.029917
0.030200
0.028993
0.030184
0.029579
0.029547
0.029089
0.028748
0.030038
0.029941
0.030911
0.029941
0.029922
0.029061
0.031711
0.031425
0.030232
0.030670
0.030292
0.030150
0.030137
0.030073
0.029140
0.030763
0.030828
0.030030
0.030534
0.030899
0.030590
0.029978
0.030174
0.029554
0.031009
0.032109
0.033387
0.031263
0.031526
0.031539
0.030342
0.029978
0.029876
0.030965
0.031415
0.032643
0.030458
0.031543
0.030216
0.030694
0.030275
0.031639
0.030143
0.030232
0.030848
0.032752
0.030552
0.032359
0.031782
0.031033
0.030480
0.030500
0.032869
0.030673
0.030755
0.031960
