0.508335
0.028224
0.031768
0.029666
0.030169
0.032135
0.031803
0.032841
0.031645
0.030394
0.032559
0.031757
0.032645
0.033011
0.031797
0.031883
0.032632
0.033314
0.030600
0.032052
0.034563
0.032516
0.031342
0.032277
0.030901
0.031101
0.041437
0.030751
0.031630
0.030435
0.032661
0.031065
0.031350
0.031885
0.031776
0.033463
0.036883
0.031656
0.032461
0.031388
0.031507
0.039704
0.031649
0.032348
0.031683
0.035602
0.037495
0.039932
0.034415
0.041048
0.038368
0.036628
0.036263
0.035599
0.037400
0.037397
0.036055
0.037158
0.037067
0.036401
0.036136
0.036779
0.034989
0.038522
0.037097
0.037886
0.036969
0.037085
0.030825
0.033578
0.032670
0.032179
0.034240
0.031898
0.031895
0.031733
0.032943
0.032487
0.034052
0.033251
0.033131
0.033353
0.033424
0.032818
0.031680
0.033196
0.033934
0.034572
0.034741
0.032300
0.032725
0.035305
0.032755
0.035067
0.034838
0.035037
0.034694
0.036163
0.034588
0.034456
