0.493016
0.025040
0.026819
0.025046
0.030065
0.030289
0.029947
0.030088
0.029745
0.030691
0.031741
0.031343
0.031723
0.032198
0.031158
0.031023
0.030964
0.031842
0.031805
0.031532
0.031004
0.032513
0.032110
0.031745
0.031214
0.031388
0.031002
0.031175
0.032523
0.032170
0.032644
0.031797
0.031859
0.031321
0.031395
0.031857
0.031192
0.032115
0.031263
0.031569
0.031646
0.031399
0.032593
0.031432
0.032582
0.031283
0.031515
0.031460
0.031958
0.032239
0.032249
0.031851
0.033409
0.042248
0.031984
0.032442
0.031889
0.032447
0.033144
0.032062
0.031893
0.033548
0.034317
0.033479
0.032712
0.032458
0.033234
0.033246
0.032882
0.032527
0.032340
0.033477
0.033124
0.033807
0.032777
0.033696
0.034471
0.033313
0.033281
0.032908
0.033553
0.033668
0.033675
0.034099
0.034548
0.034768
0.033699
0.034503
0.034451
0.034112
