0.523294
0.025321
0.025496
0.023135
0.024599
0.025074
0.030075
0.029461
0.029639
0.029799
0.030336
0.030441
0.029671
0.029195
0.029317
0.030395
0.030155
0.030115
0.029464
0.039834
0.029605
0.030162
0.028895
0.029634
0.029852
0.030142
0.031918
0.032559
0.030614
0.030774
0.030842
0.030924
0.030393
0.030510
0.030670
0.030960
0.030752
0.030848
0.032178
0.030445
0.030790
0.030869
0.031078
0.031602
0.031914
0.032892
0.031519
0.029594
0.030899
0.030320
0.031149
0.031505
0.031248
0.031121
0.030288
0.031011
0.032088
0.031451
0.032215
0.039720
0.030653
0.030847
0.030464
0.031327
0.030167
0.030968
0.030864
0.031288
0.031291
0.031319
0.032054
0.032511
0.030636
0.030102
0.031396
0.036370
0.032705
0.033214
