0.529717
0.028565
0.032678
0.034953
0.033635
0.031777
0.033325
0.034094
0.032211
0.035171
0.035417
0.034061
0.034867
0.036310
0.035722
0.035654
0.036147
0.036453
0.035733
0.037291
0.036364
0.035412
0.033396
0.035969
0.035761
0.036025
0.036298
0.036579
0.036444
0.036771
0.036671
0.033800
0.034226
0.034223
0.033710
0.034243
0.035558
0.035881
0.035125
0.036362
0.033331
0.034615
0.035213
0.034582
0.034630
0.035087
0.036039
0.035136
0.038131
0.034525
0.034042
0.034525
0.033045
0.034065
0.035718
0.036382
0.034643
0.035102
0.037639
0.038385
0.033966
0.035367
0.035609
0.034730
0.035222
0.035284
0.036288
0.036994
0.037526
0.038061
0.038711
0.037109
0.039255
0.037172
0.036248
0.034073
0.035844
0.036895
0.036071
0.038837
0.036206
0.036485
0.034218
0.042168
0.045091
0.034716
0.034347
0.033949
0.033615
0.033477
0.035036
0.035145
0.033645
0.035760
0.035477
0.033544
0.033093
0.033731
0.033644
0.035082
0.033372
0.034807
0.034407
0.033470
0.033535
0.035554
0.035599
0.035373
0.034158
0.035800
0.036660
