0.489617
0.025543
0.025192
0.025051
0.026703
0.026490
0.026079
0.025980
0.025939
0.027874
0.026564
0.026130
0.026510
0.026911
0.027043
0.027980
0.026581
0.028232
0.027863
0.027084
0.028176
0.026565
0.026565
0.028280
0.031360
0.031918
0.032495
0.031777
0.032636
0.034249
0.035041
0.031296
0.033015
0.033656
0.031649
0.031267
0.033624
0.032744
0.031363
0.031798
0.033606
0.033074
0.032194
0.031845
0.031153
0.031488
0.033681
0.032665
0.032604
0.032173
0.030934
0.031362
0.032293
0.034009
0.032428
0.033217
0.031967
0.031421
0.032175
0.031402
0.033089
0.033479
0.031571
0.032040
0.032708
0.032047
0.033538
0.031723
0.032404
0.032669
0.032914
0.032591
0.034254
0.033573
0.034509
0.034259
0.034653
0.033330
0.034422
0.033473
0.033925
0.032636
0.032898
0.033127
0.033220
0.032171
0.034569
0.033282
0.033724
0.034813
0.033710
0.035253
0.034734
0.033676
0.034148
0.035094
0.035380
0.034352
0.034945
0.033632
0.034675
0.034109
0.033328
0.033494
0.034096
0.032896
0.034256
0.033494
0.033730
0.034572
0.033723
0.033735
0.039103
0.035177
0.034747
0.034709
0.034393
0.033572
0.034179
0.035789
0.035769
0.033912
0.035483
0.037171
0.037818
0.034116
0.036198
0.036773
0.036144
0.035149
0.035680
0.035828
0.036093
0.036851
0.036539
0.034456
0.035575
0.037275
0.036193
0.038111
0.035988
0.036694
0.035711
0.035727
0.035782
0.035304
0.034815
0.037609
0.037047
0.034921
0.036742
0.037940
0.037611
0.037080
0.037670
0.037245
0.036654
0.035147
0.036430
0.037233
0.035126
0.037618
0.036125
0.035144
0.035684
0.037488
0.037265
0.037012
0.035487
0.035442
0.037239
0.035970
0.035057
0.035115
0.036812
0.037169
0.036122
0.036786
0.035259
0.037464
0.037177
0.036626
0.036447
0.038023
0.038060
0.036599
0.037291
0.036247
0.037415
0.035773
0.038806
0.038816
0.035950
0.037223
0.037575
0.035579
0.037606
0.039369
0.037597
0.035894
0.036870
0.038137
0.036386
0.038415
0.038766
0.037932
0.038884
0.037032
0.037571
0.038291
0.039598
0.038213
0.039272
0.037166
0.037547
0.037702
0.041121
0.037470
0.037565
0.038540
0.038061
0.037701
0.038544
0.037928
0.038975
0.041138
0.037748
0.039569
0.038531
0.042706
0.039034
0.038257
0.039203
0.039646
0.039563
0.038006
0.038109
0.039765
0.039227
0.037881
0.039364
0.041521
0.038526
0.038448
0.038590
0.039134
0.040141
0.038349
0.040030
0.040956
0.040178
0.040313
0.039662
0.066756
0.039026
0.038904
0.039986
0.040621
0.038924
0.040735
0.038488
0.039310
0.042326
0.039471
0.039968
0.049716
0.040576
0.040294
0.040299
0.046642
0.041425
0.039340
0.041217
0.040309
0.040303
0.044264
0.042373
0.041160
0.040202
0.042714
0.040792
0.042240
0.041364
0.040410
0.042758
0.041421
0.040599
0.040689
0.040091
0.040620
0.040948
0.043097
0.042294
0.042267
0.040427
0.047924
0.041320
0.042837
0.042930
0.040417
0.042794
0.042295
0.040108
0.040569
0.040171
0.042732
0.041769
0.043751
0.043168
0.042105
0.041235
0.042040
0.042547
0.042474
0.041031
0.042526
0.040971
0.043943
0.041612
0.040596
0.042231
0.044401
0.044107
0.043599
0.040481
0.040976
0.041643
0.042223
0.042461
0.041732
0.042034
0.044254
0.043878
0.041622
0.041881
0.042686
0.043616
0.043538
0.041747
0.041671
0.042976
0.042088
0.041137
0.040838
0.042135
0.040303
0.043867
0.042798
0.043185
0.044542
0.042945
0.042412
0.043175
0.044913
0.042354
0.042951
0.043328
0.043113
0.043985
0.044421
0.043061
0.042221
0.043674
0.044855
0.045557
0.044395
0.044458
0.041467
0.043878
0.042129
0.043491
0.043895
0.042922
0.043613
0.042469
0.043131
0.041851
0.043329
0.042334
0.043731
0.044938
0.043362
0.042763
0.043882
0.041885
0.043558
0.045136
0.045430
0.046007
0.045650
0.044275
0.044161
0.045562
0.045010
0.043745
0.045223
0.043937
0.045961
0.044561
0.042767
0.044571
0.044370
0.043364
0.046389
0.045274
0.045169
0.045341
0.044262
0.044663
0.043942
0.043916
0.046918
0.044380
0.043965
0.046279
0.045273
0.045631
0.046221
0.044788
0.043831
0.043367
0.044147
0.046317
0.043840
0.046409
0.046206
0.043888
0.044838
0.046422
0.046339
0.045346
0.045401
0.046992
0.045694
0.044565
0.045266
0.045519
0.046821
0.043763
0.043608
0.044206
0.044642
0.043780
0.046006
0.047714
0.046561
0.045996
0.045971
0.046231
0.046512
0.045283
0.045873
0.046666
0.045901
0.046448
0.045980
0.046484
0.047009
0.047484
0.047445
0.046991
0.046076
0.045563
0.046745
0.046964
0.048920
0.048495
0.049275
0.046274
0.046786
0.048318
0.046567
0.046240
0.046811
0.046688
0.046553
0.048169
0.045552
0.046903
0.047490
0.048580
0.046804
0.047566
0.049122
0.047479
0.048656
0.048015
0.050035
0.046628
0.053264
0.048096
0.047261
0.046676
0.048304
0.055406
0.046990
0.050516
0.048548
0.049217
0.052209
0.050017
0.051457
0.049386
0.052380
0.051115
0.047749
0.047750
0.048205
0.048370
0.048546
0.052964
0.050246
0.047714
0.049408
0.053807
0.048410
0.048955
0.053996
0.047993
0.048438
0.057613
0.054555
0.049362
0.050901
0.049409
0.048173
0.051035
0.050567
0.052080
0.049802
0.049970
0.050516
0.050187
0.049932
0.049549
0.049710
0.053291
0.054378
0.069426
0.050602
0.048909
0.049934
0.048256
0.047967
0.049741
0.050169
0.047234
0.047703
0.049022
0.046943
0.047347
0.047215
0.048815
0.046054
0.046648
0.047343
0.049641
0.048872
0.048415
0.049851
0.049840
0.048739
0.047177
0.048692
0.048939
0.050238
0.049373
0.049662
0.048749
0.048559
0.048279
0.046972
0.048872
0.049555
0.050459
0.050001
0.056269
0.049541
0.049412
0.050951
0.048134
0.050819
0.048944
0.047755
0.047279
0.048677
0.049775
0.049364
0.050262
0.048565
0.048481
0.048568
0.050426
0.051399
0.049689
0.048906
0.050019
0.048305
0.050123
0.051122
0.048803
0.049372
0.049443
0.049748
0.049323
0.049016
0.050442
0.048786
0.050889
0.050312
0.048128
0.048946
0.050144
0.050159
0.049867
0.051187
0.050430
0.050764
0.050244
0.048828
0.050491
0.051056
0.050525
0.050540
0.051955
0.050005
0.049808
0.051821
0.050637
0.050071
0.050596
0.050540
0.050925
0.050956
0.051169
0.050814
0.051966
0.052875
0.050525
0.050276
0.050220
0.051202
0.052096
0.049970
0.052731
0.057851
0.049625
0.052398
0.078987
0.050966
0.053430
0.051893
0.051286
0.052153
0.053101
0.054946
0.051261
0.051761
0.052379
0.052308
0.051609
