602	183	142	327
588	187	133	324
582	183	127	323
574	181	134	323
567	183	134	325
566	187	128	322
561	186	125	321
557	185	123	318
553	180	132	327
567	183	120	325
571	187	127	320
586	183	122	319
605	180	116	323
627	178	113	327
633	172	110	335
635	174	126	333
637	175	136	331
640	177	133	322
648	177	130	320
661	174	125	325
677	178	115	322
687	180	111	320
689	180	116	323
692	177	121	324
693	182	124	319
694	185	130	316
689	187	133	307
688	186	133	309
692	191	130	311
695	183	119	316
701	177	109	316
702	178	107	321
697	183	111	318
684	188	123	309
683	182	127	316
676	176	165	320
667	173	192	327
633	186	217	313
646	185	166	317
648	188	158	317
647	185	138	308
638	178	132	316
629	181	136	312
626	180	128	316
624	181	126	315
625	182	128	320
630	185	128	317
617	188	146	307
640	189	129	307
675	188	114	309
695	177	138	320
699	180	157	315
703	188	168	314
714	189	146	312
709	185	118	319
703	181	124	319
691	182	131	322
685	188	128	314
662	183	135	319
669	181	113	319
655	183	130	323
657	186	130	317
657	188	132	319
646	189	142	317
649	191	138	317
651	192	118	315
650	185	119	327
649	181	141	329
659	181	160	328
668	176	168	339
674	178	176	336
708	181	143	330
717	177	139	332
745	176	129	334
759	183	129	326
763	188	129	319
763	193	136	315
797	186	119	325
816	182	115	331
826	180	140	337
836	186	136	333
841	180	134	336
850	160	127	354
852	148	132	368
841	161	152	357
859	172	135	350
854	173	149	349
857	173	143	351
842	157	143	359
833	155	143	361
822	162	139	357
824	170	123	345
817	165	122	349
807	164	139	352
810	170	136	344
809	183	119	337
808	181	114	336
792	181	157	342
794	178	147	344
807	168	119	369
811	181	104	359
789	181	130	362
780	183	151	357
789	172	153	370
811	169	132	371
800	180	136	357
797	180	130	355
804	176	126	369
815	165	105	392
808	161	114	401
775	169	153	396
784	168	140	392
785	162	125	398
772	159	138	393
758	162	157	398
741	168	152	392
745	174	128	392
712	169	136	398
688	163	147	403
671	161	157	401
693	168	133	390
692	169	127	381
701	164	118	381
700	166	130	380
703	172	127	372
697	174	130	370
699	169	115	375
704	165	107	381
709	167	110	369
706	175	117	348
709	174	109	343
718	170	112	352
721	174	125	351
733	188	127	332
751	190	119	331
765	185	112	333
789	179	100	341
812	179	111	344
816	178	128	352
819	187	130	335
838	174	129	351
868	173	115	354
888	176	131	350
889	187	149	334
908	185	130	333
923	180	122	343
921	174	159	352
928	185	155	340
920	188	166	340
931	181	144	344
929	180	126	341
909	182	139	335
902	179	134	345
893	178	126	349
888	185	102	342
856	179	115	343
815	179	157	347
806	175	160	345
807	175	142	346
797	179	145	334
795	175	152	333
787	187	154	326
791	197	158	318
791	190	162	320
826	180	135	330
840	174	133	347
854	174	130	346
869	179	120	342
877	173	121	354
882	170	121	357
876	172	130	353
888	175	127	351
897	175	129	350
893	175	157	350
859	176	219	351
854	177	239	355
861	189	237	344
862	188	222	345
899	172	172	358
912	170	131	357
906	171	142	357
894	184	156	343
898	184	143	343
906	180	153	336
911	175	165	348
924	181	155	351
924	190	161	343
932	183	152	347
936	182	141	340
926	179	139	340
927	178	138	345
936	183	139	344
960	189	124	338
971	180	118	340
959	183	131	336
947	187	144	328
952	201	137	310
968	193	130	315
977	185	123	329
974	178	138	340
968	192	140	329
967	185	145	334
963	186	140	331
958	181	139	339
953	180	147	342
947	186	142	337
934	186	161	333
931	184	161	337
930	180	147	343
896	178	166	344
909	179	136	340
910	184	120	336
883	177	120	342
857	173	133	339
856	143	131	370
853	159	127	355
852	166	119	344
851	160	115	350
850	169	127	344
852	170	145	350
853	177	155	337
883	183	150	335
891	178	146	344
906	171	151	352
920	180	149	344
933	174	133	352
920	170	145	351
936	182	140	339
943	191	141	335
961	186	129	339
986	187	114	335
1002	182	116	343
1004	177	139	350
1006	178	139	344
1008	173	148	349
1022	175	141	351
1026	176	147	352
1025	190	152	339
1020	191	153	338
1013	191	148	339
1013	174	129	368
1014	179	107	369
1014	183	112	372
1007	184	118	364
1005	179	111	367
990	181	121	353
981	182	121	345
975	184	123	345
967	183	122	343
949	184	113	340
932	175	120	353
930	177	115	348
945	187	96	338
939	192	88	331
931	190	112	319
918	189	115	313
915	190	108	311
902	189	109	317
882	187	113	317
848	182	146	322
846	188	137	313
833	193	141	310
830	188	110	313
837	179	104	321
821	183	123	314
801	191	141	308
792	184	137	316
773	188	140	312
748	193	151	304
731	191	139	306
732	197	127	300
733	189	115	308
731	186	168	311
726	187	182	311
723	185	158	308
732	192	110	310
727	198	122	299
737	188	123	314
771	188	113	319
786	183	119	316
793	186	138	311
807	188	125	309
812	178	134	323
822	173	117	330
852	179	101	321
851	181	114	320
853	182	112	323
876	186	103	318
878	184	122	325
888	180	148	324
902	179	146	329
922	179	138	334
929	180	141	336
932	184	139	329
936	183	134	329
938	183	139	324
929	179	134	324
921	184	146	324
929	176	132	326
932	181	130	317
932	196	129	296
936	185	129	306
932	186	127	309
933	182	131	311
935	193	122	295
929	190	125	297
921	193	127	289
911	193	135	288
901	197	134	284
904	194	124	284
905	203	119	267
913	197	119	270
912	199	129	273
907	195	135	280
910	198	119	276
918	204	114	274
928	198	115	283
928	195	115	290
931	191	110	302
941	195	101	300
941	190	91	304
942	193	101	302
941	192	111	303
949	187	94	316
942	189	95	317
934	193	109	314
941	193	114	314
936	191	135	315
973	187	122	316
963	191	140	313
975	187	128	316
974	189	142	316
982	192	125	313
975	192	122	314
967	185	111	322
951	183	116	323
949	182	119	322
918	184	148	318
907	193	146	312
933	189	121	316
958	182	102	324
961	180	110	325
953	190	157	315
953	196	140	309
959	191	114	314
949	185	102	316
937	189	101	310
931	190	101	307
927	190	106	307
924	193	100	303
923	188	92	308
921	189	108	310
905	193	140	306
912	192	142	307
919	184	151	311
936	182	137	324
936	176	121	334
935	188	131	330
936	189	135	333
920	187	138	333
873	182	180	332
857	185	193	337
903	188	136	345
903	191	138	320
903	185	135	320
899	194	135	310
873	186	147	317
889	193	129	306
879	193	132	293
878	191	125	295
879	195	119	289
884	196	114	291
891	199	109	291
889	196	117	298
895	186	106	321
904	193	99	322
905	191	108	327
904	186	109	333
901	171	116	350
911	174	131	343
908	185	150	342
907	171	160	358
892	182	194	350
929	171	155	364
931	173	161	368
929	170	158	380
941	161	136	387
959	151	129	403
955	137	142	415
953	153	135	392
942	168	142	382
941	155	142	395
949	158	134	394
943	140	155	409
927	141	159	399
921	160	171	382
929	163	155	367
938	170	151	363
942	161	147	369
936	168	131	362
925	167	145	355
910	180	155	341
904	178	150	342
884	170	160	343
870	179	161	337
864	182	158	335
860	179	151	336
859	186	147	327
857	174	146	339
858	180	144	335
854	187	138	330
844	189	141	323
815	189	156	318
799	174	157	335
801	172	144	343
796	185	143	331
791	182	143	327
791	183	141	328
796	185	128	324
785	186	140	325
769	188	145	324
777	197	134	300
770	199	148	295
766	186	159	309
783	178	135	317
795	180	143	311
814	195	131	297
828	189	122	305
821	186	132	307
828	194	126	299
829	197	133	295
830	192	139	301
835	184	148	308
853	188	139	307
868	187	131	312
877	180	127	315
884	180	131	314
893	176	132	324
893	181	147	326
902	191	149	318
904	185	156	324
912	172	147	345
921	164	143	357
919	171	149	354
911	181	157	346
915	176	165	349
927	171	162	364
945	173	143	372
954	180	152	369
955	178	156	375
961	167	160	388
962	161	155	402
969	171	144	392
966	175	156	389
953	169	173	393
946	168	170	388
952	171	156	380
959	171	152	380
960	178	146	371
946	182	148	346
924	187	157	338
925	188	150	345
934	184	120	340
938	175	109	350
947	169	112	351
952	178	114	339
952	183	119	336
948	190	120	332
947	179	121	343
944	177	121	345
940	175	121	348
945	170	115	362
947	173	114	362
947	168	122	370
935	168	140	368
921	171	154	365
921	173	148	366
901	172	169	373
880	177	170	369
926	181	126	379
931	189	126	375
921	190	124	374
925	177	116	383
899	161	153	390
922	162	139	376
917	165	163	370
917	173	164	362
922	175	155	365
936	161	135	387
943	158	125	405
950	164	119	398
954	164	123	398
954	162	127	399
952	166	133	390
953	167	144	390
949	168	146	393
958	165	144	393
962	167	145	391
971	165	163	403
978	166	169	409
988	169	159	409
996	170	156	406
1009	171	147	404
1001	164	154	411
985	169	164	408
966	174	183	400
969	180	159	383
966	176	131	384
956	180	128	382
946	171	129	387
946	179	117	373
941	167	116	389
921	170	139	387
895	175	155	376
924	185	131	365
921	169	125	373
921	174	134	358
919	167	146	363
913	167	146	361
929	178	133	348
944	176	126	351
951	171	126	357
945	168	128	355
929	166	137	362
927	178	128	346
923	178	120	351
925	175	122	357
926	163	123	381
926	167	117	394
927	168	125	390
940	160	120	394
935	158	130	398
934	158	146	407
933	153	149	417
932	159	154	411
936	152	168	413
936	156	181	432
940	151	186	456
953	146	193	463
971	148	170	463
979	148	190	463
974	149	200	461
950	154	225	453
952	165	192	430
959	162	170	417
938	139	193	438
890	139	220	439
884	153	199	423
883	165	211	412
890	156	195	421
902	165	177	407
