0.508324
0.027323
0.029302
0.028458
0.029867
0.028355
0.029827
0.033664
0.031277
0.031655
0.029912
0.029582
0.032303
0.031555
0.030257
0.028776
0.029424
0.030081
0.029576
0.031077
0.031827
0.029619
0.030374
0.031451
0.031433
0.032425
0.031410
0.032129
0.031408
0.030747
0.030647
0.030973
0.032476
0.031058
0.031914
0.033268
0.030830
0.030869
0.035426
0.031683
0.031235
0.030424
0.031626
0.031615
0.030091
0.030886
0.030052
0.032373
0.032124
0.031304
0.031627
0.031575
0.030939
0.030965
0.032222
0.030760
0.030224
0.030956
0.030287
0.031333
0.031946
0.031169
0.031379
0.030822
0.032019
0.033890
0.033363
0.032910
0.034666
0.032851
0.032537
0.030653
0.032693
0.031318
0.032112
0.031855
0.031656
0.033367
0.031351
0.032790
0.032163
0.031835
0.032698
0.034853
0.032723
0.032594
0.032693
0.033421
0.032653
0.033342
0.031859
0.033292
0.034075
0.031668
0.032245
0.032963
0.034279
0.031902
0.035117
0.031785
0.032579
0.033628
0.034419
0.032498
0.034787
0.031976
0.033441
0.034980
0.032193
0.032299
0.033737
0.033743
0.034025
0.033137
0.034606
0.033719
0.033751
0.034374
0.033742
0.033672
0.034356
0.034404
0.034760
0.033669
0.032501
0.032440
0.033125
0.034949
0.033389
0.035994
0.035885
0.034701
0.034193
0.034072
0.032664
0.033932
0.034139
0.035562
0.033040
0.035157
0.035186
0.033156
0.034564
0.034589
0.037184
0.037847
0.035870
0.033922
0.035278
0.036261
0.034018
0.034519
0.034886
0.035250
0.036136
0.035126
0.036348
0.036033
0.036204
0.034923
0.036435
0.034719
0.036423
0.035286
0.035433
0.038017
0.035309
0.038833
0.037324
0.036044
0.035533
0.035006
0.036179
0.035892
0.037789
0.035020
0.037945
0.037987
0.036427
0.038558
0.038274
0.039449
0.036805
0.037830
0.036524
0.036003
0.035517
0.037543
0.035064
0.037853
0.035799
0.037916
0.036305
0.036074
0.035527
0.036105
0.038206
0.035758
0.038847
0.037688
0.038972
0.037796
0.035884
0.038571
0.037242
0.037913
0.039508
0.039818
0.038951
0.037631
0.037457
0.039386
0.039724
0.039043
0.037688
0.037726
0.036781
0.040897
0.039015
0.038794
0.036809
0.038254
0.037666
0.036461
0.038283
0.040282
0.064948
0.039062
0.039387
0.037075
0.038670
0.041511
0.039700
0.038782
0.037132
0.038730
0.039045
0.037414
0.039915
0.038909
0.038572
0.039578
0.040070
0.039038
0.041951
0.039152
0.039842
0.037485
0.040662
0.038172
0.039281
0.039936
0.039101
0.040071
0.039137
0.039098
0.040782
0.040231
0.041330
0.041474
0.038095
0.040025
0.038527
0.038592
0.040790
0.040572
0.039044
0.039561
0.040210
0.038895
0.040374
0.040168
0.041382
0.040298
0.038573
0.040411
0.040126
0.039229
0.038249
0.041569
0.041157
0.045215
0.041479
0.041688
0.040164
0.042517
0.040367
0.041415
0.038901
0.038756
0.041275
0.040928
0.039755
0.041681
0.041244
0.039968
0.039682
0.039073
0.040715
0.040836
0.041754
0.040771
0.040625
0.039410
0.041372
0.041822
0.040957
0.039822
0.041050
0.041533
0.042307
0.041620
0.039862
0.041638
0.041037
0.041300
0.041547
0.042104
0.043170
0.042356
0.041569
0.041516
0.039898
0.041385
0.042238
0.042705
0.043182
0.043347
0.043828
0.042489
0.044480
0.043424
0.042330
0.042467
0.043383
0.044759
0.043064
0.041584
0.043048
0.044591
0.044900
0.044104
0.041564
0.043869
0.042166
0.042711
0.042593
0.041989
0.043610
0.042547
0.044196
0.042758
0.042099
0.043336
0.041851
0.044650
0.043689
0.042423
0.042958
0.044475
0.042054
0.043122
0.043638
0.048853
0.042979
0.043236
0.045621
0.046155
0.044047
0.043119
0.043616
0.045246
0.044376
0.044562
0.043299
0.044602
0.045585
0.045210
0.045783
0.044339
0.045269
0.043419
0.042776
0.044613
0.045213
0.042742
0.045750
0.044468
0.046345
0.046073
0.043901
0.044311
0.045190
0.043906
0.046033
0.045721
0.047184
0.045846
0.044672
0.044271
0.046042
0.044615
0.046968
0.045360
0.044611
0.045469
0.045435
0.046277
0.045768
0.046378
0.044796
0.044274
0.045568
0.046816
0.046340
0.044947
0.043129
0.043995
0.045842
0.051965
0.057172
0.045930
0.046009
0.044233
0.044304
0.048421
0.044573
0.044843
0.046431
0.047060
0.046676
0.045070
0.043707
0.043533
0.043450
0.045200
0.045502
0.043992
0.045457
0.046440
0.044776
0.044923
0.044992
0.047106
0.046205
0.045635
0.044810
0.044713
0.046614
0.044930
0.046557
0.047614
0.045276
0.045161
0.045708
0.046281
0.046558
0.046764
0.047874
0.045759
0.047617
0.047029
0.045114
0.047922
0.046469
0.046647
0.045861
0.045741
0.046453
0.045804
0.048411
0.046654
0.055092
0.047588
0.046530
0.046527
0.049295
0.046849
0.047218
0.048357
0.047125
0.047271
0.046529
0.050426
0.047854
0.047072
0.048017
0.047277
0.048198
0.048507
0.050277
0.050256
0.050054
0.047202
0.049754
0.048047
0.048590
0.049283
0.049778
0.048040
0.048000
0.048405
0.049079
0.048111
0.048333
0.049637
0.049148
0.048962
0.047065
0.050626
0.048712
0.048571
0.048023
0.048003
0.048790
0.050140
0.048518
0.047659
0.048426
0.048476
0.050274
0.048231
0.048741
0.050106
0.049145
0.047912
0.048422
0.048227
0.048831
0.049862
0.047999
0.051670
0.048497
0.049572
0.049933
0.049711
0.049915
0.049222
0.050407
0.049549
0.048366
0.050720
0.049811
0.050457
0.050267
0.048887
0.050033
0.052169
0.051528
0.050634
0.049067
0.051003
0.051434
0.048688
0.049672
0.049820
0.049084
0.051234
0.049377
0.048248
0.051142
0.049120
0.048850
0.055217
0.050504
0.049668
0.050050
0.049248
0.050882
0.051614
0.051883
0.050221
0.051562
0.051892
0.049697
0.049559
0.049512
0.048635
0.050323
0.051576
0.049646
0.049857
0.052324
0.051520
0.050995
0.051471
0.052107
0.052001
0.050116
0.052154
0.052804
0.052341
0.056193
0.051271
0.053226
0.050894
0.051117
0.053720
0.051848
0.052489
0.052322
0.052962
0.065150
0.062037
0.052754
0.053393
0.054622
0.052683
0.052521
0.052626
0.053460
0.052855
0.052126
0.052667
0.053878
0.051364
0.052116
0.053518
0.053636
0.054643
0.052453
0.052203
0.053242
0.054585
0.050900
0.052156
0.052305
0.053111
0.053579
0.054069
0.059755
0.054292
0.053216
0.052765
0.051605
0.053088
0.079026
0.052226
0.053385
0.052989
0.052485
0.051003
0.052766
0.053147
0.052026
0.053541
0.053883
0.052468
0.053270
0.053927
0.053193
0.053194
0.055362
0.055059
0.054693
0.053303
0.055556
0.055468
0.054916
0.054362
0.055179
0.052734
0.053631
0.052944
0.054598
0.054551
0.054620
0.054794
0.052823
0.053323
0.054083
