0.499665
0.028019
0.029358
0.026579
0.024558
0.025302
0.030075
0.032497
0.028714
0.032889
0.031896
0.030118
0.032955
0.033135
0.030270
0.031025
0.030310
0.029027
0.031186
0.031537
0.028932
0.028807
0.030316
0.031590
0.031850
0.032457
0.031539
0.030522
0.031074
0.030558
0.030669
0.030420
0.031283
0.032254
0.031195
0.033604
0.031991
0.033652
0.032119
0.033893
0.029699
0.032449
0.033876
0.030761
0.032466
0.034751
0.031303
0.033097
0.034286
0.034188
0.032930
0.032487
0.034944
0.033336
0.034463
0.033325
0.036907
0.031378
0.032655
0.032041
0.032822
0.032084
0.033116
0.031979
0.030731
0.032207
0.033909
0.031174
0.034055
0.034315
0.033375
0.036383
0.034390
0.033878
0.034954
0.037191
0.033233
0.033711
0.032241
0.031383
0.031581
0.036364
0.038360
0.034743
0.035329
0.034655
0.036077
0.038194
0.040385
0.036672
0.036257
0.036125
0.033442
0.036944
0.032575
0.035841
0.035101
0.032987
0.033186
0.033197
