0.582917
0.026723
0.029845
0.031505
0.030411
0.030792
0.030620
0.030050
0.030032
0.029602
0.030393
0.029776
0.031233
0.030385
0.029569
0.028975
0.033154
0.031240
0.031351
0.032310
0.030961
0.031960
0.031147
0.031991
0.031762
0.030786
0.030771
0.030641
0.030938
0.030672
0.031338
0.031140
0.031695
0.031337
0.032290
0.031046
0.031724
0.031387
0.031806
0.031741
0.031585
0.031189
0.039135
0.032049
0.032319
0.031759
0.032657
0.031909
0.033047
0.033119
0.031781
0.032199
0.031358
0.033807
0.032372
0.031848
0.032833
0.033149
0.031933
0.031491
0.032841
0.032225
0.032413
0.032899
0.032892
0.032443
0.034687
0.031033
0.030990
0.032968
0.032882
0.033272
0.033015
0.033413
0.033005
0.032984
0.033040
0.033056
0.033981
0.032842
0.040921
0.033315
0.032728
0.033734
0.032877
0.032934
0.034454
0.033201
0.033533
0.032783
0.033994
0.033710
0.033365
0.033617
0.033322
0.037795
0.034158
0.034170
0.033330
0.033687
0.033395
0.033280
0.034018
0.033813
0.035367
0.042998
0.034226
0.035361
0.034026
0.034561
0.033994
0.033842
0.033805
0.034585
0.034796
0.034310
0.034338
0.033541
0.033662
0.035972
0.033917
