0.495790
0.027385
0.031476
0.033044
0.033969
0.031113
0.031550
0.033640
0.033581
0.034255
0.033551
0.034543
0.034254
0.032780
0.034349
0.034459
0.032822
0.031857
0.039079
0.031787
0.032153
0.030595
0.032410
0.030638
0.031253
0.031441
0.030158
0.030266
0.030378
0.032521
0.032157
0.030430
0.030969
0.031702
0.030385
0.032860
0.031923
0.032732
0.032604
0.032407
0.032456
0.032383
0.032153
0.029768
0.031210
0.031330
0.030465
0.031021
0.032069
0.030385
0.030036
0.031910
0.032610
0.032854
0.030767
0.031355
0.031648
0.030116
0.030587
0.032435
0.033468
0.032879
0.033924
0.030978
0.030863
0.031573
0.030835
0.032840
0.032236
0.033066
0.033174
0.031447
0.032986
0.032290
0.033108
0.031911
0.032921
0.031659
0.033917
0.032161
0.032127
0.032108
0.032691
0.032920
0.033146
0.034472
0.031731
0.032140
0.034107
0.033473
0.033617
0.033715
0.034306
0.033343
0.033703
0.033098
0.033689
0.032865
0.034430
0.035117
0.034500
0.032030
0.032406
0.032750
0.034203
0.032187
0.035296
0.035044
0.032414
0.035304
0.032469
0.033606
0.032314
0.032592
0.031790
0.032761
0.032778
0.032989
0.032765
0.032571
0.033745
0.043497
0.032255
0.032570
0.033165
0.033330
0.033931
0.032908
0.033250
0.033622
0.034168
0.032692
0.034119
0.033515
0.035617
0.037505
0.034954
0.033847
0.032877
0.033033
0.039373
0.036614
0.035194
0.041842
0.035957
0.039540
0.036024
0.034828
0.040076
0.042186
0.036954
0.040868
0.034981
0.035625
0.037530
0.036601
0.038130
0.038694
0.036267
0.037590
0.041989
0.042382
0.036405
0.041719
0.035956
0.038344
0.038454
0.043702
0.041394
0.039397
0.035257
0.037252
0.037714
0.038896
0.036002
0.041029
0.037921
0.039422
0.036126
0.037422
0.042104
0.037633
0.040374
0.036919
0.037606
0.039157
0.037076
0.043255
0.037296
0.039517
0.038717
0.039610
0.036459
0.042222
0.038440
0.039533
0.040622
0.036893
0.046427
0.040095
0.040366
0.037297
0.037574
0.039371
0.038639
0.043160
0.041242
0.045549
0.044753
0.040374
0.038514
0.041978
0.043102
0.038288
0.040462
0.041382
0.046145
0.038875
0.038261
0.039772
0.039909
