0.481273
0.025961
0.025020
0.025009
0.024657
0.024688
0.025579
0.025717
0.025325
0.027173
0.027032
0.025747
0.027481
0.027291
0.027004
0.025771
0.027137
0.027864
0.027097
0.027860
0.028769
0.026369
0.027128
0.028212
0.028022
0.028139
0.028707
0.026069
0.027455
0.027481
0.026991
0.026240
0.026613
0.027115
0.028110
0.028075
0.035539
0.028774
0.028291
0.026823
0.028006
0.030276
0.029101
0.029684
0.039766
0.028065
0.031360
0.029538
0.030396
0.031829
0.029333
0.029922
0.027793
0.027494
0.029033
0.027546
0.028375
0.028164
0.027696
0.029407
0.028214
0.028198
0.028337
0.029025
0.030123
0.030285
0.030653
0.028433
0.027900
0.027647
0.027581
0.028921
0.031034
0.028274
0.028982
0.027466
0.027599
0.028111
0.029068
0.028141
0.028246
0.028667
0.029621
0.030149
0.029361
0.029789
0.029934
0.028657
0.029858
0.029634
0.028757
0.030835
0.029952
0.029519
0.029706
0.028219
0.030560
0.028536
0.030108
0.030141
