0.501930
0.025030
0.024844
0.025311
0.029184
0.030964
0.031326
0.029836
0.032348
0.031481
0.030454
0.031114
0.031035
0.030881
0.031379
0.031248
0.031225
0.031548
0.031310
0.031857
0.029863
0.031060
0.031321
0.031009
0.030985
0.031179
0.031305
0.031250
0.037039
0.031515
0.031842
0.032520
0.031645
0.031435
0.032689
0.032279
0.030931
0.031835
0.031011
0.030847
0.031736
0.031732
0.032752
0.031733
0.033732
0.032820
0.031958
0.033514
0.032278
0.034684
0.033015
0.033282
0.033227
0.033935
0.033359
0.033642
0.033437
0.034422
0.034306
0.031227
0.032322
0.034651
0.033748
0.032169
0.034108
0.033644
0.033380
0.035103
0.037480
0.035000
0.032971
0.034174
0.033900
0.033650
0.033974
0.034014
0.033617
0.033316
0.032738
0.033445
0.032593
0.034082
0.032901
0.034751
0.036068
0.035923
0.033974
0.034153
0.033718
0.033216
