0.584877
0.025310
0.027465
0.025605
0.025936
0.025685
0.027055
0.026881
0.026959
0.026464
0.026441
0.028571
0.027247
0.028152
0.027158
0.026296
0.027133
0.026592
0.026564
0.034196
0.027980
0.028344
0.028839
0.028431
0.029166
0.028744
0.026950
0.027153
0.027318
0.028415
0.029050
0.027295
0.027392
0.027567
0.028290
0.029914
0.034536
0.028931
0.029671
0.027842
0.028115
0.029111
0.029732
0.030658
0.030474
0.030666
0.030029
0.029850
0.028900
0.028909
0.031532
0.030911
0.031725
0.032466
0.034043
0.033681
0.030916
0.031914
0.032681
0.032208
0.031330
0.032007
0.031382
0.032341
0.033274
0.032701
0.038563
0.030883
0.033546
0.033627
0.031026
0.033715
0.031526
0.032655
0.030950
0.031971
0.033645
0.033116
0.033475
0.031242
0.032171
0.031965
0.032497
0.031774
0.032180
0.032646
0.032935
0.032773
0.031490
0.032891
0.032659
0.032981
0.031461
0.033260
0.034009
0.031854
0.032154
0.032189
0.032700
0.033248
