1035	161	166	187
1035	169	172	182
1036	169	164	176
1039	169	167	178
1035	171	165	179
1034	170	173	182
1036	164	167	183
1037	166	168	187
1038	167	163	179
1037	168	164	180
1034	170	168	179
1035	169	171	179
1031	170	178	180
1033	164	176	185
1037	165	165	181
1040	164	161	184
1037	167	167	186
1029	164	164	184
1022	166	169	184
1016	160	171	190
1013	162	175	187
1012	151	166	200
1001	153	180	198
997	154	181	199
998	145	172	207
993	144	181	210
999	146	159	205
984	137	170	218
982	133	159	226
969	135	168	223
973	138	148	228
962	127	152	237
958	119	142	255
963	122	135	252
957	106	131	272
953	108	131	267
949	105	134	271
949	104	131	274
946	105	134	257
946	102	129	252
948	99	124	248
945	98	118	216
933	105	126	192
928	106	129	194
914	104	140	195
905	102	150	196
899	97	152	190
892	85	159	205
887	93	161	185
878	91	170	186
872	102	175	177
866	105	181	172
862	101	185	174
857	97	189	179
857	102	186	171
847	99	192	173
833	105	195	173
831	103	195	178
822	101	200	178
811	97	203	185
802	108	202	179
793	98	206	183
781	107	210	183
775	103	213	188
764	98	215	195
756	107	223	188
743	101	224	192
738	112	217	178
730	114	226	182
717	107	233	189
715	114	230	188
700	106	241	187
689	112	250	184
686	120	235	180
678	111	227	189
666	112	229	181
656	112	231	180
646	119	237	177
635	124	236	167
630	125	231	170
621	118	226	173
616	128	224	160
615	126	213	160
604	130	219	153
592	130	219	159
582	133	225	158
573	128	219	159
565	135	217	163
561	133	208	158
551	130	204	169
545	130	211	168
532	134	212	170
523	136	220	172
522	137	217	170
508	139	223	175
503	137	221	164
497	144	212	165
496	142	207	162
488	147	217	163
477	149	215	152
476	153	211	163
469	149	207	179
466	149	206	174
463	152	204	160
455	151	198	177
443	152	204	167
435	150	200	172
424	149	206	169
415	152	211	158
407	158	216	161
400	153	218	158
391	160	217	167
387	155	218	166
383	158	216	167
373	157	213	168
368	160	214	167
