188	227	404	360
171	245	442	349
176	231	431	376
172	233	412	372
175	238	421	370
173	249	399	360
176	235	390	371
172	252	315	357
175	256	313	349
179	261	288	353
182	262	268	344
177	257	245	341
185	262	227	348
186	262	215	344
188	262	211	345
191	265	221	345
187	262	196	356
174	267	203	357
178	262	200	356
166	268	215	357
167	262	222	366
165	262	219	379
172	263	201	370
168	267	206	360
173	269	188	374
171	280	221	363
173	285	209	364
165	284	241	362
159	278	276	380
155	286	246	362
150	284	202	373
156	279	204	369
162	280	201	373
173	306	203	349
181	310	200	341
206	296	180	347
200	291	202	354
225	307	202	341
214	308	231	326
297	291	276	350
239	293	333	374
256	286	293	370
259	286	270	376
284	283	256	374
293	286	237	362
308	291	210	363
308	288	203	371
309	292	199	379
313	296	193	350
326	288	175	364
333	297	170	348
332	298	170	347
332	292	160	343
324	288	162	347
318	303	172	332
318	297	150	326
311	283	158	331
306	285	162	321
300	297	170	321
289	313	175	290
292	307	166	290
288	273	188	332
285	255	188	349
289	266	174	338
288	289	186	316
300	298	162	297
310	299	152	288
309	266	167	330
308	260	160	340
317	280	142	330
308	305	157	306
299	328	140	281
303	322	147	280
305	332	148	287
298	344	147	278
297	354	135	273
296	328	126	285
300	335	121	294
303	330	116	283
281	304	148	286
