0.564952
0.016702
0.016999
0.017552
0.016842
0.016654
0.017898
0.017807
0.017900
0.017836
0.018158
0.019264
0.018162
0.018289
0.018184
0.017889
0.019237
0.019453
0.019622
0.018310
0.020819
0.018625
0.018343
0.018650
0.018743
0.018466
0.018528
0.018494
0.018577
0.018553
0.020151
0.020459
0.020114
0.020820
0.020806
0.020604
0.020488
0.020427
0.020782
0.020760
0.025719
0.021906
0.021903
0.021863
0.021813
0.021808
0.021884
0.021917
0.021919
0.022002
0.021896
0.022076
0.022089
0.022103
0.022132
0.022496
0.021027
0.021289
0.020348
0.020421
0.025226
0.022086
0.020050
0.020016
0.020097
0.019867
0.019958
0.019842
0.020120
0.020519
0.020524
0.020916
0.022520
0.021995
0.021622
0.021522
0.021534
0.021191
0.021302
0.021253
0.025715
0.021146
0.021532
0.021203
0.021325
0.021599
0.022567
0.021282
0.021582
0.021576
