0.560812
0.015807
0.015589
0.015435
0.015304
0.016410
0.016431
0.017309
0.017092
0.017485
0.016514
0.016633
0.016503
0.016615
0.016793
0.016792
0.016784
0.016690
0.017726
0.017892
0.019124
0.018143
0.018176
0.018069
0.017352
0.016932
0.018069
0.016932
0.017337
0.017492
0.018423
0.017284
0.017488
0.018324
0.017383
0.017597
0.017473
0.017678
0.017888
0.017745
0.022649
0.017856
0.017698
0.017654
0.017618
0.017672
0.017610
0.019160
0.017833
0.018210
0.018244
0.018154
0.018295
0.018971
0.019669
0.018074
0.018383
0.019091
0.019601
0.018570
0.023080
0.018288
0.018502
0.018439
0.018676
0.018483
0.018739
0.018351
0.018812
0.020119
0.019363
0.018756
0.018987
0.019052
0.020313
0.018861
0.019926
0.019852
0.018876
0.020113
0.023889
0.018772
0.018881
0.018765
0.020438
0.018911
0.018985
0.018988
0.020183
0.019320
0.020273
0.019186
0.020411
0.019384
0.019342
0.019293
0.019240
0.019337
0.019488
0.020981
0.024308
0.019589
0.021101
0.019674
0.019636
0.020910
0.020977
0.021288
0.019748
0.019639
0.021184
0.019759
0.019849
0.019840
0.019863
0.019695
0.021230
0.019851
0.021206
0.021391
0.026559
0.020300
0.020079
0.021681
0.020119
0.019957
0.021622
0.019987
0.020145
0.020303
0.020191
0.021646
0.021701
0.020431
0.021795
0.020378
0.020415
0.020503
0.022014
0.020662
0.025608
0.020573
0.020625
0.020763
0.020596
0.021027
0.020982
0.021027
0.022374
0.022486
0.021116
0.021158
0.021243
0.021259
0.021195
0.021322
0.021286
0.021217
0.021299
0.022051
0.027743
0.022794
0.021565
0.021381
0.022801
0.022871
0.023180
0.021702
0.023324
0.021742
0.023129
0.021600
0.023446
0.022033
0.021860
0.021968
0.023684
0.022232
0.023723
0.022098
0.026920
0.021989
0.022187
0.022232
0.023582
0.022150
0.024122
0.024045
0.021885
0.022125
0.022062
0.022580
0.022473
0.024088
0.023794
0.022388
0.023912
0.022292
0.024189
0.023435
0.028092
0.023087
0.024600
0.024863
0.024584
0.024747
0.023267
0.023272
0.023397
0.025045
0.023565
0.023507
0.024937
0.023400
0.023634
0.023696
0.023917
0.023486
0.023583
0.025277
0.029010
0.023666
0.024002
0.023896
0.024213
0.024328
0.024201
0.025588
0.025584
0.024130
0.025276
0.024185
0.024503
0.024351
0.024412
0.052756
0.025573
0.025768
0.025761
0.026141
0.030706
0.025593
0.024498
0.026274
0.026027
0.026391
0.024638
0.025836
0.026038
0.025905
0.024874
0.024800
0.026232
0.027150
0.024946
0.026376
0.024955
0.026483
0.025347
0.025419
0.030241
0.025262
0.026303
0.026887
0.026293
0.025483
0.027197
0.025687
0.026429
0.025670
0.025643
0.027251
0.025778
0.026906
0.025843
0.027080
0.026974
0.025875
0.025784
0.025806
0.030767
0.027316
0.026236
0.025928
0.027236
0.027371
0.027227
0.027171
0.027342
0.027219
0.027094
0.026248
0.026130
0.026323
0.026335
0.027685
0.026531
0.027850
0.026600
0.026647
0.031419
0.026583
0.028049
0.028062
0.028326
0.028064
0.026752
0.026902
0.028227
0.028237
0.026986
0.028433
0.027064
0.026995
0.027153
0.026935
0.026934
0.028417
0.027178
0.028414
0.033571
0.028494
0.028579
0.028654
0.028717
0.027227
0.027368
0.027202
0.027440
0.028744
0.027519
0.028942
0.027571
0.027477
0.028665
0.028992
0.028987
0.028898
0.029203
0.029232
0.034166
0.027956
0.027712
0.028996
0.029047
0.029228
0.029298
0.029649
0.029665
0.029154
0.029609
0.029352
0.028126
0.028220
0.029366
0.029553
0.029588
0.028034
0.029562
0.028386
0.033155
0.028431
0.030115
0.028260
0.028244
0.028347
0.028383
0.029746
0.028488
0.028258
0.028335
0.028979
0.030260
0.028909
0.028937
0.028817
0.028617
0.028625
0.028660
0.028694
0.033925
0.029029
0.029002
0.028678
0.030112
0.030080
0.029050
0.031121
0.029559
0.031147
0.029797
0.029761
0.031473
0.029926
0.029991
0.029844
0.029692
0.029856
0.039361
0.030418
0.034416
0.031752
0.030414
0.030314
0.029503
0.030791
0.029611
0.029756
0.029649
0.029629
0.029908
0.029928
0.030079
0.029915
0.031597
0.031333
0.031864
0.030972
0.029945
0.029975
0.044419
0.039573
0.030165
0.030310
0.032219
0.031391
0.031853
0.030077
0.031336
0.031530
0.031683
0.030191
0.031643
0.030376
0.032374
0.032126
0.032383
0.030649
0.030701
0.032178
0.036965
0.031838
0.030900
0.032488
0.032347
0.030638
0.032393
0.031066
0.030935
0.030991
0.032771
0.031073
0.031176
0.031126
0.030880
0.032223
0.032337
0.032862
0.032627
0.031452
0.037498
0.031387
0.033146
0.032607
0.031474
0.032903
0.031880
0.031838
0.031944
0.031799
0.033361
0.032046
0.033142
0.033390
0.031836
0.033333
0.032214
0.033723
0.032189
0.032243
0.038549
0.034014
0.032308
0.032267
0.032340
0.032374
0.033671
0.033463
0.034317
0.033992
0.033843
0.033743
0.032267
0.033527
0.033805
0.034728
0.034137
0.032409
0.032369
0.033844
0.037454
0.034103
0.033595
0.034328
0.034520
0.032925
0.034296
0.034255
0.034314
0.033178
0.034959
0.033210
0.034406
0.034507
0.034527
0.034467
0.033486
0.033292
0.034807
0.033277
0.039754
0.034887
0.034938
0.033678
0.033738
0.034313
0.033571
0.033772
0.033698
0.033370
0.033484
0.034861
0.033676
0.035152
0.035111
0.033850
0.034096
0.035107
0.033676
0.034236
0.038727
0.034158
0.034985
0.035627
0.035441
0.035816
0.033863
0.035618
0.033957
0.035492
0.034312
0.034639
0.034387
0.036336
0.035906
0.036265
0.036275
0.034510
0.035916
0.036474
0.041161
0.034543
0.036039
0.035290
0.035655
0.037400
0.036239
0.036196
0.034521
0.036385
0.034805
0.036594
0.035021
0.036215
0.035111
0.036764
0.036973
0.037024
0.034876
0.036785
0.040112
0.036739
0.036983
0.037041
0.036805
0.036877
0.036683
0.034728
0.035280
0.037374
0.036604
0.037048
0.035614
0.037184
0.035763
0.035539
0.035602
0.035299
0.037639
0.036283
0.040721
0.037120
0.036983
0.037022
0.037573
0.037459
0.036002
0.037556
0.037828
0.037706
0.037954
0.036277
0.037704
0.038133
0.037787
0.037625
0.038612
0.037070
0.038717
0.038821
0.044350
0.038696
0.039115
0.038928
0.037201
0.038805
0.038854
0.038276
0.038965
0.039044
0.038778
0.038693
0.038950
0.037216
0.038934
0.037489
0.039171
0.037416
0.037724
0.039756
0.042883
0.038403
0.038807
0.038532
0.038568
0.038552
0.038841
0.038956
0.037372
0.039046
0.038669
0.039099
0.039181
0.038611
0.038767
0.038908
0.037534
0.039294
0.039599
0.039309
0.044376
