537	225	199	422
568	215	168	442
579	230	145	427
579	226	152	435
577	226	143	433
586	224	152	437
582	222	150	417
592	226	147	424
583	219	147	446
587	223	141	448
574	223	155	439
583	215	149	431
570	218	170	445
539	227	199	413
545	215	200	407
562	213	178	435
564	215	169	404
574	223	144	407
575	221	142	415
573	224	144	405
574	219	145	397
564	224	157	385
544	229	193	359
570	210	144	385
567	223	152	369
564	230	160	367
583	233	160	369
597	245	137	355
605	240	138	347
613	240	118	339
621	241	113	332
608	242	125	310
605	234	124	326
585	234	134	332
572	227	139	338
558	231	152	325
555	238	154	334
552	233	148	335
553	222	134	338
530	237	146	336
503	237	152	340
466	237	177	357
454	244	169	345
416	237	184	340
393	236	182	349
371	230	188	344
364	223	180	364
342	226	192	345
358	224	156	356
350	234	154	352
350	219	140	360
330	228	151	362
319	213	166	357
302	235	154	357
276	222	173	373
291	219	151	364
291	216	166	358
301	217	161	335
316	226	156	330
323	227	167	335
316	223	190	352
349	221	132	372
365	231	121	346
386	232	120	343
405	228	121	351
407	231	149	347
416	238	175	341
438	231	165	330
462	234	150	324
488	237	141	334
519	225	132	334
540	237	125	337
549	239	146	340
567	236	150	339
579	247	158	337
577	222	178	363
592	216	167	365
630	219	131	360
650	217	121	359
654	220	134	358
658	217	160	364
655	220	159	363
653	217	164	363
667	221	156	377
675	218	150	398
675	218	155	395
685	211	147	412
688	215	141	402
691	222	128	406
693	235	139	408
691	220	144	456
692	222	142	446
692	217	146	465
693	215	143	464
694	220	141	453
694	227	141	437
692	227	159	454
694	234	161	444
708	236	150	446
718	235	147	448
728	223	166	466
740	231	166	479
752	224	172	470
753	220	197	489
752	209	204	491
751	221	202	500
708	210	243	500
700	211	234	512
673	210	242	505
648	217	229	499
648	217	229	499
634	228	224	494
630	213	223	475
613	222	227	494
609	222	204	475
612	220	191	464
616	216	194	486
634	204	191	479
647	224	204	459
653	219	164	444
659	214	175	451
661	212	223	451
656	230	252	451
638	229	255	453
640	224	223	465
622	226	234	468
612	234	186	463
601	217	190	467
614	226	168	466
635	229	136	439
646	220	133	459
654	215	145	460
671	223	130	467
680	223	138	450
692	213	130	447
691	216	152	434
683	224	169	435
685	221	171	436
686	225	166	415
678	229	184	395
679	228	172	371
681	230	183	378
684	229	194	391
692	223	169	389
697	220	145	364
693	228	125	348
685	240	122	335
677	240	126	320
673	245	141	319
665	239	128	317
651	239	125	315
639	232	119	329
627	227	129	334
619	234	131	335
616	248	133	316
629	247	106	327
629	245	124	330
640	240	100	336
654	243	88	327
656	236	97	344
652	240	109	333
656	237	111	337
657	246	107	331
655	249	104	316
646	246	109	321
630	237	119	324
608	236	129	339
597	233	129	326
585	223	136	328
580	228	136	339
558	227	175	349
553	220	161	344
560	228	150	358
570	222	129	364
571	227	142	361
573	219	146	362
580	226	144	375
599	230	140	368
617	230	125	372
623	226	124	367
634	231	116	379
642	229	116	374
650	229	120	371
659	221	115	385
658	228	128	373
669	217	137	391
678	218	144	371
690	227	154	371
724	231	156	359
750	223	152	368
769	233	155	357
785	230	131	347
786	232	147	357
787	221	183	372
805	220	180	385
812	217	187	376
831	226	174	367
811	228	195	381
833	222	171	358
822	225	177	372
833	216	152	369
834	217	156	378
844	221	140	370
819	233	170	376
807	230	172	378
775	228	210	375
781	219	183	384
764	224	189	376
753	217	185	385
706	222	214	397
703	220	185	386
672	228	196	383
683	223	221	393
677	215	196	384
640	223	196	380
629	233	143	359
601	224	156	365
584	220	162	364
571	239	150	347
572	242	131	338
536	242	159	350
532	232	139	349
506	239	155	340
490	242	160	338
500	234	147	353
503	240	132	344
505	233	132	348
502	237	138	349
497	237	149	348
492	245	171	344
502	232	151	354
521	233	127	362
529	245	131	364
519	233	153	387
528	232	137	408
529	234	130	431
516	233	138	424
526	229	133	428
528	222	124	443
511	220	150	444
507	217	146	448
508	236	161	444
517	224	159	445
515	218	168	452
520	215	164	464
530	206	148	469
528	220	146	455
528	225	142	469
524	217	136	475
519	216	145	464
512	225	151	464
514	217	144	457
518	218	150	464
523	223	156	437
529	218	150	434
545	217	137	434
542	212	148	431
545	224	154	438
531	215	180	432
535	207	184	424
539	220	164	397
554	207	155	387
571	226	140	384
564	217	148	375
575	249	139	343
566	240	147	364
574	243	146	352
567	229	165	355
594	233	149	341
599	223	149	345
589	228	152	331
598	233	148	340
611	223	139	348
620	224	145	341
626	230	143	337
639	232	131	327
634	227	156	341
664	236	131	334
675	240	138	351
692	237	132	341
706	242	141	330
725	246	150	326
733	236	185	337
753	239	196	342
767	224	200	352
803	224	171	345
798	228	196	337
813	228	200	333
831	226	185	348
857	227	169	335
891	231	136	334
892	224	140	343
919	226	124	350
924	238	138	328
946	242	134	322
927	239	162	319
950	233	167	327
971	242	165	317
1002	257	143	303
1008	254	140	310
1037	239	117	340
1045	250	133	338
1041	253	155	343
1040	260	149	335
1038	252	133	328
1028	245	136	355
1015	251	138	356
1004	244	129	361
990	235	123	370
959	245	137	356
928	248	146	343
917	241	143	344
895	239	160	342
886	236	161	341
879	233	160	342
900	252	126	325
876	245	150	343
889	241	149	342
895	231	151	352
889	249	158	345
883	236	149	350
876	238	148	346
872	230	135	359
862	225	141	356
828	219	166	358
811	230	159	341
800	226	156	358
794	227	140	346
779	229	139	336
748	236	149	342
711	231	170	349
713	233	140	361
696	237	138	340
686	240	133	332
649	245	161	320
636	241	156	331
606	231	165	344
588	229	147	349
575	234	148	346
560	248	175	340
544	247	151	330
527	251	145	343
512	243	134	349
511	241	125	351
502	231	135	356
516	229	123	368
507	230	138	361
520	237	126	349
525	233	119	361
510	232	140	338
519	246	126	326
516	249	127	311
512	248	120	302
493	242	152	328
461	237	152	338
445	243	161	329
426	242	171	350
441	235	156	364
466	237	125	352
455	230	149	348
462	242	140	350
467	234	152	350
475	238	167	350
480	234	169	349
504	229	159	355
520	231	157	361
540	244	157	357
548	230	153	368
581	231	165	358
590	245	162	345
599	230	151	351
612	230	137	370
604	225	145	355
608	239	142	361
623	232	141	344
634	233	118	363
623	232	123	346
632	233	109	346
624	238	112	351
619	235	116	346
607	234	142	322
617	234	129	311
618	237	112	324
614	230	107	320
618	228	117	323
619	248	111	305
624	250	94	277
625	248	85	268
628	255	84	275
623	249	90	281
616	244	95	283
605	242	101	276
605	241	108	277
621	251	93	273
621	249	101	273
620	250	106	265
625	242	108	272
621	234	109	287
618	232	103	289
610	235	115	294
606	239	118	309
626	234	91	309
632	228	89	319
625	238	108	324
623	237	108	321
610	235	135	325
606	229	120	340
616	226	111	353
605	231	115	352
596	243	122	346
592	247	136	345
592	248	140	340
604	252	130	351
615	245	126	382
630	240	125	384
642	230	132	394
646	221	153	387
651	232	175	400
657	226	173	407
666	221	169	407
680	232	171	397
707	231	152	369
722	229	150	388
750	219	140	379
761	233	160	380
767	234	213	384
777	234	237	384
808	230	228	389
855	225	189	384
872	212	192	386
903	231	173	367
911	224	171	377
938	229	146	381
950	231	143	363
956	232	147	377
977	242	133	362
973	233	151	373
981	245	148	361
978	245	155	355
978	232	152	370
978	229	151	382
978	216	141	383
969	215	134	395
963	217	148	396
947	220	150	396
942	220	127	382
933	226	120	374
908	219	127	383
880	219	138	377
859	216	152	392
823	221	177	379
806	230	158	369
786	220	158	376
769	228	167	351
756	224	167	343
735	222	171	358
704	231	190	368
678	242	207	355
665	241	178	353
643	248	172	356
638	226	147	364
621	222	143	365
615	220	128	368
609	215	110	374
603	226	121	360
597	231	129	359
593	233	141	355
586	220	140	372
585	221	146	380
587	240	140	354
578	235	158	349
577	238	143	348
557	252	151	324
562	252	136	317
561	249	152	319
550	242	173	292
552	249	182	270
546	247	191	273
547	247	187	269
547	248	195	269
542	253	200	272
533	249	201	268
528	247	199	266
516	249	205	268
534	250	182	268
528	256	205	256
502	254	228	255
496	254	216	249
499	252	213	254
508	253	232	253
531	249	247	255
545	246	269	260
526	255	268	258
560	251	262	266
476	245	244	241
514	253	200	215
529	259	191	208
521	252	206	223
561	260	166	220
622	263	148	255
623	268	133	265
605	254	120	262
579	247	142	263
572	252	144	289
582	255	136	308
585	242	131	308
567	247	148	305
574	242	139	305
592	246	125	300
604	248	118	304
625	244	118	305
618	254	142	299
615	246	133	302
616	244	120	305
598	234	128	308
589	232	129	317
579	237	134	331
587	221	116	329
574	231	120	332
567	239	124	324
576	226	108	350
568	226	119	346
569	231	123	361
560	232	132	357
550	230	149	372
553	227	146	357
558	239	123	373
566	224	116	391
566	217	117	398
553	224	133	396
536	228	160	406
528	231	183	414
549	218	168	424
552	224	161	420
578	224	147	430
581	210	156	438
583	218	160	430
590	240	159	396
603	244	142	379
584	238	155	383
579	248	141	365
554	239	158	363
548	238	148	361
545	238	146	362
538	234	150	365
523	237	153	368
521	230	165	377
527	232	156	380
537	240	157	374
545	242	158	382
562	238	143	374
576	228	142	386
588	222	142	388
595	222	145	395
605	229	140	378
608	226	144	366
607	227	141	381
605	224	143	376
618	234	129	370
636	230	114	368
634	237	114	336
620	245	122	323
643	237	95	322
634	234	95	329
629	232	97	318
621	237	108	321
621	237	111	325
615	235	107	322
597	246	121	319
592	240	108	329
574	238	116	337
534	238	138	333
507	232	143	337
468	233	157	315
456	233	146	350
437	228	154	351
410	224	176	361
406	221	181	362
396	223	171	366
374	229	159	344
366	232	153	351
369	229	134	345
368	230	139	363
341	225	166	359
338	228	167	356
332	219	173	365
333	225	167	340
347	228	153	345
349	234	155	338
348	235	167	344
385	229	144	320
414	228	133	343
424	228	136	333
443	226	138	353
441	225	172	349
474	226	144	354
484	223	157	358
509	232	140	331
520	228	152	355
527	227	159	351
534	225	185	352
545	237	201	361
584	240	171	346
609	248	149	351
619	235	184	351
635	233	197	361
658	231	181	359
674	230	152	351
673	233	156	359
684	242	131	335
678	234	135	335
680	237	117	343
672	249	118	321
662	255	117	316
669	250	103	311
674	239	93	311
659	249	96	307
662	252	92	302
655	256	96	296
655	253	97	296
657	248	92	294
655	245	97	286
657	244	96	288
658	245	98	285
679	249	86	282
662	253	100	278
653	251	132	272
659	245	110	269
673	251	92	260
677	253	77	262
669	256	78	253
667	255	86	245
681	254	70	255
677	256	89	249
674	251	98	253
692	241	86	272
699	248	78	268
694	247	94	273
682	247	115	276
688	239	110	283
687	230	119	296
692	225	119	318
687	231	122	317
692	221	130	319
689	236	121	314
685	229	129	336
674	219	142	337
684	230	134	345
681	235	132	345
679	235	136	341
684	228	138	355
671	215	150	365
662	219	155	365
645	212	156	369
622	222	169	358
655	223	135	360
648	219	126	371
647	214	128	376
651	217	114	386
635	214	129	366
625	223	143	360
