152	215	59	157
150	214	78	162
161	206	73	169
172	210	55	158
173	200	60	172
175	194	56	173
177	194	47	177
170	200	47	173
162	215	61	162
158	224	60	151
153	217	46	150
145	217	47	159
138	211	50	162
128	222	38	155
122	228	41	153
115	233	52	145
118	244	43	141
118	245	38	139
118	243	48	146
121	241	55	149
123	236	46	158
121	253	39	148
117	261	47	144
116	263	42	133
109	270	60	129
111	273	76	135
97	274	68	131
98	281	55	126
89	281	52	123
92	283	53	124
91	295	69	113
97	305	59	117
95	300	50	115
97	307	45	109
107	307	38	122
107	299	40	127
103	304	52	123
91	308	64	130
99	307	65	121
104	302	47	127
115	300	44	125
118	304	51	123
131	307	49	117
145	308	51	102
150	308	44	102
150	310	57	108
151	309	72	107
148	302	90	119
182	296	102	132
194	282	79	147
219	275	85	158
229	274	73	155
234	273	71	157
239	265	88	159
247	259	101	137
256	253	97	122
278	250	82	116
283	254	101	110
275	258	124	110
274	263	124	104
275	266	115	98
256	253	104	111
245	259	78	110
229	259	80	112
225	256	80	116
217	256	79	118
200	254	92	128
192	253	93	149
181	264	81	139
159	262	66	139
158	249	58	131
157	249	59	117
166	239	64	125
179	240	54	137
191	241	49	126
203	236	46	138
209	233	45	140
215	230	45	144
218	229	49	147
223	235	58	142
232	233	60	141
249	229	52	137
262	227	40	140
270	221	41	150
285	222	36	142
293	217	36	149
304	217	39	149
312	219	46	142
331	218	33	130
339	220	43	124
348	213	47	126
352	211	50	130
361	207	59	141
368	210	66	143
379	203	60	144
401	187	55	151
421	179	42	160
426	186	50	155
444	195	40	144
454	194	46	140
463	199	50	132
473	191	49	140
481	200	57	133
477	200	56	131
461	211	59	118
455	213	57	114
441	217	56	113
427	219	53	106
410	219	55	116
391	217	42	122
365	219	50	121
339	227	54	125
305	232	58	142
301	233	62	140
285	230	79	127
243	228	61	128
218	236	60	123
192	244	52	119
178	251	52	119
169	250	52	129
164	248	43	141
154	243	48	146
149	234	50	157
150	234	47	163
144	240	51	152
143	254	59	148
141	254	65	151
156	253	57	149
177	245	52	152
188	242	51	165
206	246	53	160
227	248	53	146
244	246	57	137
271	247	70	161
283	257	70	155
300	275	80	136
332	273	89	133
362	276	71	133
395	283	65	128
416	278	84	135
447	268	63	151
466	271	59	153
487	271	51	157
506	281	68	151
534	287	91	143
540	298	90	157
567	287	68	182
562	278	73	188
539	292	77	173
552	285	87	170
565	275	62	178
570	272	61	180
567	280	74	174
568	275	89	176
583	276	97	176
599	270	84	177
608	268	74	176
611	269	73	171
615	271	69	168
617	267	69	172
621	259	69	180
623	261	90	178
632	266	84	166
636	262	80	166
640	263	84	163
641	270	91	154
644	270	101	163
646	276	92	155
647	260	87	171
662	256	91	169
664	263	104	159
667	259	125	160
681	251	138	154
703	250	121	158
736	247	97	161
755	234	105	175
763	258	110	151
783	261	93	148
786	260	90	156
781	266	88	150
788	263	75	146
779	258	78	147
772	271	92	141
771	270	96	144
768	273	97	155
769	276	101	187
771	280	96	208
772	290	98	204
796	295	80	210
796	314	81	199
794	317	93	207
786	327	107	203
787	336	118	199
769	330	137	207
766	332	135	208
755	337	148	199
725	344	180	197
686	330	181	214
