358	144	40	97
357	149	42	94
351	149	47	94
349	146	49	98
347	148	51	94
345	160	52	83
331	152	67	93
326	144	65	104
317	152	74	100
321	166	67	90
312	172	70	85
299	171	79	89
288	168	91	93
287	170	87	91
288	174	83	90
287	168	81	102
294	175	73	112
299	185	62	103
300	195	58	97
305	197	50	97
306	199	47	93
297	200	56	96
285	196	59	105
287	210	52	96
288	222	47	83
286	222	46	84
276	228	53	87
267	232	62	90
262	243	59	82
254	250	69	76
247	254	74	71
239	252	80	72
235	244	82	82
226	236	82	90
217	231	85	99
215	226	77	100
222	240	61	92
221	252	62	83
217	262	60	73
215	262	61	73
209	264	56	66
196	262	63	55
187	253	64	59
182	252	67	59
175	251	68	63
168	250	71	64
158	249	82	65
154	252	78	61
145	251	82	62
141	246	78	79
130	255	89	94
121	253	95	98
111	249	96	121
110	256	99	123
118	271	105	109
131	273	101	109
135	278	125	102
134	286	138	95
143	291	137	87
143	286	134	95
155	278	125	102
162	272	126	108
170	271	134	112
176	270	135	107
175	273	147	106
186	283	142	95
203	289	140	88
228	287	129	91
252	292	125	85
271	298	114	79
277	300	124	77
283	301	129	76
290	295	129	80
302	290	120	82
310	294	115	82
312	284	120	91
324	291	114	84
324	284	117	94
324	288	118	92
326	290	120	86
329	291	115	94
332	293	114	97
327	297	113	94
323	304	113	97
306	308	116	86
304	309	103	86
296	313	108	88
283	309	114	89
281	303	109	107
273	301	116	109
279	301	96	101
290	302	88	89
292	303	79	90
296	302	67	98
282	299	65	77
252	300	82	88
233	298	79	111
236	286	80	125
238	263	69	137
234	241	74	146
247	233	58	145
