0.561496
0.016720
0.016542
0.021963
0.016546
0.017653
0.018621
0.018641
0.018808
0.018773
0.018695
0.018928
0.018880
0.018921
0.018758
0.017786
0.018976
0.018929
0.018086
0.019085
0.021376
0.019308
0.019107
0.018186
0.017952
0.019290
0.019295
0.019593
0.019481
0.019354
0.019515
0.019604
0.019600
0.019623
0.019559
0.018187
0.019686
0.018389
0.018506
0.019838
0.025671
0.018696
0.018620
0.018649
0.018664
0.018792
0.020130
0.020032
0.019946
0.019028
0.020255
0.020243
0.020457
0.020558
0.020487
0.020485
0.020453
0.019215
0.020493
0.019271
0.025419
0.020548
0.020506
0.020691
0.020674
0.019502
0.020803
0.020995
0.019721
0.021051
0.019650
0.021210
0.019798
0.020974
0.021230
0.021304
0.020059
0.020333
0.020002
0.021386
0.025591
0.020569
0.019190
0.019593
0.021146
0.019793
0.019518
0.019423
0.019657
0.020955
0.019609
0.019744
0.019748
0.019772
0.019690
0.019820
0.019747
0.019742
0.019842
0.020395
0.026257
0.019899
0.020060
0.020092
0.020039
0.020175
0.020270
0.021595
0.020351
0.020381
0.020395
0.020352
0.020404
0.020471
0.020588
0.020469
0.020518
0.020684
0.020593
0.020714
0.026856
0.020682
0.020738
0.020726
0.020644
0.022128
0.022139
0.020851
0.020895
0.021006
0.021089
0.021093
0.022190
0.020950
0.020797
0.021010
0.020943
0.020850
0.021119
0.022396
0.027385
0.020975
0.022275
0.021286
0.022820
0.023196
0.022827
0.021808
0.021663
0.021758
0.021634
0.021659
0.021570
0.021693
0.021636
0.021701
0.021749
0.021801
0.021764
0.021868
0.026911
0.021962
0.022098
0.022051
0.023249
0.022030
0.021954
0.021965
0.022165
0.022101
0.022209
0.022185
0.022387
0.023758
0.022385
0.023811
0.022414
0.022429
0.022470
0.022321
0.027353
0.022466
0.022504
0.023936
0.024196
0.023366
0.023505
0.025476
0.025100
0.022911
0.022823
0.024609
0.024446
0.024246
0.023305
0.023143
0.023178
0.023094
0.024627
0.024694
0.028316
0.023154
0.023282
0.023273
0.024003
0.025571
0.025455
0.025757
0.024409
0.024777
0.023519
0.024869
0.024975
0.023704
0.025241
0.023824
0.023595
0.023768
0.024042
0.025186
0.030120
0.025385
0.023803
0.023766
0.023813
0.023979
0.023972
0.024187
0.024089
0.024116
0.024104
0.024306
0.024281
0.024276
0.026521
0.024339
0.025670
0.025276
0.025630
0.024427
0.032326
0.025457
0.027235
0.027086
0.026906
0.026855
0.027022
0.025432
0.026651
0.026782
0.027024
0.025555
0.026826
0.026971
0.025555
0.025509
0.025557
0.027017
0.027034
0.025730
0.030451
0.027055
0.027000
0.025900
0.025926
0.026053
0.027348
0.026058
0.027272
0.025876
0.025728
0.027166
0.027175
0.027280
0.027480
0.027341
0.027600
0.026209
0.026314
0.026324
0.032452
0.027579
0.027681
0.026417
0.027744
0.027866
0.027628
0.027695
0.028008
0.027796
0.027825
0.026447
0.027730
0.027987
0.027835
0.027988
0.028138
0.028172
0.029273
0.029280
0.035805
0.030780
0.030951
0.029481
0.030862
0.029582
0.027003
0.028424
0.028377
0.028501
0.028522
0.028471
0.027222
0.028210
0.059301
0.031200
0.030721
0.031160
0.028736
0.028901
0.033767
0.028499
0.031582
0.028972
0.029037
0.027458
0.028681
0.028774
0.028684
0.029009
0.029722
0.029547
0.029299
0.029277
0.029351
0.029360
0.029676
0.028110
0.029598
0.029710
0.034775
0.028020
0.029286
0.029288
0.029568
0.029789
0.029480
0.029624
0.029648
0.029815
0.029375
0.028038
0.029603
0.029866
0.029771
0.029999
0.029945
0.028672
0.030142
0.029835
0.033648
0.030382
0.030518
0.030509
0.029014
0.028917
0.030138
0.030659
0.029274
0.029039
0.029080
0.030552
0.030577
0.030586
0.029379
0.029417
0.029081
0.030400
0.029112
0.030528
0.035621
0.030564
0.030697
0.029331
0.030681
0.029659
0.031149
0.031067
0.031380
0.029558
0.030330
0.030718
0.031423
0.030711
0.030260
0.030151
0.029984
0.031371
0.030234
0.031009
0.035301
0.032022
0.030221
0.031595
0.029837
0.031440
0.031802
0.031730
0.031677
0.031937
0.032038
0.032073
0.032017
0.032205
0.030822
0.032115
0.032217
0.031379
0.031696
0.031477
0.036541
0.031050
0.032571
0.031012
0.031654
0.030298
0.029979
0.031992
0.031504
0.030892
0.030651
0.032849
0.033004
0.032796
0.033281
0.031564
0.032862
0.033085
0.032994
0.035416
0.040225
0.034511
0.034742
0.032894
0.034552
0.033930
0.034578
0.034366
0.034655
0.034792
0.032057
0.032084
0.033649
0.034230
0.032198
0.033859
0.032365
0.038746
0.038213
0.033468
0.038898
0.034108
0.034094
0.032581
0.033459
0.034400
0.034784
0.034879
0.032922
0.034509
0.032696
0.033739
0.034885
0.034956
0.033213
0.033310
0.033580
0.034936
0.034054
0.036816
0.040887
0.034949
0.034800
0.034697
0.036077
0.034907
0.034958
0.034944
0.035042
0.034817
0.035368
