435	328	54	132
434	322	58	145
441	320	57	144
446	322	59	143
453	322	52	147
456	317	55	150
459	315	54	144
466	318	58	147
472	314	59	150
479	312	59	161
488	308	58	169
494	298	63	172
493	303	76	177
496	296	89	190
500	304	112	184
512	311	129	178
536	316	124	197
588	306	89	223
582	321	113	210
572	315	137	224
564	325	164	207
591	313	147	222
601	294	139	240
633	291	125	262
638	294	141	268
661	298	139	242
691	305	127	274
717	302	119	276
736	311	102	241
724	326	121	263
730	331	108	222
724	335	131	213
728	323	111	244
734	291	107	268
736	278	111	290
727	279	122	260
730	260	111	274
722	270	120	262
716	251	120	249
704	237	124	285
680	238	134	263
665	234	139	256
661	228	125	272
659	225	118	256
638	217	124	274
626	217	126	284
617	207	132	296
614	199	129	319
602	209	142	321
620	218	120	297
613	203	135	331
617	213	154	316
637	201	139	336
653	216	130	324
677	232	108	296
677	227	127	304
687	241	137	292
693	239	147	292
716	232	135	309
721	237	134	305
736	221	108	307
739	219	122	317
744	235	126	294
754	236	132	295
769	224	136	319
787	239	135	300
813	250	121	286
834	246	120	305
851	256	126	286
866	237	122	284
871	249	129	294
884	259	109	261
882	238	121	281
905	252	102	276
894	260	112	241
905	242	94	252
905	251	99	251
912	246	97	240
915	241	95	237
911	239	90	239
895	229	107	223
895	219	109	236
899	222	87	231
883	217	96	212
887	217	95	215
884	217	96	219
873	205	89	243
867	210	93	230
865	229	89	213
864	235	95	204
865	232	84	221
850	246	91	208
845	237	79	218
833	239	78	224
821	259	76	208
801	243	84	230
790	258	88	231
773	264	87	220
751	269	97	224
749	291	88	218
732	285	88	222
703	282	100	216
709	291	92	227
695	287	94	225
675	280	103	224
650	282	114	227
618	272	131	249
621	262	108	272
599	266	121	277
577	258	114	274
551	258	123	289
506	272	143	293
488	262	123	314
454	273	141	311
424	276	143	306
397	250	142	313
386	232	138	332
367	209	134	342
361	191	146	350
357	183	157	364
339	166	183	372
355	163	178	352
387	157	161	393
374	172	184	376
384	176	186	362
416	183	202	402
427	184	190	412
445	167	182	425
462	193	201	463
465	217	223	448
473	225	250	451
459	249	228	458
438	208	220	457
430	205	203	463
451	241	181	462
435	213	211	483
427	231	226	460
423	241	234	456
442	204	232	461
467	206	197	478
483	212	210	485
507	200	205	481
500	219	220	477
508	203	214	479
513	196	202	458
507	215	209	461
517	179	202	490
503	168	212	468
487	180	225	471
467	171	228	476
453	168	253	446
455	196	240	454
463	186	233	455
498	181	248	447
532	193	256	471
543	186	269	464
572	180	274	435
607	195	253	472
633	187	258	467
667	176	266	485
704	180	274	496
696	172	277	483
735	174	265	471
763	198	239	487
767	200	240	458
785	200	231	470
770	189	228	484
746	172	237	469
727	154	241	466
725	141	213	478
716	146	199	442
708	139	217	460
712	178	214	432
689	136	211	443
673	151	195	431
656	162	183	430
652	162	179	411
654	165	171	427
660	175	182	413
677	174	172	398
686	191	181	395
694	192	190	383
706	210	193	336
721	207	182	357
736	198	186	358
748	173	163	355
761	181	159	358
762	187	161	345
769	184	160	339
780	188	153	351
765	199	168	325
771	181	170	335
791	180	155	355
817	192	130	343
823	185	135	351
845	195	129	343
836	193	144	345
841	194	150	333
866	210	128	343
869	212	133	319
875	229	125	300
876	229	125	327
868	226	115	314
842	220	131	320
826	244	138	288
811	238	146	301
801	231	150	319
802	261	155	293
780	251	180	297
798	255	141	272
824	266	115	274
805	262	124	267
799	267	134	261
795	267	139	285
795	242	135	283
790	239	120	295
777	241	117	304
767	243	113	287
753	242	131	314
746	265	136	298
739	254	141	329
