455	88	61	170
453	85	69	180
455	89	70	182
454	86	70	179
452	84	77	174
453	82	69	172
452	80	69	167
451	82	70	162
451	83	73	170
451	88	79	170
455	88	79	168
460	92	81	183
460	91	83	171
459	90	85	170
465	84	81	173
469	86	82	179
470	89	78	182
476	93	71	181
474	97	79	180
473	98	83	181
473	98	79	171
477	102	76	175
478	99	77	188
478	97	68	183
482	106	65	191
482	103	65	207
487	112	65	204
484	115	70	190
493	119	61	186
494	117	60	184
501	112	55	189
502	109	53	198
506	111	50	203
508	116	51	196
516	117	49	205
517	118	49	200
519	123	49	194
517	122	53	206
517	120	59	205
516	126	58	204
518	132	56	211
521	132	51	209
524	141	49	211
526	143	50	221
525	149	53	203
525	154	54	209
523	155	60	210
525	156	61	220
523	163	64	236
525	169	64	238
535	178	57	228
538	178	55	232
546	186	57	228
550	186	62	227
557	193	70	220
568	197	70	220
581	200	73	239
591	203	71	255
604	212	68	239
614	215	65	250
622	221	62	254
630	216	59	244
641	230	61	237
647	232	69	232
663	236	68	238
672	238	73	248
691	244	64	269
699	249	64	270
712	257	63	273
720	262	67	275
728	264	71	274
730	271	79	260
738	268	73	252
742	273	73	262
750	280	80	273
754	282	82	271
761	284	80	279
765	287	75	264
767	278	80	264
770	279	75	245
774	268	72	239
773	270	76	228
775	266	73	232
770	260	79	261
777	248	72	285
775	242	70	244
777	229	65	226
774	217	67	215
767	202	75	221
766	197	73	216
762	196	76	223
764	182	72	219
761	176	72	237
760	162	70	257
760	155	69	258
762	149	68	253
761	127	65	250
757	117	69	237
754	122	65	240
749	130	67	244
752	134	63	232
