0.571467
0.016100
0.018401
0.018537
0.018527
0.018579
0.019498
0.021057
0.018315
0.018292
0.018424
0.018712
0.017605
0.018631
0.018474
0.019548
0.021625
0.021219
0.019545
0.021274
0.023719
0.021395
0.017786
0.019023
0.017900
0.019247
0.018162
0.019249
0.019166
0.019001
0.021711
0.020335
0.019978
0.021741
0.021301
0.020029
0.021752
0.020466
0.018318
0.022230
0.026847
0.022382
0.022414
0.022309
0.021722
0.021414
0.024444
0.023173
0.021643
0.021582
0.024876
0.019932
0.022451
0.020868
0.022001
0.022481
0.022302
0.020751
0.020931
0.025049
0.025202
0.022602
0.022751
0.020052
0.023065
0.021566
0.021420
0.023219
0.021497
0.020509
0.023270
0.020400
0.020730
0.019408
0.020624
0.020863
0.021018
0.021240
0.021142
0.021173
0.026225
0.021571
0.020218
0.019871
0.020072
0.019943
0.022367
0.022361
0.022227
0.019945
0.021787
0.021869
0.021899
0.020047
0.020269
0.021854
0.024026
0.024087
0.027078
0.027018
0.025559
