0.562310
0.015747
0.015700
0.016475
0.015495
0.016257
0.016435
0.017411
0.017482
0.017704
0.017680
0.016589
0.016562
0.017670
0.016583
0.017781
0.016792
0.017803
0.016747
0.016848
0.019232
0.016906
0.017961
0.018139
0.017041
0.017151
0.018373
0.017105
0.017193
0.017131
0.017251
0.018538
0.018479
0.017313
0.017402
0.018495
0.017503
0.018732
0.017501
0.017624
0.022413
0.018911
0.017650
0.018735
0.017791
0.017730
0.018920
0.017817
0.018922
0.019024
0.018970
0.017847
0.017920
0.018013
0.019262
0.019177
0.018087
0.019262
0.018154
0.018140
0.023216
0.018219
0.019505
0.018396
0.019537
0.018178
0.018300
0.018330
0.019473
0.019800
0.019601
0.019666
0.019791
0.019687
0.019848
0.018674
0.019857
0.018803
0.019854
0.018736
0.024921
0.018790
0.020146
0.020109
0.018964
0.019017
0.020205
0.020177
0.020317
0.019120
0.019055
0.019091
0.020420
0.019334
0.020588
0.020437
0.019240
0.019244
0.019317
0.020788
