0.555107
0.017626
0.019812
0.019044
0.019142
0.019395
0.018781
0.020034
0.018613
0.020334
0.018972
0.018976
0.016742
0.020688
0.016742
0.020384
0.016807
0.020765
0.019310
0.019318
0.019315
0.020712
0.019430
0.017103
0.020748
0.019372
0.019551
0.019501
0.019489
0.019352
0.020893
0.021068
0.021258
0.020963
0.019751
0.021090
0.019769
0.021387
0.021433
0.021898
0.026602
0.021624
0.020172
0.019983
0.021673
0.021508
0.021757
0.021927
0.020560
0.018308
0.018238
0.022099
0.020719
0.022273
0.021365
0.018711
0.019873
0.019915
0.020084
0.019839
0.024695
0.019740
0.022707
0.019927
0.020146
0.019979
0.020049
0.020346
0.020329
0.020423
0.020638
0.020505
0.020475
0.020571
0.020578
0.020565
0.020880
0.020779
0.020799
0.020841
0.025784
0.020859
0.020713
0.019503
0.020940
0.019560
0.020810
0.019489
0.023632
0.019907
0.020972
0.021135
0.020901
0.021007
0.021261
0.021214
0.021473
0.021272
0.021259
0.021353
0.026121
