0.561977
0.015895
0.015484
0.017724
0.017578
0.017456
0.017439
0.017340
0.018501
0.018711
0.017479
0.017769
0.016616
0.016843
0.016892
0.016891
0.018823
0.017779
0.019208
0.017910
0.019427
0.019103
0.019101
0.018169
0.017003
0.017991
0.018111
0.018057
0.019290
0.019321
0.018105
0.018051
0.019254
0.019254
0.017988
0.019554
0.019774
0.019505
0.018450
0.018491
0.023754
0.017734
0.017571
0.019063
0.017912
0.017687
0.017841
0.017795
0.017938
0.018702
0.020138
0.018918
0.018734
0.020332
0.020409
0.019068
0.020164
0.019008
0.020322
0.019128
0.023914
0.020561
0.019141
0.020494
0.021069
0.020679
0.019800
0.018702
0.018444
0.018635
0.019867
0.018828
0.019543
0.019535
0.019635
0.021125
0.021308
0.021556
0.021318
0.019757
0.025933
0.021205
0.020026
0.021764
0.021597
0.021353
0.021389
0.019901
0.020013
0.020658
0.022052
0.020744
0.020694
0.021804
0.019398
0.020009
0.020417
0.021418
0.022411
0.020335
0.026583
0.020520
0.019746
0.019852
0.020083
0.021598
0.021964
0.022655
0.021159
0.023196
0.023857
0.021578
0.022615
0.022661
0.022727
0.022879
0.022892
0.022495
0.021906
0.022361
0.025726
0.021592
0.022232
0.022379
0.021035
0.020942
0.021250
0.022657
0.022129
0.022676
0.022534
0.022697
0.022289
0.021168
0.022430
0.022757
0.022454
0.022591
0.025334
0.023685
0.028908
0.021518
0.021460
0.021528
0.021702
0.021942
0.021749
0.021893
0.023263
0.023102
0.023214
0.021529
0.024492
0.022753
0.022675
0.022704
0.024020
0.023911
0.023918
0.024014
0.029749
0.024009
0.023328
0.023755
0.021960
0.022812
0.023311
0.022304
0.022348
0.023757
0.022304
0.022359
0.022392
0.023046
0.022459
0.023333
0.023321
0.023229
0.023206
0.024591
0.029681
0.023305
0.023439
0.024844
0.024781
0.023466
0.023517
0.025410
0.025961
0.026278
0.024392
0.024361
0.024717
0.024068
0.023808
0.023803
0.023667
0.025956
0.023904
0.024006
0.028999
0.026676
0.026463
0.026580
0.025485
0.024371
0.024400
0.024772
0.025967
0.025418
0.025438
0.026047
0.024310
0.024310
0.024326
0.024135
0.025576
0.027451
0.061658
0.027811
0.031840
0.029112
0.028779
0.029533
0.026715
0.025186
0.026449
0.024747
0.026030
0.026176
0.026447
0.025383
0.026636
0.025316
0.024520
0.026135
0.024885
0.025600
0.025674
0.024911
0.031376
0.026464
0.025234
0.025451
0.027815
0.025292
0.026547
0.026551
0.025311
0.025337
0.025686
0.026392
0.027200
0.025225
0.025294
0.025200
0.025330
0.025675
0.026587
0.027926
0.031977
0.027456
0.027831
0.028154
0.028906
0.025897
0.028469
0.026518
0.026319
0.028075
0.028008
0.031130
0.027307
0.026690
0.026783
0.026929
0.026825
0.026775
0.026816
0.027025
0.031883
0.026979
0.027205
0.027077
0.027212
0.028739
0.028601
0.028671
0.028721
0.028861
0.027193
0.028862
0.028811
0.028783
0.028927
0.028892
0.029025
0.028947
0.029034
0.029014
0.032601
0.029216
0.027604
0.027717
0.027696
0.027823
0.027684
0.028612
0.028629
0.028127
0.027837
0.029753
0.029442
0.028095
0.028077
0.029379
0.028028
0.029530
0.028082
0.029695
0.033782
0.028839
0.027586
0.028956
0.027565
0.027645
0.029268
0.029488
0.027863
0.028059
0.029409
0.030971
0.030882
0.030392
0.030760
0.030701
0.030876
0.030888
0.031393
0.029241
0.036314
0.031265
0.030812
0.029172
0.031407
0.031227
0.031732
0.031653
0.031394
0.031790
0.031723
0.031017
0.031319
0.031575
0.030530
0.031523
0.032154
0.031951
0.031681
0.031741
0.035682
0.030510
0.031478
0.029910
0.030485
0.031296
0.029905
0.031805
0.032363
0.032181
0.032624
0.032291
0.030169
0.030198
0.030187
0.031876
0.031985
0.033364
0.032325
0.032398
0.037149
0.032665
0.032784
0.031162
0.031255
0.031596
0.031353
0.032046
0.032987
0.033140
0.032046
0.033504
0.032541
0.033448
0.033173
0.033257
0.032753
0.032577
0.033420
0.033792
0.038718
0.033931
0.032963
0.032446
0.030880
0.032482
0.032928
0.032654
0.032552
0.032464
0.032628
0.032737
0.033246
0.033029
0.031397
0.032976
0.031359
0.031306
0.030533
0.031455
0.036554
0.031646
0.033035
0.031702
0.032588
0.030725
0.032368
0.032515
0.032369
0.032650
0.033634
0.031926
0.032055
0.031264
0.031275
0.031364
0.031196
0.031276
0.031166
0.033126
0.038017
0.031587
0.031487
0.031947
0.031945
0.031870
0.033089
0.033188
0.032055
0.033608
0.033571
0.031395
0.033504
0.032030
0.031435
0.031667
0.031551
0.031673
0.032876
0.031655
0.038373
0.033541
0.031937
0.031727
0.033476
0.033565
0.031981
0.031939
0.033621
0.032191
0.031940
0.034586
0.034307
0.032574
0.033783
0.034750
0.034425
0.032978
0.032982
0.034208
0.039452
0.034825
0.034625
0.034278
0.032806
0.033196
0.033123
0.034547
0.034625
0.034819
0.032991
0.033302
0.034951
0.033385
0.034936
0.033645
0.033280
0.033588
0.033341
0.033996
0.038590
0.035067
0.035344
0.033813
0.034810
0.033907
0.035614
0.033962
0.033930
0.035969
0.035562
0.036031
0.035287
0.033647
0.035190
0.035129
0.036099
0.035194
0.033705
0.034017
0.038700
0.035506
0.034136
0.034115
0.033870
0.034235
0.034064
0.034329
0.034300
0.035874
0.034213
0.035732
0.036143
0.034599
0.034565
0.033925
0.033721
0.033995
0.034035
0.035638
0.041145
0.034411
0.034248
0.036255
0.036235
0.036423
0.034342
0.034828
0.036227
0.035996
0.036773
0.035216
0.035094
0.036533
0.035996
0.037040
0.036820
0.037037
0.037148
0.037375
0.040162
0.035179
0.037268
0.035563
0.035550
0.036940
0.035331
0.035849
0.035841
0.035139
0.037202
0.035416
0.035545
0.037047
0.035450
0.036242
0.037350
0.036744
0.035494
0.035616
0.042433
0.036942
0.035721
0.036199
0.037609
0.037949
0.038303
0.037171
0.035460
0.036019
0.036016
0.035886
0.035656
0.035631
0.035853
0.037266
0.036330
0.036284
0.038494
0.036147
0.042635
0.038116
0.036819
0.038649
0.038319
0.036510
0.037822
0.037918
0.038250
0.038320
0.038434
0.036785
0.068535
0.037050
0.037009
0.036640
0.036655
0.036364
0.038376
0.038450
0.041811
0.036622
0.036676
0.036795
0.037002
0.036502
0.036965
0.036750
0.036847
0.038477
0.036950
0.037148
0.037075
0.039160
0.039477
0.038629
0.038711
0.037552
0.038321
0.037703
0.042824
0.039116
0.038944
0.039024
0.039173
0.039471
0.039270
0.039551
0.037837
0.037808
0.039051
0.038074
0.037897
0.039917
0.039754
0.038234
0.040386
0.038640
0.038630
0.040154
0.044557
0.038405
0.040395
0.040197
0.039526
0.040410
0.039799
0.039958
0.039909
0.040186
0.040348
0.039836
0.038144
0.040386
0.038770
0.038652
0.038576
0.038940
0.040775
0.038768
0.043872
0.040386
0.040377
0.040534
0.038798
0.040551
0.040788
0.042135
0.039407
0.039335
0.039443
0.039900
0.039869
0.040825
0.041549
0.039578
0.040986
0.040884
0.041346
0.041179
0.045750
0.041382
0.039549
0.041500
0.042265
0.041760
0.040372
0.041714
0.039868
0.042006
0.041426
0.040282
0.040315
0.040375
0.040520
0.041816
0.040559
0.040615
0.041847
0.043520
0.047106
0.041875
0.041811
0.041994
0.041881
0.041814
0.041951
0.042099
0.041676
0.042008
0.041956
0.042352
0.042675
0.042355
0.042368
0.040492
0.042177
0.042825
0.043027
0.044833
0.049034
