455	230	238	225
440	222	273	238
433	215	259	238
411	219	296	232
385	211	314	240
363	211	340	244
362	214	339	249
356	208	345	243
335	210	371	259
355	211	344	228
360	213	320	225
353	205	324	216
322	192	338	248
292	185	350	245
278	184	353	253
273	179	355	259
272	180	349	255
266	185	329	249
235	193	355	232
207	187	355	240
168	182	384	233
147	175	385	241
137	174	383	260
101	160	396	256
80	171	410	255
78	164	417	253
87	183	423	245
56	182	444	243
45	195	440	230
40	191	452	236
27	167	476	275
9	178	486	235
5	180	498	245
14	174	462	237
56	181	444	246
48	164	467	250
45	183	532	234
26	186	608	236
27	177	673	252
97	184	732	248
328	173	658	255
348	172	627	271
343	182	707	278
384	189	685	276
299	175	574	302
335	181	494	307
384	180	512	278
381	196	588	281
390	197	630	286
402	201	601	229
400	176	592	272
420	184	555	261
443	186	495	271
460	198	488	244
450	196	490	243
456	202	527	229
467	209	573	217
475	216	571	210
495	226	592	206
504	207	593	217
533	203	558	225
577	225	533	203
578	220	540	201
584	213	550	211
580	209	573	219
597	199	592	224
590	189	646	237
621	188	631	226
677	209	589	210
702	184	567	222
758	188	519	218
752	156	512	254
770	162	504	247
803	154	458	252
822	158	457	244
830	168	354	239
866	150	295	259
464	138	341	257
466	134	352	254
492	130	351	258
529	131	340	251
557	136	340	252
541	134	362	264
544	141	376	281
543	145	370	259
539	143	376	266
555	139	369	262
562	132	353	260
576	127	336	261
596	124	321	256
591	138	322	260
584	138	341	264
582	140	357	259
564	157	369	248
561	154	361	248
540	145	367	255
525	142	360	253
535	129	351	271
550	152	319	263
532	145	336	281
508	147	356	283
