0.643316
0.030574
0.031440
0.032253
0.034828
0.031258
0.037295
0.032412
0.031674
0.031945
0.032571
0.035015
0.037151
0.035247
0.036576
0.036623
0.036258
0.036446
0.037289
0.037895
0.036976
0.034310
0.033768
0.033475
0.031640
0.032571
0.033474
0.033758
0.031447
0.032742
0.032189
0.032949
0.032513
0.031269
0.033380
0.033356
0.033555
0.031385
0.031579
0.032626
0.039738
0.034626
0.034431
0.033282
0.033544
0.032417
0.033438
0.032962
0.031717
0.032735
0.032533
0.030743
0.031254
0.031530
0.032039
0.035235
0.030653
0.031349
0.031447
0.032681
0.035840
0.030928
0.031403
0.033274
0.035286
0.032662
0.032810
0.031456
0.031695
0.031638
0.031814
0.031542
0.031424
0.033257
0.033197
0.033284
0.031864
0.033446
0.031797
0.032355
0.037092
0.032278
0.037664
0.037881
0.031866
0.051099
0.040676
0.030843
0.042351
0.031735
0.086536
0.086859
0.084371
0.084348
0.084491
0.084976
0.085100
0.048588
0.084156
0.084221
