0.568254
0.020062
0.018569
0.018385
0.016076
0.017277
0.018337
0.018387
0.018301
0.021130
0.019952
0.021273
0.019890
0.021249
0.018727
0.017454
0.018640
0.018721
0.018930
0.018766
0.021118
0.018961
0.018907
0.018939
0.018986
0.019219
0.019536
0.018408
0.019701
0.019747
0.019903
0.019716
0.022652
0.019567
0.018291
0.019753
0.019677
0.018406
0.019695
0.019888
0.024333
0.019238
0.019206
0.019375
0.018153
0.022096
0.020546
0.022270
0.022311
0.022239
0.022106
0.020799
0.020800
0.020805
0.022274
0.022226
0.022693
0.019950
0.020031
0.020083
0.025099
0.022773
0.022874
0.019154
0.025764
0.019084
0.020376
0.020297
0.022918
0.022930
0.022780
0.022798
0.022836
0.021337
0.021347
0.023034
0.023223
0.019404
0.020712
0.020799
0.025654
0.020750
0.020671
0.020735
0.023460
0.023461
0.021863
0.023858
0.022124
0.023532
0.022228
0.022072
0.022077
0.023784
0.022267
0.020181
0.021442
0.021376
0.020082
0.021705
