0.595011
0.016168
0.017417
0.017222
0.017143
0.017061
0.018413
0.018206
0.018264
0.018587
0.018513
0.018342
0.018520
0.018417
0.018830
0.018777
0.018584
0.018636
0.018364
0.018521
0.021599
0.019304
0.019239
0.018704
0.019603
0.019384
0.019281
0.019118
0.019407
0.019670
0.019391
0.019411
0.019531
0.019312
0.019522
0.019300
0.019387
0.019643
0.019840
0.019893
0.024603
0.020070
0.019882
0.019829
0.020063
0.019908
0.019793
0.019851
0.019895
0.019706
0.019971
0.020229
0.020201
0.020099
0.020290
0.020192
0.020302
0.020307
0.020301
0.020077
0.025255
0.020409
0.019022
0.020442
0.020310
0.020523
0.020696
0.020514
0.020553
0.020583
0.020501
0.020288
0.020359
0.020366
0.021203
0.020160
0.020655
0.020735
0.020460
0.020411
0.026291
0.021368
0.020948
0.020954
0.021118
0.021240
0.021177
0.021363
0.021485
0.021432
0.021468
0.021472
0.021179
0.021297
0.021092
0.021132
0.022074
0.021561
0.021336
0.021098
0.025770
0.021200
0.021025
0.021087
0.021049
0.021180
0.021273
0.021051
0.021142
0.021084
0.021069
0.021204
0.030575
0.021819
0.021802
0.021044
0.021770
0.021993
0.022168
0.022714
0.027045
0.022675
0.022565
0.022235
0.023267
0.022490
0.022240
0.022022
0.022099
0.022348
0.022831
0.022817
0.022951
0.022599
0.022727
0.022984
0.022467
0.022417
0.022284
0.022518
0.027446
0.022732
0.022527
0.022458
0.022401
0.022701
0.022535
0.022641
0.022801
0.022733
0.022707
0.022602
0.022561
0.022962
0.023069
0.022979
0.023111
0.023165
0.023509
0.023163
0.028332
0.023442
0.023452
0.023703
0.023780
0.023840
0.023219
0.023503
0.023352
0.023454
0.023412
0.023798
0.024161
0.024117
0.023922
0.023625
0.024207
0.024129
0.023918
0.023821
0.029069
0.024174
0.024599
0.023934
0.025020
0.024482
0.041114
0.023678
0.023313
