0.554739
0.018026
0.017617
0.018643
0.018733
0.018835
0.018348
0.020027
0.018471
0.018427
0.020278
0.020464
0.019115
0.017756
0.020778
0.018844
0.018816
0.019986
0.018683
0.019731
0.020812
0.020160
0.020393
0.020421
0.018875
0.020657
0.020591
0.021009
0.022880
0.022567
0.022784
0.020533
0.018965
0.018947
0.018009
0.017900
0.019086
0.021697
0.021528
0.022066
0.020952
0.024316
0.024281
0.021644
0.018076
0.019434
0.020954
0.022273
0.022264
0.024968
0.021276
0.019421
0.019212
0.023631
0.021251
0.018564
0.019662
0.022329
0.020970
0.024743
0.025758
0.021168
0.021059
0.021049
0.023677
0.023640
0.020828
0.022129
0.023595
0.025284
0.022639
0.022502
0.022786
0.022660
0.021055
0.021437
0.021423
0.022873
0.022669
0.022683
0.026406
0.023099
0.023259
0.023239
0.023449
0.023510
0.023525
0.022933
0.024141
0.021473
0.023183
0.021070
0.020957
0.021012
0.021997
0.022104
0.023772
0.023986
0.022282
0.021194
