0	225	134	220
5	221	165	208
8	211	179	228
15	211	207	235
-14	234	254	247
4	225	253	223
-5	214	271	232
-6	205	288	267
-4	212	277	261
-2	222	277	237
4	221	294	263
1	220	335	252
16	200	358	269
-4	213	397	245
9	215	409	259
-3	232	489	245
1	224	505	263
-6	230	506	272
0	235	493	244
-1	227	490	268
-1	229	487	286
-9	239	500	264
1	224	483	280
11	232	493	293
15	244	524	266
17	236	506	278
38	243	502	259
33	252	509	257
55	238	481	270
70	232	473	289
90	235	439	277
99	254	434	263
112	264	418	254
118	271	418	260
108	259	425	267
117	261	431	272
104	267	445	266
107	261	442	270
118	284	432	245
143	263	394	276
136	274	394	255
161	285	366	242
150	275	375	268
176	279	352	267
163	273	371	284
179	290	363	267
181	279	339	266
195	271	329	291
175	287	336	270
188	289	333	268
189	285	311	284
179	283	311	287
214	280	297	296
212	286	285	285
207	288	280	280
208	279	284	293
201	285	277	284
199	287	271	272
194	284	280	275
185	290	283	273
167	291	292	274
165	291	287	273
171	288	268	283
148	292	288	279
161	280	286	298
136	277	304	300
111	291	326	278
87	282	352	295
92	274	350	304
82	266	370	322
80	265	358	316
76	269	378	319
68	268	372	305
60	290	392	291
44	286	424	293
39	280	427	304
39	278	438	314
33	257	456	330
28	285	457	303
15	273	466	307
17	276	441	320
12	283	482	306
11	263	478	328
20	268	381	330
18	267	391	328
19	262	437	330
17	273	449	317
29	266	405	320
29	268	402	328
17	264	435	328
