576	397	135	177
553	372	142	201
549	353	144	210
539	380	136	232
517	363	162	223
502	344	188	226
492	344	201	201
510	341	179	184
527	374	155	147
528	358	145	156
526	347	144	166
512	341	162	161
509	377	165	147
492	358	180	149
465	347	201	153
451	337	222	177
441	350	221	209
423	328	235	241
416	331	242	246
389	337	285	243
372	335	315	246
356	326	336	270
373	321	334	277
317	309	388	298
314	321	403	291
306	309	419	295
295	311	424	288
280	281	433	321
247	324	482	250
240	335	468	242
232	336	469	261
221	347	469	280
187	362	478	252
172	339	493	276
150	340	519	268
150	343	500	265
127	345	503	238
152	337	498	172
143	332	540	173
143	318	591	172
156	310	601	169
178	276	562	200
200	230	521	243
234	242	468	237
243	275	445	210
246	276	440	229
228	250	439	256
206	249	441	262
185	247	399	281
163	341	419	252
144	308	441	314
133	290	473	281
138	265	460	275
140	257	413	287
136	249	422	297
127	248	440	301
119	257	428	294
115	259	398	286
114	234	389	313
108	247	406	315
97	257	400	309
87	277	412	306
71	253	447	357
54	287	436	333
31	264	484	373
7	275	491	371
-16	260	527	385
-26	217	492	446
-5	195	510	462
5	182	509	458
3	193	535	440
22	207	496	421
21	208	498	434
16	207	506	431
3	202	543	434
-5	224	596	392
-4	206	566	422
-15	202	514	440
-6	199	414	465
-6	205	360	449
-12	200	336	455
-11	213	362	451
-8	216	382	431
-5	201	394	440
-18	193	441	471
-18	171	535	450
-20	193	559	452
-27	200	582	443
-25	202	623	416
-3	215	678	414
18	198	654	418
43	172	723	442
73	236	705	397
133	299	692	315
178	358	683	246
218	383	690	281
234	391	753	276
225	367	756	289
221	345	739	289
220	388	759	244
254	353	737	271
