228	238	154	241
238	229	156	252
250	221	134	253
242	210	130	270
239	231	130	246
239	208	134	271
234	199	137	275
211	204	166	272
177	206	204	275
175	192	218	283
168	181	200	287
168	172	200	301
180	172	211	304
170	193	205	290
179	186	217	293
161	179	226	292
166	189	230	286
166	194	202	283
170	189	219	282
147	216	252	262
145	195	251	280
158	182	231	289
152	196	235	279
160	205	233	273
159	189	205	283
152	202	229	281
142	191	202	281
158	189	216	289
174	199	208	290
196	211	187	262
217	218	160	251
229	208	150	263
247	197	141	282
254	191	176	272
249	195	193	279
250	201	199	264
257	201	189	270
270	188	181	281
260	198	201	272
247	195	219	279
254	192	205	281
259	199	194	276
243	197	213	276
250	191	198	277
242	202	194	274
250	205	193	263
231	199	205	272
237	201	217	276
246	197	192	272
238	194	218	280
245	188	191	285
255	192	187	279
254	203	181	269
253	195	196	278
254	203	183	269
250	204	212	268
240	210	220	267
257	221	177	250
254	217	188	259
255	209	182	267
259	210	181	271
264	211	164	269
253	218	189	259
225	211	225	271
197	193	246	286
186	186	273	285
168	187	292	296
138	186	297	286
128	179	295	297
129	177	290	297
116	187	258	281
113	189	219	287
117	181	209	293
117	178	208	290
129	172	202	298
178	186	197	287
157	174	178	299
224	175	195	300
228	171	215	311
224	168	229	311
207	160	244	309
170	171	270	313
222	166	225	307
210	186	214	294
217	178	180	309
220	184	225	299
218	189	210	286
239	198	193	283
243	192	165	277
275	193	128	264
