535	102	325	569
527	109	338	585
518	96	341	588
487	101	377	579
492	101	360	569
477	105	368	577
462	110	390	569
468	112	388	579
467	109	379	568
480	102	373	595
483	109	369	570
493	103	353	565
500	100	357	573
490	92	363	587
492	84	349	598
497	87	350	585
484	84	359	583
463	87	376	573
455	88	393	570
457	81	379	578
449	81	387	593
440	76	395	587
456	69	381	604
457	58	376	600
459	53	379	613
455	58	380	592
463	58	369	613
460	50	369	605
477	59	355	612
466	55	360	596
469	47	360	618
466	37	369	633
466	47	366	615
456	41	381	612
452	18	372	643
443	43	382	617
445	23	381	653
437	32	393	635
438	37	398	630
435	23	399	650
432	27	406	635
437	42	395	611
420	22	427	624
422	36	426	599
419	35	431	599
408	18	441	616
397	16	465	633
410	26	451	612
420	24	429	608
425	44	446	590
422	51	459	584
424	49	453	572
425	42	455	579
424	50	466	581
429	51	464	580
434	47	457	602
415	46	470	604
420	56	472	588
424	62	462	587
411	76	486	572
424	104	475	534
411	97	489	561
411	123	481	523
417	122	479	537
418	129	490	531
412	157	494	494
416	150	492	509
410	161	503	506
405	159	498	516
409	177	493	490
405	179	503	488
400	185	504	493
393	204	510	480
392	208	516	480
398	229	511	457
395	230	506	464
404	231	495	461
412	242	490	454
398	255	509	443
397	253	507	441
396	247	516	420
400	241	514	405
407	219	515	401
397	207	544	392
407	180	526	384
408	161	541	383
407	138	542	398
402	131	563	378
404	118	565	378
416	117	566	380
411	108	565	395
415	135	568	372
427	115	553	372
424	141	565	360
426	129	559	361
405	154	599	354
420	145	586	367
405	142	600	347
383	167	645	345
416	152	607	351
