481	129	463	502
499	147	419	485
454	134	460	477
482	140	410	486
467	128	413	482
416	132	461	529
396	132	453	526
400	151	455	483
418	146	454	477
421	129	459	481
417	129	450	476
421	123	442	491
425	117	428	509
418	119	419	487
419	132	428	452
421	130	439	450
437	130	407	446
439	123	438	476
446	124	443	489
456	131	460	458
466	138	460	425
480	134	465	441
495	129	459	440
514	120	451	459
500	120	474	451
495	119	468	469
506	122	453	461
463	138	479	433
464	131	463	438
482	125	441	466
474	114	452	485
480	122	443	486
489	128	439	490
478	156	473	461
483	147	461	443
502	140	472	468
484	133	474	463
496	139	459	467
496	144	437	462
500	143	430	487
506	148	420	463
495	133	435	471
491	129	426	476
501	131	412	484
498	127	438	496
489	140	443	481
483	152	452	467
480	148	459	465
490	136	452	480
509	123	452	491
510	138	460	492
514	133	440	492
498	137	462	492
491	142	466	471
488	131	482	503
502	110	451	541
529	114	434	562
498	122	450	534
458	129	491	517
452	133	517	502
461	144	499	489
469	125	508	514
466	114	510	538
485	113	478	544
453	114	506	552
419	115	522	553
432	128	508	533
433	118	496	531
423	112	534	540
422	101	533	567
