0.559582
0.016112
0.015830
0.016772
0.015916
0.015810
0.016707
0.017992
0.017802
0.017792
0.016907
0.018092
0.016929
0.016975
0.017018
0.017155
0.018374
0.017226
0.017161
0.017194
0.019612
0.017292
0.017200
0.017345
0.018776
0.017438
0.017437
0.018579
0.017440
0.017639
0.017545
0.017726
0.017596
0.017790
0.017896
0.018954
0.018807
0.019257
0.017869
0.017875
0.022557
0.018146
0.019285
0.018135
0.019204
0.018191
0.019335
0.019269
0.019541
0.019156
0.019314
0.019280
0.019389
0.019365
0.019574
0.019554
0.018445
0.019558
0.018409
0.019488
0.024657
0.019683
0.018451
0.019728
0.020078
0.018628
0.018652
0.018680
0.019833
0.018815
0.019939
0.018869
0.020017
0.020014
0.020146
0.018969
0.018946
0.019246
0.020200
0.019137
0.025345
0.020582
0.020502
0.020656
0.019299
0.019359
0.019284
0.019357
0.019286
0.020641
0.019415
0.020719
0.020957
0.020697
0.019609
0.020947
0.019581
0.019648
0.019909
0.021097
