3.528909
0.024882
0.018843
0.018760
0.010388
0.018674
0.028478
0.020607
0.019028
0.020085
0.020915
0.022661
0.023542
0.020600
0.019146
0.019433
0.020981
0.021203
0.021975
0.017826
0.020168
0.018075
0.017995
0.019196
0.019148
0.019371
0.019181
0.018190
0.019271
0.021713
0.018208
0.021643
0.020493
0.020501
0.020123
0.021303
0.019736
0.019958
0.020026
0.019868
0.026218
0.021266
0.021223
0.019865
0.021190
0.019996
0.021388
0.020189
0.020207
0.020096
0.019887
0.019948
0.019636
0.019802
0.019821
0.021236
0.020004
0.020028
0.020312
0.020433
0.025629
0.020516
0.020662
0.020468
0.020491
0.020598
0.020817
0.022930
0.020911
0.020906
0.021100
0.022396
0.021193
0.021298
0.021147
0.022384
0.022353
0.022868
0.022548
0.022521
0.027602
0.021125
