0.561568
0.016512
0.017203
0.016483
0.016432
0.015565
0.017776
0.017821
0.016612
0.017800
0.016711
0.017408
0.018702
0.016802
0.017556
0.016873
0.016915
0.016977
0.019106
0.017626
0.021480
0.017756
0.018158
0.016972
0.019239
0.018139
0.017099
0.017205
0.018250
0.017268
0.017309
0.018567
0.017515
0.017455
0.017394
0.018703
0.017627
0.017447
0.017489
0.019902
0.025049
0.018969
0.018523
0.019794
0.019861
0.019895
0.020328
0.018001
0.019972
0.018910
0.020206
0.018867
0.018900
0.020175
0.019024
0.020239
0.020412
0.020619
0.019222
0.020418
0.025645
0.018440
0.018472
0.018372
0.018486
0.018513
0.018455
0.018597
0.018746
0.018730
0.019912
0.019924
0.018832
0.018679
0.019613
0.021094
0.021114
0.021080
0.019560
0.021051
0.025176
0.019802
0.019073
0.019128
0.019022
0.020468
0.019187
0.019100
0.019244
0.019464
0.020658
0.020142
0.021651
0.020121
0.020863
0.019456
0.021640
0.021895
0.020788
0.020355
0.025970
0.021994
0.020489
0.020947
0.019695
0.019785
0.019670
0.021022
0.019878
0.019789
0.021487
0.019940
0.019944
0.021499
0.020175
0.020191
0.020197
0.021714
0.020222
0.020211
0.025045
0.021714
0.020519
0.020468
0.020472
0.020458
0.020675
0.021895
0.020620
0.020539
0.020738
0.020700
0.020828
0.022046
0.020841
0.020865
0.020751
0.020840
0.020757
0.020764
0.026813
0.020848
0.020866
0.020979
0.020993
0.021023
0.022478
0.020996
0.021056
0.021236
0.021280
0.021202
0.021318
0.021381
0.021324
0.021328
0.021521
0.021429
0.021452
0.021466
0.026517
0.021545
0.021327
0.021333
0.021375
0.023291
0.023243
0.021830
0.021788
0.021806
0.021848
0.021918
0.021910
0.021758
0.021787
0.023399
0.022003
0.021934
0.021985
0.022022
0.026995
0.022115
0.022135
0.022845
0.022755
0.024288
0.024370
0.022985
0.024800
0.024604
0.024742
0.023118
0.024844
0.024616
0.024621
0.025160
0.025241
0.025042
0.023630
0.025169
0.028385
0.025134
0.025207
0.023483
0.023526
0.023647
0.024442
0.022916
0.024653
0.023800
0.025527
0.024582
0.023229
0.023195
0.022646
0.024959
0.023203
0.023450
0.024903
0.024927
0.029805
0.024951
0.023278
0.023407
0.023554
0.024911
0.023975
0.025015
0.024822
0.023672
0.025556
0.025308
0.023716
0.023942
0.023895
0.023852
0.025237
0.024081
0.024318
0.024191
0.029137
0.024356
0.024316
0.024279
0.024229
0.024220
0.025647
0.024449
0.025922
0.024461
0.024354
0.024433
0.024404
0.024551
0.026093
0.024618
0.024662
0.024632
0.024868
0.024772
0.029706
0.026144
0.025578
0.024809
0.024750
0.024783
0.024973
0.024899
0.025057
0.024917
0.024847
0.026659
0.025322
0.025181
0.025773
0.026023
0.026107
0.026133
0.027507
0.026188
0.032713
0.027695
0.027660
0.026104
0.027472
0.027508
0.027868
0.027950
0.026568
0.025543
0.025629
0.026871
0.027039
0.025646
0.025673
0.025689
0.025710
0.026025
0.025829
0.027466
0.032289
0.027296
0.025892
0.026158
0.026160
0.027453
0.026340
0.027701
0.027834
0.026129
0.026947
0.028426
0.028532
0.027582
0.028031
0.027849
0.026417
0.027389
0.028842
0.028720
0.033953
0.027378
0.026516
0.029073
0.027320
0.028840
0.028971
0.028932
0.028187
0.028427
0.028036
0.027668
0.027674
0.029307
0.027759
0.029682
0.029838
0.028038
0.028566
0.028544
0.033558
0.027503
0.027297
0.027239
0.027078
0.029900
0.028572
0.027486
0.027482
0.027455
0.028260
0.028316
0.028484
0.029779
0.029786
0.029582
0.029771
0.029910
0.030271
0.028552
0.034916
0.029762
0.030164
0.029122
0.027913
0.029270
0.027941
0.028055
0.035513
0.030567
0.028797
0.030585
0.029571
0.029445
0.029436
0.029496
0.030557
0.029049
0.028936
0.028894
0.035481
0.030646
0.030702
0.030813
0.030645
0.030980
0.030980
0.031307
0.031135
0.031115
0.031297
0.028676
0.029979
0.028832
0.029788
0.031335
0.029640
0.029794
0.031316
0.031234
0.036359
0.031426
0.031491
0.029719
0.031617
0.030186
0.031610
0.030550
0.029895
0.031612
0.032754
0.031021
0.030182
0.031862
0.031551
0.031898
0.031734
0.030241
0.031835
0.030359
0.036690
0.031850
0.031968
0.031820
0.032009
0.032031
0.032220
0.032161
0.032429
0.032393
0.030871
0.030663
0.032567
0.030887
0.032731
0.030600
0.032371
0.032361
0.032550
0.032773
0.036594
0.031722
0.032573
0.030964
0.032643
0.031769
0.030998
0.032632
0.061643
0.032097
0.031375
0.032720
0.032898
0.032969
0.031409
0.031455
0.032861
0.033102
0.032983
0.032914
0.037947
0.033380
0.031650
0.031682
0.033441
0.032883
0.032948
0.031958
0.033720
0.032097
0.031976
0.033876
0.033587
0.033555
0.033900
0.033871
0.033835
0.034210
0.034063
0.032244
0.038632
0.032724
0.034079
0.034378
0.033083
0.033301
0.033935
0.032537
0.034158
0.034070
0.033598
0.032921
0.034289
0.031632
0.033176
0.034724
0.033430
0.034918
0.034940
0.034508
0.039629
0.033589
0.034633
0.033674
0.033096
0.033766
0.034930
0.032868
0.034456
0.033159
0.034657
0.033128
0.034637
0.034944
0.034758
0.034704
0.034718
0.034733
0.034837
0.034734
0.039781
0.035211
0.033397
0.033570
0.034887
0.035192
0.035484
0.033639
0.033683
0.033444
0.035115
0.035101
0.035368
0.035277
0.035386
0.033703
0.035629
0.035664
0.035676
0.035488
0.040623
0.034143
0.034939
0.033137
0.033251
0.033999
0.035523
0.035871
0.035851
0.034504
0.035897
0.034300
0.035911
0.034301
0.035733
0.036269
0.035982
0.035736
0.035896
0.036079
0.041447
0.036447
0.036148
0.036488
0.036245
0.036505
0.036478
0.035278
0.036514
0.036120
0.036292
0.034885
0.036499
0.036752
0.036628
0.036781
0.036959
0.036618
0.036761
0.036986
0.041615
0.036798
0.036784
0.036663
0.036790
0.037030
0.036860
0.036862
0.037116
0.037359
0.035637
0.036921
0.037094
0.037355
0.035596
0.037306
0.037058
0.037081
0.037675
0.035872
0.042454
0.037472
0.037704
0.035826
0.037407
0.037645
0.037770
0.036021
0.037442
0.037869
0.035709
0.037493
0.037757
0.036021
0.037863
0.037771
0.037972
0.037840
0.038102
0.037684
0.042663
0.037978
0.038897
0.038211
0.038353
0.036857
0.036539
0.038061
0.038176
0.038010
0.038402
0.038662
0.036581
0.036533
0.038488
0.038249
0.038240
0.038530
0.038544
0.036707
0.043559
0.038436
0.038218
0.037091
0.036935
0.037163
0.037228
0.037135
0.039057
0.038971
0.039261
