0.703583
0.034220
0.033190
0.029259
0.033648
0.035735
0.025583
0.035369
0.025623
0.036606
0.024528
0.036462
0.024487
0.035998
0.026456
0.036037
0.025715
0.036606
0.024987
0.036059
0.027935
0.034312
0.024822
0.035728
0.023873
0.036094
0.025278
0.035844
0.025822
0.035279
0.025554
0.036562
0.024518
0.036546
0.025067
0.036009
0.024169
0.036654
0.024298
0.037158
0.035356
0.027841
0.026513
0.034334
0.026123
0.035245
0.026643
0.034246
0.025314
0.049221
0.057259
0.040265
0.060770
0.075636
0.077211
0.077064
0.077221
0.077083
0.076995
0.075212
0.102500
0.075366
0.075198
0.075166
0.075277
0.077177
0.075175
0.075096
0.075299
0.075036
0.075067
0.075202
0.075193
0.075394
0.075287
0.075335
0.075100
0.075128
0.075149
0.075034
0.102293
0.074969
0.074976
0.074696
0.074911
0.073025
0.072858
0.075175
0.075330
0.075139
