148	274	160	190
129	283	182	193
121	291	187	194
117	301	179	187
118	305	165	189
124	301	168	202
132	294	160	202
139	299	161	198
147	296	164	198
145	294	170	197
145	302	188	198
133	298	216	195
144	296	207	190
158	284	177	202
161	268	165	196
163	250	168	194
168	234	162	202
169	224	161	208
164	215	180	211
148	207	218	208
143	202	240	214
136	203	214	205
140	192	199	201
138	179	187	202
141	174	171	216
140	173	167	221
136	173	172	221
131	174	174	230
126	180	179	236
116	195	227	223
116	191	258	236
128	189	248	246
144	180	305	261
145	181	348	257
151	178	338	254
166	194	344	262
166	195	350	269
182	206	349	254
179	204	367	261
189	207	336	269
210	208	341	249
228	210	333	278
227	199	329	271
249	204	343	273
261	211	322	285
267	211	329	292
277	218	305	282
269	221	344	255
274	223	386	249
291	229	342	230
306	221	313	243
318	214	315	238
323	211	323	255
325	206	329	268
319	211	355	264
318	210	321	268
311	211	321	275
320	214	314	270
325	207	320	258
332	199	319	254
342	187	321	261
341	181	333	251
342	180	323	264
345	179	321	265
347	180	327	260
352	182	326	258
363	177	337	258
377	164	310	258
387	164	302	255
398	162	269	263
405	171	304	263
407	167	306	260
410	170	319	263
403	170	326	272
411	169	329	265
423	170	354	270
428	164	338	263
452	161	277	262
458	161	280	254
456	157	278	267
450	158	282	264
447	163	278	253
443	168	299	255
443	169	297	249
444	168	304	259
454	158	308	264
468	160	264	225
466	156	327	244
163	132	287	256
167	135	223	255
173	131	221	263
