0.562274
0.016462
0.015693
0.015665
0.015801
0.015919
0.016814
0.017080
0.017324
0.017750
0.017190
0.017268
0.017534
0.017903
0.017725
0.017751
0.018008
0.017869
0.017508
0.017433
0.019587
0.017336
0.017413
0.017422
0.017365
0.017248
0.017276
0.017446
0.017573
0.017557
0.017729
0.017781
0.017789
0.017867
0.018179
0.018466
0.018417
0.018020
0.017906
0.017793
0.022858
0.017963
0.017883
0.018021
0.017989
0.018076
0.018105
0.018240
0.018287
0.018246
0.018488
0.018918
0.019116
0.019552
0.019669
0.020681
0.019581
0.019867
0.019862
0.022434
0.024717
0.020049
0.020061
0.018403
0.020431
0.017738
0.020165
0.020139
0.020169
0.021905
0.019715
0.020010
0.020040
0.020084
0.020036
0.029500
0.022963
0.020172
0.020114
0.020164
0.023077
0.023137
0.020534
0.020563
0.020542
0.020529
0.020541
0.020684
0.020711
0.020909
0.021078
0.020662
0.020500
0.020417
0.020260
0.020086
0.020453
0.020718
0.020900
0.020954
0.031468
