0.560650
0.016551
0.015953
0.015875
0.015825
0.015783
0.016798
0.016905
0.016925
0.016925
0.017014
0.017016
0.017003
0.017155
0.017375
0.017143
0.017244
0.017399
0.018885
0.017509
0.019688
0.017515
0.017491
0.017479
0.017551
0.017680
0.017668
0.016701
0.017589
0.017596
0.017556
0.017657
0.017722
0.017879
0.017757
0.027383
0.027629
0.017909
0.017940
0.017991
0.022934
0.018136
0.018229
0.018348
0.018289
0.021209
0.025447
0.018411
0.018434
0.018652
0.018386
0.018558
0.018363
0.018532
0.018516
0.018558
0.018477
0.018753
0.018713
0.018914
0.023970
0.019179
0.019226
0.019171
0.019133
0.019239
0.019313
0.019353
0.019253
0.019224
0.019288
0.019463
0.019316
0.019424
0.019444
0.019380
0.019401
0.019634
0.019509
0.019516
0.024525
0.019671
0.019665
0.019765
0.018676
0.019969
0.019811
0.019843
0.019870
0.019973
