335	328	741	251
331	322	712	262
324	317	711	277
349	339	672	245
342	310	703	277
315	316	709	263
303	330	717	259
331	316	676	254
353	322	657	271
350	321	653	258
358	344	640	255
339	330	643	264
358	327	621	282
367	319	604	289
357	325	613	272
349	315	623	260
345	322	620	250
351	322	596	245
352	315	586	264
334	318	600	251
331	340	599	237
340	334	577	237
341	328	577	231
343	322	576	244
344	324	599	233
329	315	631	234
290	325	657	238
265	311	698	254
301	321	664	243
290	316	688	245
303	336	685	232
259	318	740	255
271	325	725	249
292	315	730	279
286	319	720	268
300	329	702	259
326	346	666	244
310	327	721	280
284	326	765	261
225	334	824	271
243	337	817	263
288	343	781	271
323	345	734	277
337	354	740	283
316	342	762	279
319	344	782	265
361	386	746	262
314	329	809	279
335	357	783	303
365	370	746	267
339	363	809	311
343	361	788	282
357	361	819	338
377	364	797	338
354	358	816	328
365	382	802	307
347	410	828	264
371	369	825	314
373	368	816	324
372	396	852	297
410	385	810	316
379	343	854	333
338	354	906	318
301	370	954	334
210	343	1047	309
175	341	1084	331
211	366	1031	302
229	365	1032	319
217	365	1044	314
188	291	1087	393
122	279	1119	400
133	344	1095	317
253	352	1016	354
218	272	966	415
206	193	907	456
180	291	883	383
134	289	888	392
163	251	776	410
122	237	838	333
134	218	868	348
158	265	867	311
198	234	753	341
204	317	750	283
172	251	757	333
173	237	806	406
186	207	832	358
193	88	804	439
195	52	870	459
153	250	893	360
160	196	830	409
188	182	788	374
220	149	775	421
214	217	680	373
252	281	609	293
231	274	604	298
249	287	500	267
383	308	476	263
378	329	520	236
384	341	487	231
379	311	493	260
