0.576872
0.016726
0.017328
0.017324
0.016340
0.017156
0.017295
0.018535
0.018470
0.017349
0.018609
0.017362
0.018328
0.018730
0.017704
0.017711
0.018804
0.019059
0.018801
0.019086
0.020230
0.017929
0.017861
0.019097
0.018008
0.019271
0.019292
0.018140
0.019082
0.019332
0.018324
0.019354
0.019274
0.018218
0.018231
0.018125
0.018322
0.018403
0.020191
0.018989
0.024005
0.019274
0.019316
0.019030
0.019162
0.020808
0.020043
0.020720
0.020740
0.020144
0.020797
0.019600
0.020704
0.020738
0.020302
0.021009
0.019450
0.019731
0.019710
0.019533
0.024477
0.020041
0.020551
0.021122
0.019658
0.028916
0.020305
0.019806
0.020367
0.021524
0.020291
0.019568
0.020037
0.020383
0.020976
0.020434
0.020112
0.019727
0.019901
0.019886
0.024913
0.019847
0.020478
0.021501
0.024598
0.021366
0.021827
0.021492
0.022375
0.021950
0.021594
0.022121
0.022381
0.021840
0.021994
0.022534
0.022578
0.021926
0.021843
0.021912
0.027328
0.022330
0.022177
0.021924
0.022412
0.022253
0.022335
0.022067
0.022116
0.022534
0.022603
0.022152
0.022181
0.022296
0.022859
0.022935
0.022732
0.022443
0.022325
0.022372
0.027296
0.022345
0.023497
0.022746
0.023319
0.022578
0.023269
0.023412
0.022780
0.022489
0.020916
0.021031
0.022220
0.022892
0.022496
0.022436
0.022451
0.021156
0.022377
0.022312
0.028177
0.022046
0.022077
0.023112
0.021495
0.021433
0.021394
0.021329
0.021152
0.022730
0.021306
0.021699
0.023179
0.021782
0.021837
0.021748
0.021772
0.022078
0.023114
0.022732
0.028386
0.021938
0.023110
0.023623
0.023062
0.023536
0.022267
0.022299
0.022151
0.022284
0.022360
0.023929
0.022259
0.023929
0.021971
0.022006
0.022273
0.022106
0.023695
0.022233
0.028526
0.022223
0.022356
0.023023
0.022712
0.023778
0.022344
0.024215
0.023141
0.023239
0.023249
0.023799
0.023456
0.023972
0.023753
0.024986
0.023894
0.023377
0.023774
0.024049
0.028539
0.025845
0.023801
0.023800
0.024218
0.024333
0.025585
0.024210
0.023815
0.023483
0.024406
0.025919
0.025384
0.024258
0.025621
0.025625
0.024417
0.024595
0.024575
0.024751
0.029161
0.023917
0.025295
0.025578
0.025481
0.025014
0.025352
0.024416
0.024146
0.026066
0.024918
0.024515
0.025003
0.025071
0.024345
0.024542
0.025104
0.024785
0.024787
0.025265
0.030852
0.026986
0.025383
0.025492
0.026550
0.026109
0.025403
0.025351
0.026171
0.026016
0.025728
0.025650
0.025581
0.026025
0.026150
0.027164
0.026527
0.025243
0.025119
0.025592
0.031186
0.025960
0.026096
0.026599
0.027152
0.025405
0.026628
0.025610
0.025183
0.025685
0.025502
0.025470
0.025707
0.026865
0.025846
0.026021
0.031052
0.026527
0.025834
0.025824
0.030841
0.026161
0.027507
0.025962
0.027328
0.025990
0.025889
0.027477
0.027453
0.026047
0.026272
0.027705
0.026339
0.026376
0.027536
0.026420
0.027753
0.027768
0.026514
0.027930
0.031281
0.026228
0.026410
0.026636
0.026355
0.027889
0.026593
0.027825
0.026677
0.028168
0.026653
0.028018
0.028131
0.028445
0.026858
0.026700
0.026636
0.026759
0.026829
0.026725
0.031649
0.027675
0.028188
0.026845
0.027216
0.028213
0.028272
0.027303
0.028576
0.028545
0.028634
0.028764
0.027410
0.027298
0.027460
0.028904
0.027743
0.028753
0.027441
0.029389
0.034282
0.027695
0.027790
0.027712
0.027721
0.028751
0.027220
0.028942
0.027646
0.029190
0.027777
0.027687
0.029164
0.028559
0.028124
0.029612
0.028178
0.028180
0.028327
0.028265
0.033309
0.027987
0.029565
0.028420
0.030036
0.028393
0.028450
0.037051
0.030076
0.028531
0.028719
0.028579
0.029994
0.030063
0.028703
0.028774
0.028598
0.028805
0.028856
0.028870
0.033911
0.030573
0.030277
0.028841
0.030051
0.028705
0.030408
0.030302
0.029030
0.029177
0.030154
0.029157
0.030235
0.030280
0.029031
0.030188
0.029154
0.029009
0.029110
0.031143
0.034702
0.029561
0.031061
0.029953
0.030489
0.029423
0.029749
0.031471
0.029803
0.030572
0.031254
0.031342
0.031374
0.031592
0.031099
0.030025
0.029987
0.032122
0.032255
0.031785
0.036666
0.031489
0.031781
0.032611
0.031428
0.031108
0.031247
0.031385
0.031718
0.031396
0.031489
0.031608
0.031533
0.031829
0.033739
0.035121
0.034497
0.033073
0.033401
0.032404
0.037419
0.033138
0.032632
0.032621
0.031370
0.030844
0.032616
0.030669
0.032253
0.030894
0.032436
0.032851
0.032684
0.032191
0.031829
0.032029
0.032197
0.032166
0.032109
0.031180
0.038063
0.033227
0.034719
0.034087
0.034439
0.034088
0.034623
0.034591
0.034899
0.035116
0.034168
0.034643
0.034743
0.033087
0.033099
0.032936
0.032964
0.032630
0.032915
0.033415
0.039165
0.033873
0.034247
0.033715
0.033406
0.034911
0.034102
0.033311
0.033417
0.034225
0.034081
0.034413
0.033137
0.033973
0.034579
0.033320
0.034724
0.041908
0.033665
0.033864
0.040057
0.035014
0.035748
0.033246
0.034269
0.034513
0.032990
0.032538
0.032721
0.035100
0.032521
0.034285
0.035992
0.035820
0.035627
0.035428
0.036057
0.034239
0.034042
0.032955
0.038482
0.034542
0.036378
0.035923
0.038594
0.033988
0.033673
0.033612
0.033732
0.035471
0.038644
0.036864
0.034361
0.033234
0.033500
0.035297
0.034353
0.035620
0.035267
0.033812
0.038947
0.033904
0.033453
0.033968
0.035590
0.036363
0.036218
0.035354
0.035183
0.035382
0.033898
