0.611753
0.019137
0.018517
0.017447
0.019169
0.017844
0.017886
0.018075
0.018421
0.019283
0.018463
0.018158
0.018320
0.019085
0.020131
0.020041
0.020165
0.019439
0.019650
0.019731
0.020579
0.019773
0.019816
0.019912
0.022360
0.019742
0.018597
0.019597
0.018453
0.019359
0.018961
0.020849
0.019642
0.019244
0.020581
0.019340
0.019647
0.019814
0.020877
0.021251
0.025440
0.018997
0.019129
0.020005
0.020985
0.018928
0.018663
0.020465
0.020873
0.020888
0.019341
0.019388
0.019652
0.020025
0.019872
0.020296
0.021217
0.021730
0.020508
0.019979
0.024885
0.020993
0.020292
0.020075
0.020525
0.020399
0.021355
0.021608
0.021409
0.020005
0.020029
0.019813
0.019995
0.019604
0.021034
0.020932
0.021440
0.021538
0.021610
0.020903
0.026248
0.020923
0.020797
0.021101
0.024990
0.021774
0.020459
0.021695
0.022461
0.021967
