355	231	169	333
353	237	181	333
335	232	199	340
341	232	176	343
339	229	162	334
347	232	144	340
328	244	152	324
324	238	145	326
321	233	133	344
318	232	114	329
304	236	115	336
267	249	141	319
235	240	174	323
224	234	168	331
217	237	160	331
180	226	178	329
171	231	154	335
183	227	119	337
158	227	139	328
153	234	130	330
150	227	134	331
149	230	141	331
165	230	132	317
172	230	144	324
191	225	135	317
204	234	144	323
217	232	165	326
249	220	144	324
277	243	142	309
287	229	134	330
314	227	124	341
324	233	128	330
326	231	145	334
331	233	172	334
344	239	174	322
362	237	164	327
376	240	173	321
410	240	156	316
442	229	144	323
452	223	163	334
489	226	131	324
502	230	132	327
520	239	125	316
511	236	138	314
512	230	133	334
516	230	126	330
513	226	131	334
516	221	122	348
506	230	130	334
496	236	131	339
505	244	120	317
489	232	127	330
475	222	118	336
463	224	110	332
449	232	106	320
438	230	112	327
413	233	130	316
390	239	153	312
364	227	166	315
356	240	173	309
333	237	185	314
311	243	191	307
308	245	154	305
312	239	136	310
308	237	146	320
302	232	132	313
299	230	118	297
297	252	110	300
288	246	118	288
288	234	109	301
285	235	126	310
285	246	126	312
291	231	125	300
291	244	123	287
294	240	121	304
310	226	114	312
328	236	101	312
327	246	111	298
336	244	128	299
347	252	128	304
353	234	147	303
366	254	148	297
369	229	176	310
381	247	174	314
411	251	160	298
440	239	128	305
451	237	126	321
442	222	144	322
449	227	136	323
450	236	139	327
461	228	130	319
461	238	125	327
461	227	130	326
458	230	138	337
459	227	132	332
468	222	127	329
464	231	133	334
450	231	143	327
444	228	147	322
444	226	147	333
457	226	134	321
470	230	118	324
471	227	114	322
471	237	119	315
472	227	113	328
472	228	107	327
461	223	119	325
457	226	116	320
461	230	112	304
436	235	140	310
444	233	125	294
438	228	129	301
440	232	132	300
442	238	126	287
458	232	111	286
462	240	104	286
460	234	104	280
459	235	104	290
442	228	124	298
445	228	123	288
452	242	117	279
458	235	111	282
458	232	112	285
453	236	118	292
453	231	119	296
457	232	115	294
461	236	109	287
462	237	106	278
467	235	104	285
466	235	107	288
471	231	106	286
469	239	115	281
472	234	116	285
469	242	122	296
488	244	110	282
481	245	130	277
494	238	122	281
509	237	111	290
512	238	109	290
516	236	106	291
501	239	130	292
512	238	128	285
529	239	114	290
541	244	107	279
548	242	90	295
554	239	88	295
554	233	82	307
550	228	83	319
547	231	85	311
543	235	88	310
527	239	110	307
523	238	109	312
511	237	118	317
503	241	119	309
506	242	118	306
508	241	110	307
516	242	113	303
520	241	108	300
524	237	99	300
527	233	95	302
528	240	89	299
526	240	87	298
525	244	83	285
517	244	91	280
504	241	100	276
496	246	104	273
490	244	110	274
482	241	119	270
492	244	112	273
502	246	102	270
520	236	93	278
522	246	114	277
521	254	120	267
520	247	119	272
520	241	99	273
521	244	91	271
526	240	83	281
526	242	83	279
527	239	80	286
527	244	82	284
528	237	82	286
526	241	88	274
527	246	87	277
519	246	101	271
529	236	88	283
531	236	89	285
530	241	92	284
529	236	92	285
530	242	91	281
527	247	97	271
530	242	96	278
522	243	108	288
525	235	110	284
521	245	114	279
520	243	108	282
518	244	111	272
520	247	104	275
519	240	106	273
515	249	105	271
507	241	106	272
484	246	131	272
478	238	140	264
466	240	131	257
469	259	103	255
469	255	92	245
459	252	101	258
461	246	90	251
449	257	114	250
443	250	117	245
431	253	134	233
420	261	148	236
417	256	133	230
420	262	126	235
417	263	120	226
419	270	114	225
421	262	111	232
424	266	109	225
422	257	115	224
431	262	107	231
436	249	109	236
452	258	100	237
463	251	99	243
478	250	88	245
488	250	91	250
493	252	103	243
504	249	123	234
492	258	151	242
515	248	133	241
533	250	117	243
547	249	108	241
558	253	109	250
571	250	104	245
569	263	108	240
576	258	101	234
574	261	100	239
569	249	94	239
558	258	95	243
536	251	108	249
507	248	129	250
499	251	127	247
481	246	123	243
480	255	107	237
468	248	112	245
453	249	117	240
442	254	121	241
444	260	110	224
420	253	123	227
404	266	131	222
395	265	123	223
381	254	124	244
364	256	130	235
337	266	132	230
320	264	116	237
321	251	91	242
309	255	98	252
302	248	93	261
297	255	89	247
298	256	78	251
295	261	85	242
293	256	90	237
295	261	90	242
296	250	86	240
300	252	85	240
305	254	90	236
309	256	96	246
318	243	101	245
321	251	118	242
346	262	99	230
357	253	97	247
366	249	96	248
372	259	95	247
376	251	107	240
372	247	141	258
371	254	154	250
393	259	133	243
419	260	116	234
414	257	141	239
434	253	125	243
433	247	135	255
449	259	127	239
454	256	124	254
453	245	121	251
456	247	113	250
459	253	111	251
447	247	119	252
434	243	135	249
435	258	127	234
442	249	111	253
443	245	103	245
422	253	115	246
408	254	141	240
394	258	142	240
377	257	153	249
367	256	140	243
357	257	116	239
349	258	98	233
340	264	97	241
333	250	97	245
325	253	100	260
319	253	100	259
316	248	104	254
315	246	108	259
320	263	101	243
325	251	87	248
326	252	88	240
324	259	88	247
326	255	86	237
328	256	82	253
324	246	90	247
321	258	92	243
324	248	91	244
325	256	98	257
325	238	103	249
327	250	92	257
330	254	78	253
325	249	80	252
323	251	80	256
319	249	85	249
319	251	75	255
318	246	76	258
314	250	76	258
313	249	72	253
307	250	78	253
301	252	81	257
296	248	80	265
289	246	83	267
285	250	87	271
282	250	84	263
274	251	94	272
276	244	98	266
275	240	101	277
275	249	112	279
280	245	110	270
278	243	96	277
273	239	95	278
271	239	95	279
265	249	103	280
274	237	89	276
277	240	85	279
271	242	92	272
270	238	88	277
265	240	91	279
255	245	107	281
259	240	96	280
242	237	105	285
233	230	113	297
228	227	105	295
222	235	113	289
215	232	113	288
215	238	113	286
212	234	107	286
206	243	109	275
200	238	111	286
191	233	116	286
198	243	105	288
201	240	99	274
208	250	93	275
206	243	97	275
198	235	107	280
215	242	96	277
210	242	101	276
224	238	94	272
226	242	94	270
224	250	107	255
235	253	100	255
235	241	109	254
239	252	106	256
242	244	102	252
238	247	101	264
239	245	92	260
229	249	92	264
237	241	77	271
228	241	82	277
231	239	76	279
221	241	85	282
208	237	101	285
199	242	114	283
203	233	111	287
198	239	124	291
207	236	115	285
198	247	122	289
202	234	110	285
207	243	96	286
214	239	83	277
202	240	93	279
200	235	92	288
200	238	99	288
203	237	96	288
211	237	91	286
212	233	86	286
198	237	108	286
197	240	110	281
200	228	106	292
196	236	109	293
205	241	96	284
206	241	90	280
205	241	85	276
205	243	86	279
197	238	94	284
207	238	82	279
201	238	92	280
201	251	96	276
207	243	92	276
206	240	91	280
206	240	90	285
190	236	113	287
190	232	111	287
166	238	133	291
196	234	109	283
197	244	105	276
211	244	103	283
218	232	91	294
223	241	100	292
222	229	109	297
222	230	120	302
222	230	136	298
239	235	130	298
248	245	128	296
251	243	132	304
239	238	165	309
239	243	172	304
232	236	194	311
238	239	205	323
249	247	203	314
271	243	176	325
278	218	183	330
290	240	170	305
301	233	183	339
315	248	132	323
306	228	155	336
295	238	184	339
285	232	196	348
280	229	199	339
285	250	178	328
285	238	160	336
278	229	163	324
269	242	146	313
258	238	124	324
233	236	133	323
192	221	163	342
167	232	163	317
162	234	148	313
147	226	132	329
131	226	143	325
118	226	155	333
109	226	142	327
114	235	131	335
121	236	128	330
129	224	130	330
143	230	127	320
157	242	137	313
171	230	139	318
196	233	126	313
218	239	125	314
233	228	137	335
247	219	122	352
254	229	119	340
253	230	136	336
274	237	154	341
286	211	168	346
299	242	164	326
312	248	170	322
331	246	163	307
341	254	174	303
360	245	184	308
388	218	175	332
410	223	153	327
423	234	150	313
439	236	144	316
447	233	137	316
460	235	122	319
457	229	120	331
462	223	115	338
453	226	122	343
447	232	123	333
445	244	126	321
448	238	125	319
432	239	138	321
421	239	133	311
400	230	123	324
383	236	127	307
374	228	120	328
368	223	120	331
353	229	130	327
324	231	161	337
301	221	174	337
289	230	185	320
283	224	177	329
281	245	154	310
276	239	152	308
264	239	162	307
259	245	154	313
248	238	166	299
247	238	156	300
245	227	162	310
258	243	163	307
264	233	158	304
265	241	158	307
274	260	149	294
284	244	145	283
281	247	155	297
291	226	150	304
304	227	154	316
310	242	149	302
319	251	150	299
342	249	127	298
344	231	139	304
355	253	146	294
374	243	153	309
394	232	150	307
419	247	137	305
435	239	125	306
448	242	112	307
452	232	112	310
451	236	115	314
436	227	133	327
459	230	111	325
458	232	111	327
464	230	107	333
458	233	111	324
465	225	108	327
461	223	112	320
465	232	107	324
453	233	116	319
436	228	137	320
433	219	136	317
453	227	117	324
459	236	107	315
453	232	116	321
468	235	104	311
457	234	109	313
454	230	113	316
449	235	120	307
464	229	103	298
456	232	106	301
458	236	103	292
450	233	111	296
443	233	118	298
442	232	119	293
426	238	138	282
443	237	119	277
429	239	130	269
442	237	118	266
427	240	129	284
430	238	127	272
442	239	116	279
451	243	105	270
457	238	99	278
452	246	105	268
453	240	104	285
459	238	95	284
461	237	91	290
457	240	97	279
456	237	100	280
457	233	100	285
462	226	96	288
459	237	110	281
463	233	120	288
475	239	115	278
489	242	108	281
493	230	107	283
502	240	102	287
496	238	110	284
495	239	119	275
499	239	120	279
498	233	126	279
502	243	125	269
509	241	119	270
515	245	115	272
523	248	109	273
533	240	99	292
530	236	99	296
531	237	98	303
527	233	104	302
522	239	104	302
520	239	109	300
509	236	119	308
503	236	118	307
503	239	122	305
499	243	126	299
499	244	121	294
499	243	117	295
503	250	118	293
513	243	111	290
514	235	111	298
516	237	101	295
510	242	105	292
509	242	101	280
502	237	105	278
498	245	115	271
492	239	104	266
488	248	110	265
488	244	104	263
489	244	106	265
492	247	106	270
503	241	96	265
511	239	93	273
514	236	98	283
512	244	114	274
511	243	111	270
504	243	101	265
514	242	86	277
512	243	86	272
516	241	84	278
516	242	83	279
518	238	81	278
520	241	84	276
517	240	93	274
517	241	97	278
522	234	88	277
521	236	92	280
521	234	96	282
517	234	100	287
522	235	96	288
524	236	98	283
522	238	99	281
519	233	102	287
510	230	118	297
516	236	107	283
515	239	102	282
508	246	104	281
510	239	94	270
500	247	111	264
490	240	107	281
485	245	103	279
479	243	108	274
470	251	106	272
465	238	102	278
460	243	97	282
440	247	117	273
431	243	124	285
438	233	115	286
415	249	137	277
427	253	126	276
420	240	124	287
423	245	130	276
424	241	127	285
421	253	135	285
434	241	119	287
443	236	120	301
442	229	127	304
457	234	115	299
449	234	125	296
447	237	123	300
449	246	124	289
454	235	122	288
457	242	117	281
455	248	124	269
453	243	129	273
453	234	123	280
465	240	106	270
456	251	117	276
445	232	127	276
427	251	141	273
421	256	132	250
428	268	99	238
422	256	100	251
420	251	98	260
413	257	106	247
406	258	100	237
392	257	104	245
380	250	115	237
371	259	136	235
370	256	136	238
366	249	121	245
367	261	121	239
368	264	113	232
373	258	111	234
373	254	110	236
367	261	118	227
359	257	141	232
