0.622629
0.018637
0.018543
0.017343
0.020086
0.015848
0.017762
0.018115
0.016651
0.017631
0.017667
0.017729
0.017875
0.019154
0.019369
0.020066
0.018998
0.019160
0.018942
0.016980
0.019355
0.017146
0.018107
0.017224
0.017502
0.017677
0.017546
0.018050
0.017838
0.018497
0.019190
0.025094
0.021939
0.019147
0.017771
0.018876
0.018923
0.018070
0.018215
0.018130
0.023175
0.018047
0.018209
0.018067
0.018275
0.018352
0.019622
0.019773
0.018373
0.018582
0.018581
0.018386
0.018465
0.018540
0.018986
0.018428
0.018515
0.018656
0.020154
0.018736
0.023849
0.019380
0.019901
0.020059
0.020236
0.020161
0.018902
0.018445
0.020276
0.020093
0.020140
0.020182
0.020453
0.020518
0.020370
0.019329
0.019071
0.021103
0.019154
0.021867
0.024134
0.019311
0.019409
0.019607
0.020574
0.020690
0.020755
0.020864
0.020704
0.019652
0.028032
0.053577
0.040948
0.061288
0.029880
0.032269
0.020347
0.031433
0.025027
0.028587
0.028269
