355	231	169	333
331	230	189	340
330	230	180	349
330	231	169	345
325	229	173	351
327	215	169	364
336	221	147	355
334	218	138	360
327	216	126	359
316	223	120	350
308	230	115	344
269	236	145	333
233	241	178	326
223	236	191	329
209	225	187	338
189	220	177	345
151	225	201	345
147	229	159	337
138	228	161	336
131	233	157	328
136	237	152	325
136	234	155	326
151	245	151	317
175	228	134	331
191	233	143	324
196	226	167	328
214	233	158	321
254	223	144	337
287	233	125	325
300	228	132	341
312	221	134	347
322	214	143	356
303	212	179	363
336	218	153	352
323	237	180	335
329	229	191	337
366	226	171	336
397	233	166	328
423	227	171	330
458	226	161	333
486	226	142	333
513	231	128	324
524	238	124	319
533	237	121	317
532	236	131	324
525	231	128	335
523	228	125	336
522	229	128	334
514	230	136	335
502	233	137	339
508	236	130	334
489	231	145	336
483	233	141	331
470	230	116	326
458	235	109	318
446	237	111	317
431	237	123	318
409	234	136	322
371	227	160	328
367	229	160	328
335	217	162	337
311	221	160	333
309	225	139	326
298	234	136	321
312	233	114	320
297	238	124	313
249	236	168	311
241	229	173	315
252	230	170	312
281	232	128	311
293	232	115	314
290	239	124	310
292	239	125	308
297	237	117	310
312	234	111	312
316	233	108	311
330	233	102	312
321	241	122	306
323	240	136	309
329	235	144	314
333	235	156	315
354	239	149	315
366	231	151	323
400	231	133	322
429	236	127	316
450	233	127	320
461	233	118	320
466	235	119	321
463	232	120	321
455	234	128	320
460	232	127	323
466	235	116	323
470	237	117	329
472	237	114	328
473	234	113	326
478	237	115	322
469	235	116	319
448	238	136	319
444	235	145	323
447	234	146	323
458	232	139	325
471	228	123	326
471	231	115	323
483	235	114	320
470	233	125	322
467	222	129	333
446	227	144	327
447	226	135	322
427	232	152	310
425	237	152	306
426	235	150	307
424	233	148	310
424	237	148	304
417	236	153	294
439	231	130	296
457	238	114	285
459	240	109	282
433	241	134	281
430	240	138	284
440	236	128	286
450	235	116	287
458	238	111	284
453	239	117	282
452	239	119	289
465	237	108	293
463	242	109	287
459	241	112	284
458	240	112	283
473	238	99	286
478	246	97	277
477	246	99	275
462	246	120	275
456	240	132	286
465	238	132	288
479	243	125	284
482	240	127	288
502	237	116	292
506	242	114	285
513	239	112	289
504	241	124	288
510	239	121	291
529	240	110	287
536	242	111	284
550	242	103	284
560	243	90	297
565	239	90	299
566	233	73	307
566	230	71	315
554	231	82	314
554	240	93	305
527	245	124	302
515	245	133	306
511	246	132	307
509	245	132	308
509	243	132	309
514	245	124	307
525	246	118	302
531	245	114	298
541	241	101	300
546	242	88	299
543	245	77	295
539	243	74	296
535	243	81	286
517	244	109	275
502	246	112	273
497	247	112	270
498	249	110	267
497	249	111	267
500	248	110	268
514	248	93	269
533	248	91	271
533	246	111	273
532	248	117	277
532	246	113	277
533	245	87	274
535	247	81	273
536	245	83	275
537	241	84	281
532	243	88	284
533	245	86	282
538	243	82	281
541	244	85	276
538	249	84	271
542	246	86	274
543	240	83	281
542	239	123	285
537	243	92	280
535	244	115	283
536	242	100	282
533	247	95	277
533	244	99	282
527	239	114	287
524	236	122	291
527	238	117	289
525	244	106	285
530	249	103	276
513	248	118	271
518	247	112	273
520	249	100	272
500	249	114	270
468	246	138	270
430	239	159	277
447	243	136	268
465	247	104	264
470	254	88	257
459	254	97	256
444	252	102	259
409	252	142	249
391	249	155	253
383	247	151	255
396	254	134	243
425	259	98	237
421	260	95	236
421	258	107	239
417	259	97	235
423	259	98	238
426	261	95	231
423	258	115	229
415	252	121	235
435	256	106	232
449	257	98	233
476	257	80	236
486	256	80	238
491	257	90	237
502	258	113	237
506	251	129	246
490	250	166	249
496	247	195	252
503	250	156	247
535	249	147	248
558	251	127	247
562	254	122	242
588	259	93	237
592	257	89	240
581	257	97	238
572	256	97	242
563	256	93	240
541	254	111	243
512	250	132	249
505	249	129	250
493	253	112	245
486	252	110	245
470	253	111	242
454	253	110	240
444	255	104	235
442	258	95	233
427	260	101	230
413	262	105	231
401	257	99	238
380	260	97	237
368	255	83	242
338	256	111	243
322	247	111	255
317	248	98	253
304	247	103	253
294	254	103	248
300	259	85	241
300	256	90	245
297	250	99	251
299	252	87	251
298	252	109	244
299	252	96	243
303	255	103	235
307	255	97	237
310	253	103	239
310	249	117	248
326	244	108	256
340	249	100	250
354	249	102	253
368	248	99	254
370	249	104	249
369	248	118	254
370	245	131	256
373	243	133	257
384	244	136	258
407	257	131	248
392	252	146	252
443	252	128	253
447	251	123	256
452	250	124	258
441	247	134	262
448	240	124	269
447	246	120	261
464	247	104	258
443	251	123	252
438	251	125	254
444	247	114	259
408	248	146	257
385	246	164	258
383	250	158	253
381	246	152	255
393	250	133	252
386	250	118	252
374	245	106	257
364	247	107	253
350	244	101	257
343	249	97	248
335	247	95	253
322	246	102	258
319	247	101	258
311	246	106	262
313	246	104	259
316	247	104	255
325	247	93	251
326	247	96	249
324	251	98	248
326	251	95	248
325	251	97	249
324	250	96	248
326	249	92	248
324	247	100	253
324	247	110	252
331	247	101	253
331	248	94	252
332	246	93	254
329	245	88	254
325	248	92	250
322	249	93	254
319	246	98	258
319	246	87	257
316	246	91	258
312	247	89	258
312	247	88	259
306	243	94	264
301	247	89	268
296	244	92	271
292	242	93	273
286	242	92	275
284	246	93	274
283	241	98	276
282	241	103	277
283	241	118	276
279	241	114	276
285	241	97	279
283	242	117	275
281	242	105	275
281	243	101	275
277	242	102	276
280	241	107	275
280	239	114	279
276	238	122	281
269	238	150	280
267	243	119	278
261	238	135	281
241	241	138	284
233	235	147	286
228	234	142	289
224	237	135	283
223	235	120	285
218	236	115	283
207	237	118	282
198	236	126	282
180	237	135	282
182	235	130	284
182	238	127	281
192	245	115	276
187	245	120	273
188	244	121	273
183	242	126	275
193	242	117	278
201	236	116	280
216	236	106	279
220	245	108	264
221	249	116	253
222	245	124	256
226	246	122	255
231	245	120	256
232	244	121	257
247	244	100	257
227	251	113	250
209	249	119	257
184	241	136	273
192	240	127	279
189	238	128	281
183	240	129	283
175	237	143	285
183	236	142	283
198	237	127	292
204	241	121	287
205	239	118	289
199	240	123	288
195	239	121	287
198	242	109	282
216	238	88	281
207	240	91	278
199	239	101	278
198	239	104	283
199	239	103	284
200	238	109	286
188	239	119	283
189	239	122	284
193	238	118	283
188	239	124	282
183	236	125	286
189	238	116	285
190	244	111	279
196	241	106	279
197	234	105	287
205	233	96	288
201	236	98	284
190	237	111	280
187	245	120	273
198	246	106	273
188	239	119	280
166	235	139	285
142	234	166	288
151	238	151	283
163	241	146	283
199	244	103	275
200	240	108	283
218	235	114	291
226	234	101	295
222	234	124	300
226	230	128	303
216	229	179	305
218	233	166	305
241	233	135	303
251	233	122	310
261	236	117	313
259	232	141	320
237	229	167	319
223	232	228	324
227	231	189	330
251	228	178	337
263	234	163	329
285	226	146	333
304	226	135	340
309	221	132	356
317	217	131	359
314	217	149	362
307	221	153	354
295	218	175	362
298	215	176	357
299	218	172	358
299	225	140	341
292	234	118	335
282	237	113	326
258	236	120	325
209	237	169	322
183	230	209	324
139	237	237	320
115	236	218	317
137	235	144	325
110	225	175	333
113	228	155	338
107	230	145	334
107	228	141	335
109	225	144	336
131	230	126	330
160	235	120	327
164	230	137	328
171	226	149	328
191	231	147	327
230	226	118	331
245	227	141	339
259	225	142	346
252	225	171	345
236	215	190	353
263	227	159	341
265	219	169	353
284	233	167	337
306	231	170	335
320	230	168	333
334	229	170	333
370	230	175	329
386	222	168	337
392	218	176	337
403	221	174	336
429	220	159	331
443	232	144	321
468	233	117	320
462	229	125	332
466	229	123	334
462	227	124	337
458	230	123	337
448	235	131	331
453	239	126	325
439	239	148	324
420	231	165	330
406	228	161	326
395	228	168	328
381	226	165	329
377	228	124	327
353	225	151	332
332	221	152	338
322	220	150	338
303	228	163	332
286	228	153	326
273	236	135	315
275	238	125	315
265	241	128	312
241	240	156	308
220	237	188	304
209	230	186	313
236	234	150	311
264	233	134	310
278	231	116	315
281	232	127	315
286	233	128	317
293	228	135	317
296	230	144	315
303	229	164	314
315	224	169	316
317	228	166	318
327	233	150	313
338	234	137	313
330	234	151	315
346	237	152	316
369	234	159	315
388	229	150	324
414	237	172	307
431	247	136	300
445	239	121	313
456	232	116	316
454	236	119	314
455	231	121	320
461	230	114	320
464	227	112	328
467	238	112	325
469	233	114	326
471	231	110	322
476	232	109	318
468	233	114	315
441	226	140	324
437	231	143	321
438	227	142	322
453	232	123	315
473	238	97	313
474	237	99	312
476	240	98	310
458	238	114	311
450	229	122	320
441	232	129	313
443	230	126	307
451	236	117	299
449	241	117	296
435	241	125	294
430	242	130	293
417	244	146	288
406	245	154	278
442	239	117	283
449	244	108	274
454	243	101	272
429	247	125	271
432	243	124	273
446	247	109	269
439	243	115	271
445	247	111	268
440	246	116	269
446	244	109	278
460	243	96	282
453	250	103	276
439	244	115	274
462	242	97	276
453	246	106	268
447	244	112	272
460	242	110	278
461	242	126	278
479	238	114	286
488	241	110	285
503	243	99	280
501	241	104	281
497	242	111	278
502	242	116	277
503	240	114	282
510	241	114	281
524	241	105	275
518	246	114	271
525	247	116	271
534	248	108	275
544	245	119	290
537	243	111	293
544	241	91	302
545	241	89	298
537	241	97	297
538	244	102	296
518	245	124	297
511	240	122	307
509	240	126	310
505	240	120	305
508	238	130	308
508	244	122	301
516	243	113	297
520	242	156	294
522	241	140	293
525	239	97	299
522	244	100	293
517	245	99	286
517	245	102	277
508	245	120	269
499	244	110	269
496	248	107	266
496	249	105	263
497	249	104	262
498	249	105	263
511	247	90	266
521	244	89	271
517	245	119	269
513	247	126	272
513	241	121	275
518	244	89	271
524	247	83	269
525	243	86	274
525	243	92	278
523	245	90	279
528	243	85	279
529	242	87	276
528	248	93	268
528	248	105	269
529	243	90	274
534	239	122	279
530	239	114	281
535	240	111	281
530	240	104	281
531	246	100	274
528	244	99	273
518	239	113	283
523	237	119	289
521	234	124	289
517	236	126	288
513	242	105	279
510	248	114	270
504	245	130	273
494	243	150	280
485	238	160	285
487	242	157	279
478	242	140	279
470	248	103	274
448	253	110	264
440	245	117	276
413	242	143	290
391	230	161	300
402	236	149	294
411	246	137	286
399	244	146	289
416	241	137	290
428	239	128	295
437	239	124	296
441	237	126	299
447	235	134	301
452	236	127	298
462	235	117	303
455	235	120	297
445	237	129	298
449	236	127	300
454	239	119	295
456	233	122	293
464	236	115	286
442	239	146	279
447	233	136	287
436	236	139	282
451	240	120	277
448	245	123	270
438	245	130	269
430	257	102	257
427	254	100	258
424	251	96	259
415	254	101	258
381	256	133	254
368	257	131	250
366	254	141	249
365	250	137	252
373	252	111	249
371	250	98	247
372	257	89	239
373	256	86	239
374	256	87	240
375	256	91	240
375	257	94	238
365	258	100	231
366	257	119	231
