0.528971
0.031852
0.028836
0.032974
0.029477
0.030252
0.030433
0.030324
0.031480
0.029551
0.032355
0.029578
0.031355
0.032202
0.032488
0.031078
0.033699
0.030420
0.031165
0.032786
0.032380
0.032843
0.030463
0.031940
0.029907
0.032259
0.032053
0.031266
0.031505
0.030706
0.035013
0.031306
0.032748
0.031146
0.031504
0.030247
0.031501
0.032577
0.032794
0.033184
0.034323
0.035522
0.032320
0.033366
0.032333
0.032200
0.033214
0.033209
0.033847
0.031993
0.031633
0.031528
0.031706
0.031266
0.031211
0.031590
0.033437
0.034264
0.034198
0.032652
0.034361
0.032552
0.031808
0.032189
0.032673
0.032518
0.037066
0.032121
0.037329
0.031326
0.031310
0.038695
0.034801
0.030730
0.033871
0.031653
0.033054
0.033144
0.032570
0.033458
0.033145
0.032947
0.034019
0.034753
0.031615
0.032817
0.032128
0.032954
0.033525
0.030954
0.032998
0.033838
0.032167
0.031358
0.031047
0.031680
0.029239
0.035243
0.030566
0.029839
0.032399
