576	397	135	177
563	392	130	181
558	366	119	203
544	364	108	207
517	368	92	209
490	388	91	190
466	402	96	168
436	384	105	179
427	385	80	182
398	372	84	198
372	350	99	214
369	356	86	196
352	354	85	201
334	343	99	213
325	344	107	212
314	345	91	203
310	341	69	196
301	320	63	189
289	321	69	183
277	333	80	173
275	326	80	175
293	316	67	181
293	317	77	178
288	317	88	174
296	309	94	186
308	300	90	204
314	311	120	257
306	347	132	240
323	356	185	208
336	375	178	183
342	373	175	189
371	366	160	220
356	354	108	201
393	356	90	177
426	352	86	172
434	346	118	184
459	343	135	175
510	331	98	160
549	320	86	180
551	315	116	180
593	292	98	200
600	274	96	222
609	296	107	196
623	306	98	186
637	302	98	259
631	366	147	245
670	421	144	227
695	442	194	275
758	507	223	212
849	494	205	226
919	499	186	220
993	503	162	207
1017	561	150	159
1043	556	182	163
1074	576	181	143
1128	554	151	165
1165	538	115	181
1165	566	114	153
1173	565	106	155
1169	572	110	147
1179	575	101	144
1182	588	97	132
1183	591	96	129
1160	595	118	125
1152	601	128	118
1149	597	131	123
1149	589	131	131
1144	590	135	130
1137	591	142	129
1143	590	136	130
1147	580	132	139
1153	594	126	126
1159	597	121	123
1161	591	118	129
1171	591	108	129
1170	595	110	124
1176	589	104	130
1172	588	108	132
1176	589	103	131
1180	597	100	122
1176	590	103	129
1178	590	102	130
1185	584	94	135
1204	577	75	143
1200	600	79	119
1191	596	89	123
1176	589	103	130
1176	586	104	134
1161	578	118	141
1143	570	137	149
1137	557	143	163
1119	580	160	140
1115	575	165	144
1129	597	151	122
1132	577	148	143
1135	574	144	146
1143	571	137	148
1132	575	147	144
1133	604	146	115
1139	609	141	110
1155	627	125	89
