0.512203
0.027231
0.036535
0.034551
0.029641
0.030086
0.030822
0.032337
0.031329
0.031612
0.032535
0.032891
0.033659
0.031587
0.037446
0.032154
0.032536
0.030991
0.031604
0.031421
0.033740
0.031895
0.031127
0.031957
0.034649
0.032008
0.031763
0.031717
0.030246
0.031504
0.031634
0.032686
0.032687
0.031640
0.032006
0.031769
0.033218
0.031564
0.031543
0.032374
0.032613
0.031815
0.032173
0.032355
0.031213
0.031812
0.033413
0.031546
0.032392
0.031866
0.031752
0.032409
0.030478
0.033547
0.030475
0.031935
0.032231
0.033259
0.032275
0.032380
0.030643
0.031609
0.032665
0.031161
0.031038
0.030949
0.031296
0.031224
0.032572
0.033235
0.034594
0.033421
0.033872
0.032256
0.033018
0.036251
0.034103
0.035722
0.034463
0.033861
0.032530
0.032962
0.033542
0.032473
0.034180
0.034405
0.034412
0.034274
0.034608
0.035842
0.035025
0.035383
0.035207
0.034713
0.036164
0.035225
0.034241
0.034930
0.034868
0.034483
0.037309
