580	246	87	284
581	246	86	284
576	243	88	286
575	244	88	285
573	244	88	282
573	242	87	283
572	241	89	284
571	241	89	281
572	243	89	282
572	245	88	276
572	247	85	263
570	238	87	276
571	249	85	259
572	247	85	263
569	242	85	265
567	246	87	262
566	253	85	256
563	246	83	268
559	243	86	273
558	242	80	280
556	242	82	281
554	240	78	281
552	243	78	279
550	241	78	282
551	245	77	278
553	242	76	283
553	242	78	286
555	246	79	278
557	242	82	282
559	243	84	278
562	244	85	276
564	249	84	263
567	243	83	266
570	243	80	267
570	243	82	275
568	235	82	287
565	242	83	285
562	240	82	288
562	239	79	290
561	239	78	290
561	239	80	292
560	240	78	291
560	238	78	292
559	238	78	293
557	239	78	292
558	241	79	292
558	240	78	293
557	244	81	287
556	242	83	289
556	248	86	284
556	244	86	285
551	242	89	288
535	243	102	291
538	248	98	283
548	250	88	284
556	247	74	289
557	242	72	296
554	241	77	302
551	245	76	295
552	245	78	293
552	247	80	292
551	247	79	294
551	246	81	292
550	247	81	292
546	252	85	288
542	251	89	289
534	251	95	293
534	246	94	299
532	249	97	292
515	247	111	298
521	239	97	310
535	243	87	309
538	248	79	307
533	243	93	313
527	244	92	315
525	241	96	320
518	240	105	322
522	239	101	326
521	242	104	329
519	244	106	329
523	245	105	324
518	245	115	326
501	242	130	323
479	241	159	326
460	243	172	334
476	246	153	337
502	247	131	335
526	239	112	342
529	243	116	341
528	244	120	341
527	240	112	348
532	238	108	351
535	238	109	354
536	236	111	354
540	236	109	351
543	234	112	359
551	233	104	360
558	234	106	358
560	233	106	357
564	232	108	361
569	237	105	344
570	239	104	350
573	239	101	353
571	238	99	350
572	240	136	350
577	232	154	351
584	238	155	351
582	236	154	345
588	233	129	356
588	233	112	352
590	236	104	344
595	233	106	348
605	229	106	355
608	226	111	358
610	229	114	354
612	226	113	356
615	227	113	358
618	228	113	354
618	229	111	355
617	225	111	356
620	228	111	352
620	226	114	354
617	227	112	353
619	227	115	355
622	228	115	348
624	234	112	340
629	236	112	338
632	239	112	337
632	245	120	331
638	244	123	333
639	254	139	324
646	248	180	321
658	244	196	332
663	244	195	334
669	243	203	335
675	237	211	334
697	233	195	339
706	228	191	345
716	231	184	342
719	229	194	348
732	226	178	354
739	224	179	353
746	226	171	345
772	230	149	343
785	229	139	347
793	227	134	352
798	229	123	347
806	225	114	350
805	229	119	343
807	221	114	351
809	226	114	345
809	225	115	353
815	228	112	345
808	229	114	349
820	229	107	347
828	225	108	353
837	227	102	346
838	224	107	353
843	221	106	355
843	219	119	357
846	218	122	352
849	223	124	344
843	226	125	346
845	223	115	348
832	221	124	350
838	222	112	348
836	218	109	359
825	222	114	352
800	225	138	343
793	217	136	355
788	218	138	352
788	221	131	349
778	226	133	349
782	226	125	348
781	240	129	335
785	222	123	352
781	229	126	345
784	239	122	333
780	235	128	334
782	251	123	320
777	242	125	334
780	247	126	323
772	249	134	325
777	258	127	315
768	251	128	317
767	243	116	328
770	236	95	335
761	235	82	335
741	239	101	329
727	248	110	326
708	227	122	345
668	235	171	329
663	236	167	334
660	231	176	340
663	232	166	336
658	228	166	342
662	222	157	348
658	230	152	341
659	240	146	332
653	232	153	334
650	235	149	334
646	231	152	340
646	237	144	335
651	241	125	329
648	238	94	329
641	252	81	312
627	256	93	311
598	250	124	315
580	235	144	328
574	233	145	332
573	234	149	334
569	244	153	326
572	243	147	327
570	243	147	323
569	242	146	327
573	245	146	325
565	255	150	310
570	248	145	319
569	245	148	322
568	255	149	314
569	261	149	306
566	275	152	293
569	282	150	288
569	270	147	297
567	272	150	297
565	251	150	318
567	281	147	286
563	259	152	311
547	249	166	320
514	250	197	323
539	242	155	328
544	232	129	336
543	241	101	320
538	240	106	326
534	244	103	321
531	239	104	327
524	237	109	326
528	239	108	327
529	244	107	317
530	246	105	318
542	243	97	322
553	250	94	304
560	248	101	310
559	247	110	308
556	243	119	305
569	248	107	298
577	255	100	292
590	254	83	292
597	270	72	274
596	250	74	293
594	247	76	294
596	247	74	294
597	238	74	305
596	230	74	313
598	255	69	288
596	236	74	305
598	233	71	309
597	239	73	305
597	239	73	304
596	238	73	306
597	238	72	304
593	238	75	304
592	236	74	306
591	239	74	302
585	244	84	294
579	258	92	277
577	259	93	273
581	271	84	264
577	269	82	265
581	264	73	268
584	256	70	278
585	248	68	282
581	246	69	282
582	241	66	284
584	242	65	281
581	242	68	277
585	242	64	279
585	247	65	270
585	238	66	278
584	243	67	271
583	244	69	270
585	245	67	269
578	249	75	259
580	247	71	262
577	246	74	260
578	249	69	256
576	257	68	246
574	249	69	255
574	253	67	248
569	246	69	254
574	260	67	236
570	246	68	248
576	257	65	239
571	247	67	247
574	249	68	246
574	243	67	249
581	253	64	233
582	247	69	235
585	264	72	216
584	268	73	212
585	282	69	199
592	275	66	203
595	265	62	214
596	255	63	225
593	252	69	226
591	257	74	220
590	255	76	220
585	255	82	221
580	259	88	216
579	265	90	208
580	264	91	210
584	270	89	203
593	263	81	210
603	265	69	207
616	255	54	215
614	258	57	214
615	259	73	217
613	285	89	193
613	279	97	199
614	277	96	198
615	275	84	204
620	276	78	207
621	272	74	210
626	265	70	216
631	260	69	223
633	256	65	229
635	261	65	226
635	258	64	232
634	257	64	239
633	256	62	240
628	254	67	242
623	258	68	237
622	262	70	234
609	264	76	235
591	263	94	235
578	267	105	233
579	257	101	243
580	255	94	246
580	257	91	246
581	257	86	247
578	251	83	253
579	256	83	245
579	257	87	246
577	258	93	246
580	273	95	230
590	271	87	229
611	271	69	226
619	259	65	238
625	257	62	241
627	257	67	241
630	257	64	241
630	255	67	243
630	262	69	236
632	263	71	232
631	255	72	239
631	257	71	237
631	253	67	248
626	252	67	247
625	249	61	251
619	245	65	253
610	246	70	254
608	254	72	247
594	254	84	250
584	256	95	249
583	260	92	246
581	253	90	254
580	261	89	247
581	253	91	254
580	257	90	251
581	249	89	260
582	253	88	254
581	254	89	255
581	254	89	253
581	255	89	252
582	254	87	256
580	250	89	259
582	249	87	259
583	253	84	258
580	249	84	261
580	249	77	260
580	247	67	262
577	249	67	258
573	248	70	261
569	252	74	255
566	250	76	259
567	247	74	263
563	249	77	267
564	250	75	268
564	249	76	270
564	251	77	268
563	249	79	270
561	252	80	268
561	257	79	262
560	256	84	262
562	257	81	258
564	251	83	274
558	248	90	274
540	250	108	271
534	248	115	279
535	240	114	290
545	241	100	289
561	247	80	286
571	241	69	294
571	233	66	300
568	238	72	297
565	237	79	298
562	240	86	298
559	241	89	300
558	240	94	301
558	245	93	295
558	243	93	300
560	245	93	299
558	244	96	300
559	247	101	298
559	244	102	303
558	243	103	299
531	243	131	296
514	238	150	308
521	235	139	310
552	237	110	312
572	245	94	303
577	253	94	301
581	255	116	296
585	246	125	303
592	249	120	301
594	252	124	298
594	242	125	311
598	239	117	310
596	235	123	316
606	234	114	317
614	235	106	316
620	242	99	306
622	238	95	309
621	237	97	310
620	235	95	312
624	237	91	310
625	244	89	302
624	241	85	304
619	243	92	306
615	243	86	301
604	252	74	289
600	237	74	304
591	239	80	303
564	251	105	291
547	244	124	292
539	240	128	302
539	246	131	296
540	245	128	298
540	250	127	293
538	251	129	292
540	249	127	294
541	247	126	298
539	249	124	296
537	254	122	286
533	253	124	288
533	253	121	288
531	251	116	288
530	256	104	289
533	254	79	281
528	248	73	288
527	249	81	287
503	252	109	283
482	256	125	278
474	251	134	290
483	254	124	289
503	252	102	293
516	249	94	300
519	252	98	299
518	255	103	294
521	257	98	293
524	259	97	291
527	259	106	291
527	257	130	291
523	254	146	304
525	261	146	298
528	265	148	291
539	241	138	313
563	242	115	308
583	246	98	305
589	249	87	301
605	250	78	302
602	240	78	310
604	239	76	312
606	241	76	310
608	237	76	312
609	235	78	315
611	235	79	316
617	235	72	314
613	232	75	317
620	230	71	319
618	235	72	314
