0.533550
0.028530
0.028350
0.032866
0.031641
0.041532
0.031856
0.032886
0.037136
0.031626
0.032688
0.031862
0.032372
0.031748
0.032152
0.032520
0.033322
0.032699
0.031748
0.034657
0.029096
0.031642
0.029881
0.031429
0.031590
0.031044
0.032004
0.031766
0.030982
0.031430
0.030867
0.030756
0.033115
0.031893
0.031984
0.032267
0.031636
0.031528
0.031347
0.031696
0.033781
0.032209
0.031385
0.032180
0.031077
0.030960
0.031885
0.031681
0.031824
0.032311
0.034017
0.032337
0.032273
0.033273
0.031516
0.032284
0.032718
0.032185
0.032536
0.031737
0.032195
0.031756
0.032779
0.033593
0.033593
0.034339
0.034454
0.034383
0.040728
0.033958
0.037046
0.035672
0.034627
0.038665
0.035632
0.038317
0.035566
0.034690
0.034811
0.045350
0.035789
0.035126
0.035954
0.036168
0.035863
0.034548
0.033579
0.122488
0.131953
0.135363
0.134352
0.138397
0.135028
0.129830
0.041400
0.111998
0.130004
0.125017
0.135911
0.135949
