550	111	50	66
524	124	51	68
500	132	48	64
477	144	48	64
451	150	58	63
435	159	38	66
410	162	54	67
396	173	49	65
366	179	46	66
345	184	68	64
323	189	43	70
290	199	50	62
283	204	32	60
270	206	33	66
258	215	45	66
256	212	45	71
250	214	69	68
282	210	40	68
296	211	54	69
324	210	45	70
352	216	52	66
383	216	49	60
407	219	48	62
436	221	54	61
464	222	36	66
481	221	56	68
511	224	34	71
525	227	50	68
547	229	43	72
572	224	57	70
601	226	40	73
630	224	53	74
655	228	49	70
678	228	51	80
701	224	49	95
726	224	53	93
748	231	50	84
756	230	56	96
768	234	63	87
781	238	49	77
789	242	47	89
794	245	55	79
799	249	51	91
802	254	55	85
813	260	44	90
819	260	42	81
830	259	32	96
833	265	39	72
844	265	31	92
844	266	40	70
841	265	53	86
847	272	39	81
856	273	33	71
854	273	33	83
854	273	56	75
838	273	55	79
836	270	64	85
836	273	42	85
829	274	43	73
832	275	42	75
817	275	58	73
818	278	42	66
810	283	60	76
810	285	57	74
811	283	61	71
803	287	62	74
808	288	36	80
803	289	35	76
799	290	37	85
797	299	39	74
771	306	70	67
779	300	33	80
774	310	42	74
747	316	73	70
744	318	43	72
743	345	62	49
739	356	64	39
743	362	60	36
751	353	48	42
774	331	32	66
779	319	56	72
