822	265	32	100
823	266	32	99
822	267	36	99
823	266	36	99
825	266	38	101
826	270	37	98
827	275	39	95
824	278	46	93
826	283	47	88
832	284	44	92
829	284	50	94
833	284	50	95
837	288	51	96
842	295	49	103
847	303	44	107
849	306	49	107
830	309	54	104
830	303	51	109
835	306	42	110
825	315	56	102
814	310	53	119
810	296	66	118
797	296	55	115
781	284	77	115
772	277	57	106
760	267	45	112
737	250	62	125
723	243	52	120
705	234	53	118
688	222	52	116
678	230	38	72
666	222	43	75
648	207	49	89
638	197	43	81
629	188	45	94
624	180	40	84
623	181	40	90
623	174	40	87
630	167	31	82
635	161	33	103
650	163	29	69
655	152	32	75
661	150	37	64
669	152	40	55
671	150	57	72
670	145	63	88
696	138	42	75
699	134	48	93
704	140	56	90
708	139	63	94
710	141	64	89
718	147	54	64
722	145	56	84
726	144	60	91
736	158	46	66
743	155	43	57
749	161	40	54
751	161	38	65
755	172	37	50
754	172	41	47
758	164	41	71
755	165	45	66
760	169	38	52
750	166	50	77
752	162	63	90
756	158	54	92
759	168	51	72
749	175	55	63
753	171	49	79
742	177	45	75
730	162	46	78
704	159	71	89
694	148	54	88
676	153	60	77
665	149	63	72
671	138	43	86
667	139	46	79
667	152	47	84
686	144	51	95
702	159	69	98
741	141	62	114
779	164	44	90
814	196	52	61
863	230	36	45
884	217	59	97
926	236	61	94
945	261	63	88
989	282	69	92
1025	295	55	123
1067	343	70	100
1093	360	71	100
1110	371	75	96
1135	383	77	91
1167	392	63	96
1191	407	66	86
1220	391	56	113
1229	406	50	136
1225	433	54	143
1232	471	46	112
1231	487	46	94
1238	485	42	107
1238	491	41	109
1242	490	37	116
1245	495	35	113
1238	507	41	103
1238	500	42	106
1241	492	39	117
1240	485	39	124
1240	478	40	121
1240	479	40	123
1239	478	40	126
