603	281	160	287
622	283	145	289
636	287	132	277
638	295	117	263
652	294	102	265
655	292	93	269
666	295	89	265
665	294	81	264
661	292	89	269
642	289	112	271
614	287	149	272
624	281	132	288
618	285	145	289
624	284	132	289
631	289	121	285
612	290	132	284
625	282	111	289
633	278	111	296
623	280	112	293
631	277	110	293
639	279	105	294
626	284	114	288
609	283	141	291
623	284	133	291
619	291	136	283
634	292	125	276
637	295	125	268
641	297	98	262
644	293	97	261
649	293	95	263
648	292	99	263
651	293	96	266
646	293	97	263
639	293	107	265
617	291	131	268
618	292	128	268
613	292	129	267
624	289	123	273
612	292	138	272
612	287	132	271
607	286	129	263
599	285	133	277
573	289	155	270
592	285	139	271
577	290	155	267
602	291	130	266
587	288	141	273
603	293	133	250
614	296	125	262
610	287	131	271
613	294	124	265
605	293	130	272
620	281	118	276
622	285	127	277
632	290	119	269
630	284	127	280
634	292	129	253
625	290	141	269
625	292	131	252
631	290	125	256
634	292	109	272
619	291	124	267
626	291	128	270
620	293	127	267
607	286	137	276
601	284	136	271
587	287	151	272
593	288	146	268
578	296	174	259
586	289	152	270
594	286	144	265
616	290	122	252
622	293	117	268
620	294	125	266
600	289	143	276
612	287	128	264
612	281	125	272
625	281	121	281
630	285	123	275
640	289	115	245
644	285	116	278
641	290	123	257
639	286	125	275
639	291	125	277
638	287	130	266
637	289	135	270
638	290	132	268
650	291	115	273
627	285	146	277
638	289	136	273
633	293	144	271
637	294	142	268
652	300	123	255
645	293	138	269
664	289	116	272
680	291	97	265
694	292	88	256
705	287	86	247
716	286	78	268
715	287	90	264
704	286	120	254
704	289	147	264
708	287	156	262
696	285	161	266
710	284	143	272
716	285	146	269
719	288	156	266
739	286	141	273
749	288	134	278
739	290	150	278
737	286	147	278
727	288	135	271
723	288	140	265
722	285	145	276
718	284	136	283
727	280	123	295
723	280	118	282
713	277	114	288
687	271	130	299
690	283	123	281
683	282	120	290
693	282	115	290
708	273	121	294
681	269	165	290
690	272	153	304
676	276	158	302
673	278	168	297
692	275	156	307
698	283	128	302
705	268	133	314
713	272	118	317
723	269	121	320
724	267	131	324
715	279	122	307
720	275	125	308
709	268	143	315
709	269	145	312
696	280	148	303
694	278	148	305
699	278	138	301
706	285	136	286
713	284	128	286
714	283	132	288
716	292	126	279
716	286	126	280
717	282	125	282
716	284	123	273
718	284	118	269
717	284	120	272
716	287	117	272
716	291	121	267
713	290	116	265
712	290	112	257
712	292	109	258
715	290	102	260
718	291	95	259
718	293	90	251
721	291	81	250
723	291	86	251
720	290	91	251
721	289	126	249
700	291	146	265
702	292	132	258
683	284	144	271
694	287	133	274
705	288	119	275
713	279	121	285
717	285	115	281
709	291	122	277
700	283	130	283
706	278	114	284
704	283	106	277
712	283	100	279
693	285	116	278
690	282	118	282
671	288	106	275
668	289	96	267
663	288	97	264
664	283	95	274
680	283	83	274
691	287	79	269
699	290	74	258
698	293	83	256
700	290	90	258
715	289	86	261
714	288	112	264
713	292	124	252
720	294	121	248
723	293	124	252
738	292	109	255
732	291	109	262
739	289	104	263
728	286	109	267
728	285	114	269
728	285	107	270
726	284	103	271
713	280	116	271
702	284	131	276
690	281	141	280
689	283	124	269
678	281	114	280
665	284	113	276
659	284	107	271
617	283	156	275
599	284	175	269
630	279	144	277
654	285	123	269
672	282	105	277
699	283	110	275
684	280	131	280
692	282	136	276
701	279	137	279
713	287	114	264
728	285	117	272
736	286	142	277
739	286	158	270
739	287	171	267
748	285	153	272
752	285	148	273
757	282	138	272
754	281	131	275
745	281	142	283
741	280	148	282
733	280	143	282
716	285	127	276
700	284	126	276
692	286	136	273
673	283	151	269
655	283	165	271
652	282	149	270
629	286	141	272
631	286	121	267
627	282	126	260
614	286	133	269
606	286	137	274
595	286	146	267
574	281	128	284
575	289	116	276
559	288	131	272
520	295	168	269
516	285	160	284
509	282	147	285
486	290	156	275
483	290	120	273
451	284	140	281
442	280	143	288
443	280	125	286
457	287	98	282
452	303	78	267
428	303	100	266
420	296	94	272
400	298	114	270
400	294	117	280
397	288	112	289
381	293	119	281
372	284	134	287
373	287	121	285
371	287	107	286
367	290	112	283
353	291	113	286
343	292	104	275
339	293	103	273
324	294	113	275
310	291	115	277
305	291	123	271
304	291	130	274
303	288	116	278
317	288	92	277
319	289	100	276
324	292	99	276
327	288	98	281
344	291	88	273
351	294	92	274
353	290	90	274
360	290	74	286
358	289	77	284
360	290	78	281
355	291	90	277
352	293	94	274
351	293	98	274
356	289	93	275
359	289	90	288
359	290	102	289
353	293	119	283
348	294	113	284
362	294	92	273
357	293	75	276
357	291	90	274
343	293	122	270
335	295	117	269
334	297	107	263
352	297	86	260
371	292	77	264
369	296	91	262
366	299	101	258
383	300	86	256
401	300	84	255
407	299	86	254
418	300	103	247
418	296	78	254
411	300	106	254
412	299	86	250
416	298	89	258
425	301	80	251
430	302	78	251
420	296	89	259
403	296	115	258
439	290	99	267
448	294	85	260
449	294	100	264
450	291	89	272
445	299	84	265
445	299	96	267
446	297	103	270
460	289	110	274
466	294	88	263
470	295	88	267
469	290	107	271
471	292	108	269
487	292	142	267
508	294	134	262
521	294	132	264
528	291	130	266
522	295	123	266
528	298	134	260
520	296	143	263
518	294	120	264
518	299	144	260
497	294	124	259
490	298	118	260
482	301	109	257
477	297	91	260
473	310	115	247
467	303	91	255
444	299	108	259
434	300	108	257
427	311	93	247
423	303	93	260
419	303	77	256
402	295	92	269
364	298	111	264
347	292	119	273
344	299	113	270
347	300	87	259
339	300	85	254
320	300	89	255
304	306	100	254
296	299	114	257
288	304	112	256
289	303	106	255
296	297	103	257
302	301	96	252
300	300	108	255
297	298	127	260
307	300	124	260
337	289	115	273
360	294	99	265
362	297	105	257
357	299	133	253
348	295	144	261
362	295	131	263
378	298	115	259
368	300	102	254
354	296	111	256
355	299	120	264
349	292	121	271
353	291	111	278
337	294	121	270
341	304	98	269
333	300	96	259
315	295	109	272
313	297	108	263
299	301	123	259
308	300	99	261
310	303	91	258
299	301	99	258
308	302	98	258
313	300	101	258
317	300	105	252
324	302	102	247
329	305	100	249
327	304	108	247
324	300	122	254
324	303	124	255
334	303	119	264
341	299	107	260
351	301	100	257
357	295	90	261
350	295	102	269
345	296	135	271
346	292	125	274
345	295	108	271
348	298	91	263
338	295	96	263
335	291	102	270
329	291	111	271
330	292	113	272
327	292	112	269
337	294	99	269
342	292	97	273
345	292	107	273
350	298	108	267
353	297	114	266
356	297	101	260
367	302	93	256
362	300	96	256
369	299	96	259
378	304	96	251
381	305	93	243
382	304	92	240
379	302	100	244
353	297	120	247
357	297	118	254
357	296	116	264
350	296	122	270
352	294	111	268
358	300	103	260
353	296	106	267
344	295	108	271
348	293	101	270
345	300	93	264
343	294	94	268
332	293	103	270
328	291	109	270
315	289	124	280
319	288	117	285
310	283	123	296
306	287	114	293
299	286	111	297
309	285	91	298
314	278	85	316
311	279	94	316
306	277	98	322
305	277	95	318
292	266	109	330
291	264	116	332
276	260	140	345
245	266	171	342
238	257	179	349
230	266	167	339
252	276	150	331
262	276	139	333
254	279	131	338
262	283	105	339
254	279	112	340
243	282	116	340
230	276	133	346
211	271	158	349
198	260	162	360
206	258	166	365
188	254	178	363
197	254	156	365
187	258	151	367
193	256	148	383
184	254	150	393
182	257	149	394
184	250	145	399
188	248	148	398
205	249	135	390
195	240	194	395
182	247	203	391
166	246	220	388
209	250	177	373
224	250	151	371
248	250	147	376
246	251	192	372
228	247	216	377
226	250	211	372
245	247	165	377
263	258	148	367
249	258	170	364
260	253	153	369
256	250	187	373
244	248	206	378
244	250	202	377
241	255	197	370
247	258	159	369
237	250	152	372
216	250	150	384
214	252	143	380
201	256	143	377
183	258	153	378
183	255	156	371
175	256	164	370
175	249	157	376
172	252	152	373
172	256	165	369
172	254	158	357
176	259	147	354
165	262	172	356
158	256	173	367
155	260	177	360
146	269	180	350
155	261	173	357
176	260	153	354
184	265	159	346
200	259	154	350
185	261	173	350
212	259	150	351
253	271	121	333
266	272	115	329
277	270	118	333
289	265	140	337
285	267	149	339
295	273	140	331
297	270	142	337
303	266	131	339
297	268	144	331
296	269	155	329
302	271	138	329
294	274	161	325
288	274	141	313
305	284	115	300
309	285	124	297
311	274	108	313
313	278	92	307
301	285	107	300
298	285	118	299
303	283	117	300
299	280	119	303
297	277	126	316
290	279	133	315
285	277	134	322
276	278	137	317
270	276	130	320
267	276	133	319
259	273	139	332
254	275	136	335
248	272	129	336
244	273	131	334
244	272	127	336
240	269	132	346
229	266	127	358
222	261	123	364
205	262	133	366
182	269	159	359
178	264	183	362
175	252	184	387
173	247	163	392
173	253	158	388
171	252	151	388
130	249	189	395
151	249	182	394
152	247	179	392
162	252	171	392
179	252	161	392
189	249	142	390
191	255	146	376
212	258	126	360
215	250	127	364
228	253	115	357
215	267	122	343
195	265	164	344
197	262	160	347
238	261	128	351
244	259	142	353
247	260	165	358
256	260	162	358
282	254	139	368
295	255	124	365
299	255	133	365
295	249	139	375
296	244	132	388
297	245	121	391
286	245	125	390
281	242	128	388
265	243	134	387
246	246	137	385
226	246	141	385
183	244	164	391
181	250	159	386
177	258	151	380
177	256	146	382
178	256	137	383
182	252	133	384
177	251	145	382
161	253	171	366
173	256	167	362
235	249	122	367
248	250	116	369
245	249	146	371
238	248	189	373
259	247	163	377
287	253	138	371
314	258	129	363
314	250	148	369
311	250	216	373
291	245	292	369
303	247	250	368
316	244	169	375
317	249	158	369
308	248	144	372
297	253	131	373
281	255	140	367
268	251	153	369
257	256	137	360
233	262	131	355
224	263	117	353
162	266	175	350
154	265	183	352
153	264	183	352
156	258	178	358
163	259	170	361
163	259	160	359
173	258	147	360
166	256	153	365
169	254	158	373
221	257	122	358
250	259	122	365
252	251	141	366
255	253	176	370
271	244	187	381
313	247	182	378
333	256	177	366
349	256	174	369
350	252	178	375
349	252	184	377
367	255	175	375
375	252	164	380
393	251	179	374
438	253	148	365
449	254	184	365
456	247	201	367
470	240	209	382
488	243	195	373
535	248	166	365
556	247	177	370
565	246	173	366
581	246	173	369
597	251	171	363
606	242	170	374
620	250	163	361
652	254	147	357
645	248	192	359
668	253	172	364
683	256	169	359
697	255	154	365
696	256	165	361
711	259	157	357
722	248	151	367
721	247	152	365
721	245	159	373
745	242	150	370
768	248	145	348
769	249	155	358
788	245	195	367
796	253	191	364
825	250	178	358
840	251	159	370
848	245	153	371
857	240	134	371
861	238	117	370
856	240	123	365
853	239	123	367
853	239	119	374
846	242	120	363
844	242	103	355
846	240	103	357
843	244	105	355
838	244	107	354
834	243	105	357
832	243	108	360
823	245	119	359
825	243	113	361
833	241	109	361
816	242	129	359
824	243	121	359
842	245	99	358
843	250	104	358
858	242	103	363
853	239	146	394
847	239	157	386
847	236	166	395
850	236	169	397
853	230	141	396
853	233	138	398
846	228	139	404
847	228	132	406
834	232	136	402
812	232	156	405
822	231	146	408
770	230	184	409
782	227	180	412
790	225	175	414
786	228	180	413
770	230	171	409
762	228	158	403
737	234	185	396
729	234	186	395
726	233	182	398
723	232	171	402
713	239	167	387
712	240	152	380
731	235	129	383
721	236	136	377
719	241	138	374
720	242	136	373
704	242	142	369
707	239	131	371
677	233	158	378
638	237	195	380
615	244	219	380
619	246	186	381
628	252	154	377
617	247	151	372
598	241	180	384
592	245	167	382
591	243	153	386
583	248	159	381
594	247	147	381
608	244	152	379
615	239	169	382
629	246	163	382
637	249	176	383
657	249	155	378
687	243	140	379
705	247	133	375
719	238	142	386
740	241	146	384
730	236	178	392
759	243	157	382
788	244	138	372
810	236	145	382
838	235	162	389
854	241	189	388
851	233	181	391
882	233	165	388
898	231	153	393
914	225	153	404
923	230	178	404
934	229	173	400
945	233	172	384
950	233	174	384
958	230	169	413
954	232	169	396
948	231	175	397
901	231	202	393
886	231	218	394
885	225	171	397
868	231	135	394
856	233	133	384
