355	332	404	169
358	341	405	158
391	353	276	140
402	366	291	146
412	365	295	150
394	363	381	158
431	362	256	167
412	371	242	159
404	371	256	153
406	375	242	148
399	369	260	152
396	361	268	162
412	349	242	159
415	346	248	203
389	349	263	184
356	334	300	197
362	325	219	196
364	335	209	200
331	317	312	215
296	315	253	187
327	308	194	244
298	313	208	228
243	309	249	216
243	307	235	220
235	324	256	208
230	328	309	183
234	328	317	185
231	335	342	189
262	343	340	175
253	344	288	154
251	342	314	160
246	345	222	155
234	331	213	162
229	331	215	163
221	333	234	152
216	331	233	151
221	337	229	138
230	341	219	136
233	336	241	131
236	336	213	139
232	333	215	130
236	338	211	126
239	332	216	130
261	337	191	120
282	339	160	117
284	338	155	123
254	341	191	115
273	341	143	127
262	352	153	117
264	350	148	123
257	347	155	123
256	347	156	126
256	355	154	116
252	353	155	123
247	352	162	131
228	351	200	131
238	353	156	142
242	354	151	143
234	355	157	142
233	356	162	139
236	356	158	138
235	357	156	133
235	358	155	138
235	364	154	131
233	373	150	131
227	372	158	139
210	377	178	130
202	378	164	140
184	382	163	149
184	386	164	145
180	383	163	152
183	383	158	152
199	385	147	147
196	386	147	146
198	388	146	147
201	396	138	143
200	399	132	145
193	399	143	151
180	400	159	151
175	404	142	157
172	406	141	156
168	407	145	155
160	406	154	154
167	407	147	154
167	405	147	154
161	403	154	156
171	405	142	156
173	408	138	154
172	417	139	149
171	420	138	143
172	420	147	151
167	422	171	160
146	425	164	163
149	426	151	171
125	428	178	166
126	430	169	168
119	430	179	166
115	429	183	166
117	426	183	166
124	424	179	171
