64	219	235	180
51	216	246	180
47	209	246	180
49	206	244	181
50	213	244	171
38	240	256	137
91	215	183	171
75	226	187	144
79	198	188	164
75	218	213	139
102	209	145	138
108	201	133	142
112	198	123	143
79	199	181	154
82	213	178	151
89	220	164	139
94	225	157	142
94	219	159	138
91	208	166	141
79	203	193	147
71	199	211	152
73	198	209	152
67	198	218	151
67	202	219	142
71	216	216	118
88	219	187	109
80	225	204	104
112	220	139	106
90	221	145	109
89	227	161	109
82	232	92	101
73	236	125	100
78	236	131	102
78	224	124	116
76	213	120	129
74	208	118	136
76	205	122	141
75	203	126	143
75	202	119	147
73	196	109	153
76	193	106	153
77	186	117	163
73	189	148	158
68	185	156	160
69	182	162	161
64	195	165	143
55	187	190	146
50	171	209	157
44	165	237	155
25	160	278	155
24	154	280	156
31	150	286	157
34	161	285	143
42	166	288	138
53	168	289	139
58	160	306	149
73	161	324	165
97	181	307	153
177	196	238	153
297	206	118	148
330	214	88	151
352	227	106	137
362	236	69	125
368	244	118	119
366	250	128	111
361	255	144	103
345	254	170	104
338	250	148	101
331	247	113	100
325	245	112	96
320	249	111	93
312	249	116	99
311	253	107	97
291	261	131	85
294	226	157	116
310	221	177	93
356	204	244	140
363	200	258	143
382	206	257	144
383	223	257	131
370	239	269	125
353	246	281	126
350	253	284	129
350	269	286	123
352	269	276	122
359	268	262	125
373	269	234	126
372	263	250	148
382	263	229	161
383	259	230	168
395	256	225	181
399	268	234	168
391	261	236	173
399	268	233	168
394	266	225	164
376	266	226	140
372	264	231	134
374	259	191	147
391	240	161	132
410	227	127	140
417	212	112	144
416	205	116	149
406	206	113	146
399	221	107	135
388	220	105	137
374	226	101	132
329	234	139	124
315	240	177	115
302	261	233	99
312	264	232	91
