26.691962
0.027919
0.025816
0.025959
0.027392
0.027010
0.028135
0.030969
0.027601
0.027527
0.026280
0.026618
0.026776
0.026469
0.025954
0.026275
0.027256
0.026406
0.027166
0.027098
0.029695
0.026673
0.027068
0.028561
0.027192
0.027905
0.028785
0.027625
0.026829
0.029472
0.029509
0.027777
0.030887
0.031256
0.030592
0.037527
0.031506
0.030978
0.031152
0.032906
0.036179
0.033123
0.032069
0.032052
0.030862
0.031006
0.030733
0.031814
0.031336
0.035658
0.030846
0.032527
0.031416
0.031170
0.033838
0.031785
0.032619
0.031724
0.032511
0.033107
0.034711
0.032734
0.033574
0.032757
0.031677
0.033516
0.032922
0.032997
0.034426
0.032412
0.037476
0.032785
0.033841
0.032742
0.032403
0.031167
0.032372
0.035325
0.034730
0.032939
0.034411
0.033971
0.035376
0.034813
0.034551
0.034627
0.033924
0.032773
0.034102
0.034179
0.034096
0.034480
0.034727
0.039113
0.034761
0.035729
0.035556
0.034016
0.034638
0.035129
0.035277
0.034854
0.035077
0.034993
0.036813
0.033141
0.035969
0.034262
0.033864
0.034888
0.034567
0.034386
0.035105
0.035309
0.035403
0.035716
0.039660
0.034655
0.041937
0.038179
0.040426
0.036689
0.040842
0.036161
0.040045
0.039569
0.034267
0.040805
0.035446
0.034580
0.034375
0.035012
0.036037
0.038775
0.035190
0.035568
0.034882
0.037009
0.036055
0.034501
0.036396
0.036043
0.035769
0.036098
0.037061
0.036638
0.035540
0.036799
0.036928
0.039626
0.035101
0.036378
0.035427
0.035956
0.036790
0.037287
0.036894
0.036630
0.038195
0.036859
0.036172
0.036963
0.036625
0.037361
0.036386
0.035811
0.035877
0.037223
0.042933
0.038081
0.037119
0.043830
0.035969
0.038697
0.036793
0.036903
0.036258
0.036784
0.036992
0.037017
0.038670
0.039568
0.041383
0.037079
0.036859
0.037555
0.036465
0.035438
0.040186
0.037982
0.037389
0.037344
0.037080
0.038503
0.039057
0.036927
0.037933
0.037367
0.037936
0.039099
0.038700
0.037260
0.038242
0.037117
0.038794
0.039340
0.039455
0.038579
0.038767
0.039873
0.039004
0.039399
0.038351
0.038391
0.037475
0.038616
0.039051
0.038928
0.043314
0.039996
0.039318
0.038970
0.038275
0.039081
0.040019
0.040344
0.042089
0.040082
0.040498
0.039756
0.042642
0.040984
0.038729
0.039258
0.040737
0.039684
0.039502
0.040303
0.041275
0.043169
0.042291
0.042577
0.042513
0.041859
0.042101
0.042780
0.041565
0.043349
0.041879
0.041999
0.042642
0.042014
0.041439
0.091419
0.041232
0.040447
0.039507
0.039828
0.043267
0.041699
0.044104
0.043389
0.040758
0.041852
0.045343
0.044586
0.041474
0.042309
0.041981
0.043669
0.047246
0.041638
0.041003
0.044417
0.050782
0.043944
0.053581
0.048349
0.045393
0.040868
0.043353
0.042232
0.041902
0.040679
0.042309
0.042340
0.042699
0.042347
0.042738
0.041482
0.043050
0.040585
0.042543
0.042696
0.042613
0.041841
0.041360
0.043037
0.041763
0.040604
0.047711
0.047387
0.043036
0.041995
0.041882
0.041339
0.039802
0.040457
0.042211
0.042202
0.042635
0.041968
0.040662
0.039933
0.040301
0.040591
0.041742
0.040883
0.041877
0.042739
0.044314
0.041960
0.042120
0.043009
0.042818
0.042089
0.044402
0.042353
0.042128
0.042115
0.044634
0.044200
0.044597
0.045555
0.045781
0.045570
0.045205
0.044619
0.045092
0.045858
0.044613
0.048165
0.043531
0.044410
0.044504
0.043744
0.044203
0.044116
0.046539
0.043666
0.044699
0.041759
0.042248
0.044216
0.043006
0.042762
0.043476
0.042405
0.043902
0.051189
0.050040
0.051039
0.048069
0.044935
0.044916
0.047091
0.046516
0.045749
0.045154
0.046177
0.047057
0.047765
0.043530
0.045187
0.045974
0.046349
0.043655
0.047034
0.045156
0.045094
0.047345
0.046800
0.046794
0.044833
0.045064
0.043623
0.044703
0.045955
0.046479
0.045315
0.046510
0.045674
0.047026
0.045724
0.045440
0.045369
0.045012
0.047097
0.046325
0.049948
0.046872
0.047709
0.047091
0.046325
0.045710
0.046211
0.047401
0.046392
0.047350
0.046415
0.047258
0.046894
0.045640
0.046832
0.045859
0.046703
0.046668
0.045340
0.043361
0.044880
0.045144
0.045566
0.046525
0.046971
0.044695
0.045150
0.045869
0.044697
0.045169
0.045937
0.045485
0.045748
0.044551
0.045997
0.047549
0.046058
0.045174
0.045587
0.044433
0.046978
0.046475
0.044220
0.045510
0.045946
0.046441
0.045271
0.044950
0.044669
0.046829
0.048143
0.044646
0.046946
0.045386
0.045576
0.045321
0.046660
0.045430
0.045665
0.045937
0.048013
0.046654
0.047013
0.045240
0.047830
0.045878
0.046802
0.046612
0.046196
0.045098
0.046694
0.046171
0.044126
0.046144
0.045055
0.046596
0.046877
0.046569
0.046168
0.046820
0.045022
0.045835
0.047231
0.046703
0.048381
0.046442
0.046313
0.047993
0.047685
0.046433
0.048215
0.047260
0.046958
0.046535
0.050184
0.048679
0.048000
0.047611
0.046544
0.047683
0.047773
0.046918
0.046637
0.046779
0.046587
0.047266
0.049054
0.049587
0.047653
0.047623
0.048462
0.045813
0.047265
0.048345
0.052418
0.050977
0.048862
0.049319
0.047437
0.047698
0.048495
0.047717
0.047714
0.048210
0.048167
0.049791
0.048004
0.049286
0.048559
0.049854
0.047170
0.048971
0.049622
0.048837
0.051925
0.050145
0.047872
0.048637
0.051333
0.049369
0.047080
0.047230
0.049720
0.049167
0.050608
0.049223
0.047838
0.049632
0.049163
0.049761
0.053979
0.048719
0.048670
0.050050
0.049214
0.050179
0.050962
0.049299
0.047801
0.048724
0.052695
0.053702
0.052803
0.054479
0.052483
0.052213
0.050618
0.051559
0.056408
0.049717
0.049557
0.051481
0.049354
0.050024
0.050586
0.050625
0.050983
0.051953
0.050676
0.049288
0.050086
0.049279
0.051111
0.050956
0.051499
0.049409
0.050406
0.052265
0.052408
0.050644
0.049125
0.052306
0.052977
0.051111
0.049984
0.050566
0.050639
0.050576
0.050872
0.050128
0.051864
0.051089
0.050985
0.053800
0.052389
0.052002
0.050554
0.051904
0.050868
0.050232
0.052455
0.050569
0.053635
0.052138
0.052865
0.051389
0.052276
0.052317
0.051685
0.051698
0.052166
0.053360
0.055551
0.053483
0.053876
0.053836
0.058680
0.059965
0.055719
0.053275
0.055979
0.055102
0.056491
0.055125
0.055410
0.058466
0.057291
0.068353
0.057739
0.065902
0.060581
0.061113
0.059232
0.058192
0.057800
0.060536
0.065085
0.062253
0.062427
0.104615
0.059278
0.063696
0.073390
0.060291
0.059749
0.064253
0.057046
0.057292
0.055909
0.095616
0.154171
0.165231
