0.513642
0.026691
0.034824
0.029501
0.033116
0.032738
0.031831
0.035656
0.030196
0.030318
0.032071
0.030982
0.037478
0.031961
0.032788
0.035036
0.034460
0.032752
0.032759
0.033360
0.033309
0.038812
0.041559
0.033207
0.032222
0.032802
0.033228
0.032766
0.032214
0.039862
0.037376
0.036255
0.034651
0.041921
0.036477
0.038628
0.034621
0.032715
0.033721
0.035501
0.034890
0.032627
0.033169
0.036834
0.037298
0.040888
0.038097
0.037176
0.035505
0.041529
0.034672
0.037023
0.034971
0.037260
0.036268
0.039516
0.035661
0.036926
0.038750
0.035340
0.035992
0.045357
0.035219
0.035888
0.033297
0.037187
0.035258
0.038243
0.038605
0.033594
0.034932
0.036871
0.036634
0.036865
0.033477
0.033482
0.035278
0.037388
0.040379
0.039667
0.036056
0.039441
0.036668
0.042555
0.042360
0.033497
0.035139
0.034116
0.033034
0.033954
0.034612
0.035300
0.037776
0.035392
0.036222
0.039287
0.038340
0.045449
0.037933
0.036589
0.036828
