0.554816
0.032960
0.026343
0.030289
0.030020
0.029646
0.031370
0.030152
0.030288
0.034258
0.029278
0.029571
0.029166
0.029763
0.030628
0.030420
0.029818
0.028813
0.028407
0.029233
0.030730
0.029016
0.029010
0.030243
0.030199
0.029604
0.031428
0.032088
0.032119
0.031626
0.031795
0.033467
0.032614
0.032707
0.031177
0.030113
0.031424
0.032862
0.034786
0.030252
0.030705
0.033919
0.031730
0.030769
0.030867
0.030335
0.030928
0.030739
0.032399
0.031579
0.030764
0.030169
0.030112
0.034327
0.031043
0.031000
0.029948
0.031064
0.035509
0.031365
0.030175
0.031163
0.033442
0.031861
0.030994
0.034161
0.031498
0.030216
0.030226
0.033872
0.032643
0.032723
0.034526
0.034196
0.037834
0.031943
0.031706
0.032223
0.033458
0.032146
0.034064
0.033566
0.033791
0.031999
0.035977
0.033065
0.032880
0.032995
0.033423
0.034158
0.033817
0.032876
0.033173
0.032929
0.033211
0.033464
0.033242
0.034503
0.037044
0.035333
0.035086
0.037760
0.038090
0.035131
0.042310
0.036183
0.040171
0.037483
0.039877
0.034835
