339	163	92	113
347	155	86	131
339	153	80	129
331	152	81	125
318	164	86	131
301	170	85	130
295	172	82	133
283	175	80	130
269	178	91	130
256	180	74	135
249	186	75	114
239	197	66	101
226	208	66	95
210	204	71	108
201	201	69	118
190	200	69	114
174	208	74	107
159	202	74	116
149	194	87	121
148	198	72	113
145	203	78	120
142	205	79	126
142	198	81	139
141	194	72	175
139	204	74	157
135	214	77	155
133	207	79	170
135	224	68	142
130	213	65	149
130	227	70	132
129	215	67	144
138	226	60	135
137	231	64	128
147	231	65	121
149	222	74	127
149	223	66	128
142	222	60	133
139	230	61	119
142	224	59	126
147	222	59	124
151	229	56	117
152	234	55	110
153	229	64	121
160	230	59	114
166	230	55	110
169	236	60	103
173	231	59	102
178	226	57	106
183	224	54	104
184	229	58	103
187	227	65	103
197	221	76	114
251	219	51	99
258	223	55	104
266	209	51	101
270	207	49	105
266	203	50	114
272	204	49	103
275	205	50	73
272	205	41	76
274	199	42	81
270	201	44	78
274	203	41	79
266	201	46	83
269	198	43	83
277	197	44	75
275	196	49	79
277	197	51	90
280	194	54	111
271	192	49	113
272	196	57	110
262	196	48	114
258	199	54	116
257	208	51	110
250	216	57	105
255	198	55	110
254	183	54	124
257	184	54	117
256	187	59	101
263	192	53	105
264	193	61	99
269	191	63	98
256	188	55	95
258	191	54	91
258	190	57	94
269	190	53	94
270	190	56	95
278	194	51	90
274	193	65	113
291	203	50	104
300	212	51	96
311	227	55	87
331	235	67	84
360	238	51	83
391	244	61	98
433	255	70	106
481	268	70	97
520	280	91	85
573	296	86	86
619	296	93	95
664	315	93	86
695	328	91	77
726	331	88	83
753	349	90	96
799	360	55	112
806	381	47	94
807	416	47	64
801	436	52	43
801	437	53	42
799	438	54	42
801	437	52	42
801	430	52	49
801	426	52	53
801	423	52	57
802	425	52	55
803	425	50	55
802	425	51	54
803	425	51	54
802	426	51	54
802	424	51	56
802	424	51	56
800	424	53	56
801	422	53	58
801	422	52	58
802	424	52	56
801	422	53	57
801	423	53	57
800	423	53	56
801	423	53	57
800	423	54	57
800	422	53	57
800	423	54	57
800	423	53	56
798	421	55	58
800	421	54	58
800	421	54	58
801	422	53	58
798	422	56	58
798	420	56	59
798	421	55	59
800	420	53	59
800	418	54	61
799	417	54	62
800	419	54	60
800	419	53	60
801	421	53	59
801	420	52	60
802	420	52	59
801	421	52	58
801	421	53	58
801	421	53	58
802	423	52	56
800	423	54	56
801	424	53	56
802	422	52	58
801	422	53	58
800	420	54	60
798	420	56	60
802	420	52	59
797	418	56	62
799	417	55	63
800	418	54	62
800	419	54	61
801	422	52	58
799	418	55	61
801	419	53	61
800	418	54	61
798	416	56	63
796	414	57	66
799	415	54	65
799	417	55	63
797	416	56	63
797	415	57	65
797	413	56	66
797	414	57	66
797	415	57	65
795	415	58	65
798	416	56	64
795	413	59	66
797	415	57	64
796	414	57	66
797	413	56	67
797	414	56	66
799	415	54	65
800	416	54	63
800	416	54	63
799	417	54	63
799	416	55	63
800	416	54	64
798	413	55	66
798	415	56	65
797	412	56	68
796	413	58	66
795	412	58	68
794	411	59	69
795	410	59	69
794	410	59	69
793	410	60	69
791	409	63	70
791	408	63	71
790	407	64	73
788	405	66	74
785	404	69	75
787	406	66	74
791	406	63	74
786	403	68	77
784	400	70	79
784	401	70	79
788	407	66	72
792	409	62	71
786	406	68	74
786	405	67	74
789	408	64	71
792	411	62	69
787	406	66	74
787	406	67	73
791	411	62	69
793	411	60	69
791	410	62	69
786	404	68	75
787	407	66	73
788	405	65	75
789	406	65	74
783	401	70	78
780	397	73	82
783	398	71	81
784	397	70	83
780	395	73	84
779	396	74	84
782	396	71	83
783	399	70	80
784	402	69	78
784	402	69	78
784	401	70	78
783	399	70	80
783	397	70	83
781	388	72	91
774	385	79	95
772	389	82	90
775	390	79	89
783	393	71	87
781	397	73	82
779	402	74	77
781	396	73	84
782	394	72	85
782	395	71	84
778	397	75	83
773	397	81	82
773	390	80	89
776	387	77	92
771	383	82	97
