335	328	741	251
356	335	722	246
356	326	709	252
365	321	688	250
349	323	702	247
350	316	695	251
369	316	669	251
370	322	674	247
376	324	659	253
365	310	662	259
354	317	649	255
356	317	637	255
368	321	628	253
366	317	623	253
375	301	610	268
364	299	616	265
361	299	615	268
366	303	598	262
358	316	603	258
369	311	572	262
364	319	581	245
362	283	562	283
361	294	567	263
361	312	562	236
357	313	575	236
356	323	562	225
345	319	562	228
326	324	600	204
353	322	611	208
314	327	667	204
334	326	638	207
366	327	562	208
373	323	617	213
348	312	680	239
362	320	702	232
348	314	721	252
393	298	705	282
385	301	707	281
319	320	786	289
335	328	761	270
340	320	766	292
342	330	756	260
333	321	788	288
481	343	642	284
384	357	772	263
499	347	656	298
388	360	784	286
437	367	718	282
370	341	812	312
429	343	745	278
416	348	773	306
379	366	831	254
637	338	540	324
492	364	733	277
590	356	627	290
529	358	694	294
603	318	613	353
641	304	579	362
709	303	494	357
558	341	722	352
647	372	573	272
537	383	743	251
570	369	694	276
586	341	672	315
729	352	529	322
777	296	496	417
804	401	476	267
620	347	660	310
814	326	438	346
743	380	537	251
787	386	492	261
840	346	401	347
852	369	428	336
823	342	457	316
835	360	444	289
808	371	471	275
836	388	435	315
905	532	372	166
856	556	423	163
867	565	413	154
900	505	379	215
922	524	358	196
946	556	334	163
936	533	344	161
923	541	357	160
900	559	380	161
910	564	370	155
918	524	362	196
862	557	418	163
878	562	402	157
907	552	372	168
901	543	379	177
888	529	392	191
894	545	385	174
900	526	379	193
888	540	391	179
895	534	385	185
869	537	410	182
928	539	344	181
880	529	399	191
