0.555441
0.027060
0.029698
0.029730
0.031532
0.029761
0.028148
0.029883
0.031269
0.032908
0.032497
0.031825
0.030952
0.030868
0.033031
0.031703
0.031937
0.031579
0.030882
0.031916
0.031515
0.030385
0.031425
0.031466
0.029262
0.031168
0.030487
0.030440
0.030253
0.031253
0.030553
0.030463
0.031046
0.030533
0.030886
0.031203
0.031217
0.031112
0.032860
0.029942
0.030285
0.030186
0.029850
0.030728
0.030762
0.031729
0.031666
0.031393
0.031552
0.031359
0.031505
0.032251
0.032361
0.032994
0.033251
0.031915
0.032506
0.033561
0.032200
0.032470
0.032337
0.033261
0.033034
0.032773
0.033206
0.036796
0.033073
0.033185
0.033377
0.033839
0.034719
0.034257
0.033875
0.036719
0.034825
0.035279
0.035367
0.035002
0.038505
0.034457
0.031549
0.033844
0.033284
0.033299
0.032341
0.033040
0.035663
0.033238
0.033128
0.033813
0.036442
0.032940
0.033813
0.034195
0.111434
0.120699
0.130652
0.141168
0.132109
0.133256
0.132877
