0.518732
0.025545
0.029931
0.029794
0.029873
0.030242
0.032023
0.032811
0.032838
0.031019
0.033679
0.031467
0.036094
0.031910
0.031701
0.032121
0.031761
0.032588
0.033780
0.033241
0.033109
0.033508
0.032132
0.030933
0.036786
0.035106
0.034761
0.036871
0.034016
0.032211
0.032585
0.032362
0.032829
0.033148
0.033428
0.032477
0.033109
0.032292
0.035175
0.033226
0.032843
0.032047
0.033308
0.032953
0.032470
0.032948
0.033137
0.033770
0.033698
0.033186
0.033188
0.031646
0.033226
0.033267
0.033242
0.033119
0.032653
0.034541
0.033340
0.033370
0.033910
0.034476
0.033297
0.032894
0.034444
0.033620
0.034758
0.034538
0.034848
0.034810
0.034780
0.036630
0.034881
0.033995
0.035582
0.035416
0.036957
0.034444
0.034492
0.034506
0.035905
0.034358
0.035688
0.035328
0.036146
0.039768
0.037228
0.038563
0.035587
0.037492
0.037392
0.038098
0.038908
0.038796
0.038839
0.037899
0.036121
0.038916
0.039666
0.036891
0.037958
0.038723
0.037618
0.037493
0.036511
0.036391
0.035757
0.036135
0.040432
0.038925
0.036335
0.035827
0.037741
0.035551
0.035524
0.036489
0.036490
0.036719
0.039482
0.037550
0.036992
0.037154
0.039690
0.036827
0.037954
0.037648
0.037734
0.037806
0.035866
0.037880
0.037253
0.039972
0.037760
0.039198
0.037425
0.036940
0.037371
0.036921
0.036596
0.036744
0.037728
0.037294
0.037539
0.039411
0.036002
0.037814
0.038409
0.037384
0.035141
0.037132
0.036782
0.036470
0.036277
0.035963
0.037020
0.036283
0.036852
0.034809
0.037826
0.052221
0.044403
0.040151
0.038713
0.039061
0.039402
0.041068
0.040673
0.039860
0.041215
0.040160
0.037733
0.039335
0.038732
0.036591
0.040920
0.036902
0.039491
0.042804
0.046890
0.042044
0.040023
0.038961
0.038177
0.038082
0.038614
0.037650
0.037003
0.038461
0.038256
0.039732
0.039621
0.038636
0.037084
0.037339
0.038388
0.038883
0.037275
0.037706
0.039464
0.042761
0.039246
0.039486
0.040097
0.038343
0.038796
0.039916
0.038271
0.038712
0.038460
0.037363
0.039394
0.036874
0.037950
0.039767
0.039209
0.038393
0.038508
0.039583
0.039292
0.039472
0.037969
0.037675
0.039021
0.038082
0.040062
0.039492
0.069802
0.037699
0.037585
0.038121
0.037598
0.039658
0.038752
0.039027
0.042868
0.046313
0.040171
0.039585
0.038946
0.038335
0.037877
0.038558
0.040845
0.038998
0.041317
0.039592
0.040015
0.040401
0.040210
0.039465
0.038244
0.040002
0.039132
0.040618
0.040483
0.040303
0.040166
0.041376
0.040012
0.040356
0.042167
0.039955
0.040760
0.042943
0.040205
0.042421
0.043151
0.040899
0.042784
0.041135
0.042204
0.041405
0.041815
0.042411
0.040482
0.040804
0.041565
0.041492
0.042442
0.040347
0.040995
0.040782
0.040978
0.041810
0.042025
0.044358
0.043757
0.040919
0.043495
0.043262
0.040851
0.043234
0.042751
0.043436
0.043741
0.044701
0.043068
0.043447
0.042151
0.045877
0.043855
0.042752
0.042258
0.042219
0.042456
0.041496
0.042643
0.041490
0.047399
0.046208
0.044760
0.044752
0.044723
0.040836
0.042556
0.043568
0.043704
0.042922
0.040683
0.043415
0.042229
0.042402
0.043386
0.042378
0.042573
0.039735
0.041319
0.041237
0.041175
0.043481
0.043090
0.042964
0.040747
0.041834
0.041421
0.040549
0.041669
0.043718
0.043588
0.042933
0.043438
0.043079
0.044746
0.043471
0.042204
0.043240
0.042815
0.043200
0.041820
0.042550
0.042629
0.043056
0.042619
0.043382
0.043472
0.043714
0.041970
0.043628
0.044280
0.045862
0.041739
0.042144
0.042603
0.042326
0.045502
0.044587
0.044468
0.042092
0.044756
0.043289
0.044550
0.047749
0.043620
0.042768
0.042522
0.043574
0.042121
0.043769
0.044847
0.045085
0.043316
0.042066
0.043931
0.044783
0.043482
0.045147
0.044371
0.045687
0.046279
0.046373
0.044461
0.044867
0.043656
0.046813
0.044238
0.043811
0.042941
0.045302
0.043463
0.045829
0.045236
0.045127
0.045550
0.045701
0.045176
0.044532
0.044552
0.060701
0.047126
0.051293
0.048153
0.046258
0.047351
0.047744
0.046014
0.045707
0.046349
0.047392
0.046666
0.045324
0.047772
0.048828
0.046597
0.046345
0.045875
0.045772
0.046125
0.046406
0.046842
0.047866
0.051293
0.048272
0.048548
0.048320
0.048660
0.051101
0.047869
0.048841
0.048962
0.048824
0.049044
0.049561
0.047508
0.051317
0.047206
0.046172
0.048404
0.133149
0.149108
0.158521
0.162769
0.160687
0.160990
0.126871
0.127339
0.151891
0.162402
0.158604
0.158589
0.140200
0.124287
0.136266
0.162292
0.163201
0.158663
0.148584
0.162115
0.127044
0.122922
0.143008
0.160163
0.159927
0.158094
0.160694
0.142614
0.125375
0.145493
0.151391
0.160994
0.161160
0.162176
0.148971
0.126330
0.145340
0.158103
0.160467
0.161718
0.164258
0.138454
0.126004
0.047772
0.047646
0.047545
0.047927
0.049180
0.048793
0.049512
0.053869
0.048925
0.048621
0.047931
0.050652
0.050164
0.049188
0.050704
0.060907
0.052233
0.048451
0.051751
0.051990
0.048288
0.055689
0.049248
0.048130
0.052581
0.050799
0.053665
0.053901
0.050108
0.049483
0.050238
0.049684
0.050795
0.051268
0.049793
0.050697
0.051847
0.053473
0.053381
0.050202
0.050826
0.048993
0.048982
0.048218
0.049961
0.049991
0.054904
0.051175
0.049672
0.050756
0.048363
0.050153
0.049998
0.050105
0.049908
0.052195
0.051216
0.052149
0.052380
0.051452
0.062738
0.053853
0.052788
0.056261
0.053194
0.053145
0.052495
0.052491
0.051511
0.052477
0.052418
0.051963
0.053169
0.053684
0.055016
0.051668
0.053571
0.054343
0.053301
0.054231
0.052234
0.052300
0.052125
0.053499
0.054624
0.055429
0.054431
0.051483
0.054080
0.051966
0.053489
0.051530
0.053996
0.052770
0.052900
0.052748
0.055102
0.053702
0.053941
0.055213
0.053067
0.053797
0.051252
0.064715
0.057966
0.051911
0.052987
0.052176
0.051003
0.053095
0.051574
0.052114
0.052889
0.053827
0.053440
0.051958
0.052441
0.061622
0.053132
0.055144
0.060313
0.052222
0.053041
0.058559
0.055101
0.052310
0.052780
0.051604
0.052887
0.051656
0.052606
0.053756
0.054454
0.053771
0.054178
0.053509
0.052431
0.053400
0.053955
0.055252
0.051245
0.052340
0.053729
0.052075
0.053601
0.053360
0.079794
0.053868
0.052464
0.053594
0.052848
0.054185
0.057075
0.053388
0.053053
0.054219
0.054429
0.054684
0.053396
0.053062
0.054980
0.054241
0.054263
0.054854
0.053841
0.055626
0.054915
0.052841
0.054508
0.053924
0.054460
0.052989
0.058762
0.055461
0.059798
0.053152
0.053426
0.054212
0.055229
0.054185
0.054633
