0.508572
0.024765
0.026482
0.026734
0.025710
0.027128
0.028605
0.028604
0.027267
0.030190
0.028208
0.028214
0.029264
0.027768
0.028995
0.028997
0.028653
0.028269
0.028284
0.027766
0.030208
0.029299
0.028545
0.028574
0.028746
0.028982
0.030357
0.028944
0.028420
0.029365
0.031497
0.029235
0.029708
0.029487
0.029507
0.029976
0.029722
0.030738
0.029579
0.029846
0.029804
0.029604
0.029922
0.029537
0.028954
0.029213
0.029577
0.029994
0.029770
0.029781
0.029571
0.031339
0.030599
0.029823
0.041266
0.029685
0.029041
0.028357
0.028967
0.032103
0.030554
0.032099
0.030247
0.029944
0.030496
0.031396
0.031456
0.030587
0.031902
0.031248
0.031623
0.032131
0.031480
0.032131
0.031255
0.032357
0.031670
0.031787
0.031568
0.031577
0.031436
0.031662
0.032123
0.032113
0.031604
0.032203
0.030246
0.030313
0.031717
0.031198
