0.548420
0.026570
0.031747
0.028363
0.039694
0.030919
0.032889
0.030143
0.029647
0.031580
0.030488
0.030892
0.030182
0.029933
0.031422
0.032426
0.032279
0.030974
0.031170
0.030546
0.029999
0.030735
0.033079
0.030820
0.031223
0.032390
0.031272
0.031395
0.030823
0.030972
0.031267
0.031502
0.032081
0.031821
0.029737
0.032034
0.032246
0.033908
0.030197
0.034187
0.031044
0.030945
0.031345
0.034003
0.032188
0.030493
0.033286
0.035297
0.032229
0.032238
0.032560
0.032487
0.031623
0.032417
0.034696
0.038248
0.035443
0.034868
0.035702
0.033179
0.034009
0.034031
0.038329
0.034249
0.033207
0.036696
0.037467
0.037509
0.031299
0.031015
0.031433
0.032048
0.033203
0.034074
0.032440
0.032413
0.032167
0.033226
0.032792
0.032878
0.032747
0.034244
0.034889
0.034754
0.034294
0.033412
0.034572
0.034870
0.035733
0.035672
0.034484
0.037156
0.034733
0.035208
0.035096
0.034418
0.035042
0.034996
0.036290
0.033355
