586	439	87	68
595	439	86	66
598	443	88	63
605	447	84	61
605	443	84	66
600	441	83	66
598	439	85	68
591	437	87	67
589	435	86	67
579	433	93	67
573	431	97	68
566	428	120	66
561	429	113	66
560	425	110	70
556	427	111	64
549	422	110	70
563	425	99	65
560	421	95	68
560	416	87	70
556	413	86	65
556	410	84	67
549	408	85	63
549	404	83	69
548	402	83	70
546	398	84	74
544	399	83	69
544	398	85	67
545	394	85	69
547	389	87	72
552	386	87	72
553	385	84	71
553	375	90	75
556	374	88	73
562	371	90	73
564	369	88	76
570	362	89	75
578	359	89	75
586	354	90	81
593	354	89	75
607	344	87	79
613	344	86	78
621	337	83	79
627	336	80	78
632	339	84	77
634	337	85	79
639	342	86	75
643	343	89	76
648	344	93	78
658	351	90	74
665	355	90	70
669	354	86	74
671	363	87	73
665	362	89	73
663	367	84	72
664	368	80	70
660	375	78	69
649	375	87	72
636	376	97	80
654	376	80	79
648	377	81	86
643	384	84	79
637	384	84	88
631	391	85	88
625	397	84	79
623	400	81	75
621	407	78	73
619	408	79	72
614	416	80	67
614	416	79	67
609	415	81	70
607	414	83	70
601	411	92	71
598	411	89	70
591	403	91	70
588	400	90	72
584	396	89	70
584	394	85	70
582	387	88	75
581	386	89	76
583	384	85	74
582	383	84	73
579	381	86	75
580	383	85	73
581	381	86	74
581	380	87	74
581	374	89	75
581	369	90	78
580	366	89	74
582	360	88	75
587	355	85	72
587	352	84	74
588	349	82	70
590	347	84	74
591	346	82	70
588	343	86	72
584	338	89	72
582	333	90	77
576	328	94	73
575	320	95	78
574	312	96	80
