0.520286
0.028101
0.026871
0.028944
0.028105
0.026854
0.030224
0.030451
0.030740
0.030015
0.031599
0.030789
0.032190
0.036651
0.031265
0.030742
0.033417
0.031623
0.033485
0.030685
0.031638
0.031944
0.031261
0.031177
0.033994
0.032941
0.032432
0.031154
0.030918
0.030341
0.030506
0.031838
0.031122
0.030417
0.030594
0.030088
0.030165
0.029952
0.030473
0.029926
0.030403
0.031393
0.032191
0.032913
0.033067
0.032164
0.032537
0.032890
0.035423
0.031526
0.031886
0.030847
0.031564
0.031794
0.032198
0.031817
0.034851
0.033472
0.034194
0.033139
0.033325
0.033425
0.033261
0.033861
0.035182
0.034734
0.033824
0.033824
0.034224
0.034587
0.033406
0.035540
0.034568
0.033221
0.035355
0.033711
0.034492
0.036509
0.032706
0.035558
0.036246
0.032957
0.033599
0.033464
0.033087
0.033159
0.034092
0.033523
0.033854
0.033264
0.033373
0.033100
0.032934
0.033821
0.033460
0.033685
0.034614
0.034299
0.033420
0.033051
0.033805
