611	406	614	331
597	409	617	372
572	404	636	376
548	406	627	375
507	397	620	389
482	398	605	375
464	395	593	381
439	393	619	383
427	393	532	382
412	366	509	417
369	310	517	481
341	285	552	523
378	352	507	434
376	346	477	423
378	365	464	413
354	355	449	426
366	329	413	461
375	339	389	451
377	342	384	451
401	349	349	442
419	367	283	376
434	346	226	399
432	357	200	373
435	341	181	376
427	352	197	398
415	374	221	377
426	339	199	409
431	328	197	411
454	360	184	372
471	351	176	383
490	370	156	361
475	363	130	372
466	356	127	383
462	347	122	359
461	334	124	329
469	314	121	356
480	298	114	372
470	292	118	314
466	284	109	310
473	285	95	323
476	306	96	276
483	285	94	294
477	285	95	291
476	282	94	273
467	290	101	253
455	293	110	239
456	295	94	232
436	271	102	253
418	264	115	248
443	264	92	231
467	268	87	233
488	299	79	208
493	298	81	207
469	289	166	259
421	225	169	336
416	234	214	345
409	219	195	306
269	171	402	448
277	155	555	664
392	210	689	744
524	343	582	512
679	527	469	389
784	619	447	260
957	697	313	248
1028	690	367	271
1190	688	216	266
1178	666	213	284
1177	663	215	293
1176	662	214	296
1174	665	217	290
1181	668	218	286
1192	669	216	284
1207	677	214	275
1219	686	221	269
1230	692	210	260
1230	693	209	253
1232	689	208	256
1239	690	200	257
1244	686	195	259
1256	689	184	258
1258	689	182	253
1260	695	179	249
1261	697	179	247
1268	696	171	253
1270	690	170	253
1269	680	170	265
1211	647	228	299
1123	660	316	288
1087	682	353	261
1069	649	370	293
