0.559891
0.027925
0.030937
0.030998
0.029224
0.029744
0.029528
0.030943
0.029562
0.029788
0.030144
0.031289
0.031408
0.029954
0.030138
0.031362
0.032037
0.034706
0.031261
0.031572
0.030478
0.030604
0.030800
0.031663
0.031600
0.032517
0.030793
0.030931
0.034495
0.032562
0.034653
0.034053
0.035476
0.034101
0.033495
0.033353
0.034920
0.032614
0.033777
0.034393
0.033504
0.032990
0.033454
0.035353
0.033717
0.031119
0.032756
0.032827
0.034869
0.033328
0.032911
0.031779
0.031572
0.033160
0.030901
0.031391
0.032078
0.033091
0.033489
0.033899
0.033360
0.032046
0.035586
0.037268
0.041987
0.037492
0.042462
0.039963
0.033171
0.034935
0.033131
0.033931
0.033107
0.033769
0.033092
0.034314
0.032898
0.033492
0.033690
0.034651
