148	274	160	190
133	288	176	187
121	302	189	189
114	306	182	181
112	311	176	184
124	310	176	188
133	309	170	196
142	308	161	203
145	306	175	201
143	305	182	193
142	305	204	200
140	304	198	190
145	303	196	192
158	288	183	200
159	271	176	204
165	255	173	198
166	242	168	202
171	230	174	208
163	221	191	200
157	219	200	194
149	214	209	197
141	207	195	201
139	196	195	199
140	187	183	203
135	182	186	212
133	181	184	216
134	182	191	228
130	186	206	226
124	189	217	218
116	197	229	222
119	201	226	221
126	200	198	220
141	194	179	228
148	190	199	246
161	191	195	223
174	198	210	222
183	209	208	237
189	220	197	240
193	220	219	240
208	226	207	231
216	223	205	228
231	221	185	225
246	214	190	230
257	215	190	241
266	220	195	241
266	224	203	235
282	232	198	238
287	238	197	224
292	242	201	222
311	241	194	220
314	231	190	227
328	223	184	230
328	220	184	233
335	222	187	242
335	224	204	239
329	226	213	240
330	229	212	236
324	231	198	228
332	220	199	239
339	212	195	239
346	196	193	246
354	189	191	242
357	188	201	239
359	187	194	241
357	194	219	235
369	194	203	236
378	195	207	226
396	180	185	241
403	176	159	244
406	170	158	257
416	177	181	247
419	179	201	239
426	173	195	246
422	182	200	239
430	189	191	239
436	179	186	241
448	174	167	237
459	165	158	250
464	161	162	242
468	160	176	257
465	165	184	243
467	172	199	235
451	175	213	244
459	179	196	225
453	173	192	237
467	168	163	235
472	164	155	220
465	162	172	216
462	153	179	227
459	151	177	222
437	145	226	228
