0.627254
0.040821
0.030214
0.031755
0.028496
0.028780
0.033516
0.030225
0.038337
0.034704
0.034541
0.033385
0.035877
0.039555
0.031893
0.031806
0.030463
0.029947
0.030434
0.031064
0.031014
0.031259
0.031337
0.038022
0.038107
0.032181
0.035717
0.032535
0.032850
0.030603
0.032433
0.032906
0.030519
0.031848
0.031307
0.034574
0.037176
0.035937
0.035907
0.035845
0.032660
0.036162
0.033289
0.032983
0.035126
0.032086
0.039157
0.037656
0.041687
0.038133
0.035426
0.043060
0.040405
0.037770
0.034906
0.037151
0.035377
0.034008
0.036376
0.040592
0.038385
0.036359
0.032928
0.034882
0.037150
0.031520
0.031768
0.035436
0.036433
0.036320
0.032965
0.035980
0.036525
0.035032
0.036684
0.036541
0.037086
0.034988
0.034704
0.033870
0.034863
0.037727
0.039002
0.036551
0.037380
0.037286
0.036532
0.036997
0.038477
0.039768
0.040842
0.035522
0.034756
0.034759
0.036023
0.037902
0.036964
0.035928
0.040152
0.035996
