0.523513
0.027165
0.028432
0.027976
0.028439
0.027411
0.027928
0.027902
0.028866
0.028607
0.035965
0.031849
0.034256
0.032284
0.031333
0.031664
0.031618
0.033156
0.034755
0.033803
0.033502
0.032843
0.031842
0.033249
0.039321
0.033337
0.033878
0.032773
0.033724
0.034086
0.032435
0.032347
0.040861
0.033121
0.039132
0.033961
0.036864
0.034361
0.043866
0.034595
0.032713
0.038136
0.033998
0.033801
0.034285
0.037207
0.033543
0.032715
0.034991
0.038402
0.034091
0.032798
0.034182
0.033230
0.034266
0.034669
0.034791
0.034224
0.035725
0.033796
0.037559
0.036233
0.034285
0.035730
0.036025
0.035448
0.034316
0.035347
0.034130
0.035310
0.035021
0.036583
0.035404
0.036836
0.036761
0.037425
0.033754
0.035287
0.037353
0.035786
0.034498
