1.248293
0.056479
0.113330
0.112375
0.111176
0.120986
0.133699
0.132665
0.130721
0.132484
0.079281
0.120338
0.122186
0.122258
0.131702
0.132485
0.129650
0.132162
0.130525
0.089947
0.124681
0.126683
0.125232
0.133983
0.134238
0.135890
0.133681
0.135518
0.082613
0.122300
0.033853
0.033423
0.031782
0.032808
0.032933
0.032058
0.032650
0.032227
0.034301
0.032370
0.033214
0.036369
0.032408
0.032012
0.034940
0.035391
0.033945
0.033215
0.036555
0.032049
0.033126
0.036835
0.037406
0.034907
0.035434
0.034930
0.034302
0.034800
0.034951
0.032879
0.034166
0.032379
0.032310
0.032300
0.032752
0.033992
0.033053
0.032994
0.032530
0.033538
0.031632
0.033284
0.034516
0.033599
0.037965
0.033467
0.034400
0.033472
0.035080
0.034132
0.034286
0.032747
0.032572
0.033690
0.033614
0.032718
0.032436
0.033444
0.033884
0.033133
0.033377
0.033050
0.033615
0.034094
0.034098
0.034125
0.035658
0.034491
0.034446
0.032353
0.033541
0.033628
0.033519
0.035656
0.034135
0.035506
0.033063
0.033367
0.040146
0.040382
0.033548
0.034848
0.035830
0.034899
0.035584
0.034402
