941	1553	177	203
947	1556	179	203
956	1554	180	200
960	1556	180	200
969	1553	182	204
983	1556	175	193
989	1550	177	200
999	1546	171	200
1007	1546	163	198
1011	1544	161	198
1015	1547	163	197
1021	1546	156	191
1033	1548	147	192
1036	1548	149	191
1048	1551	143	187
1052	1547	151	189
1059	1543	158	196
1060	1540	169	202
1071	1538	176	203
1072	1538	184	206
1075	1544	189	198
1082	1545	188	197
1091	1546	186	191
1097	1549	189	191
1106	1547	202	191
1114	1542	201	196
1126	1539	197	201
1132	1534	209	211
1145	1535	218	206
1145	1532	228	208
1156	1529	225	210
1161	1529	227	212
1171	1527	230	215
1175	1529	223	214
1192	1527	228	212
1215	1523	207	211
1234	1520	201	213
1239	1519	200	212
1252	1518	209	213
1257	1518	211	211
1273	1510	213	222
1284	1514	205	214
1291	1510	200	210
1299	1504	212	219
1320	1500	202	229
1330	1496	202	227
1346	1494	212	231
1353	1497	213	227
1364	1495	214	223
1373	1491	210	226
1385	1493	202	227
1391	1497	195	225
1401	1497	191	216
1405	1493	197	226
1424	1493	187	222
1431	1492	191	223
1439	1488	217	224
1449	1484	205	226
1458	1483	208	227
1461	1479	215	229
1474	1477	207	230
1482	1472	209	233
1487	1478	220	225
1501	1472	215	230
1518	1469	197	231
1525	1467	199	234
1535	1462	221	237
1541	1467	202	232
1547	1463	234	230
1555	1464	212	230
1566	1459	234	228
1569	1460	229	234
1577	1457	248	230
1595	1459	241	231
1626	1453	231	229
1639	1445	233	232
1650	1452	239	227
1655	1453	259	224
1673	1452	252	229
1687	1451	236	227
1697	1447	250	219
1702	1443	247	222
1705	1447	257	215
1741	1448	230	212
1760	1441	223	219
1774	1438	214	218
1785	1435	221	222
1796	1432	215	220
1807	1430	202	223
1813	1432	195	219
1824	1437	185	208
1830	1438	182	206
1839	1439	187	204
1849	1436	183	212
1874	1435	167	212
1880	1436	166	212
1887	1428	173	223
1889	1429	174	223
1894	1427	176	220
1899	1422	172	239
