0.529475
0.030089
0.030430
0.028892
0.029458
0.028494
0.029588
0.032828
0.032071
0.032038
0.031844
0.036647
0.033257
0.033112
0.033118
0.036388
0.035303
0.034191
0.038924
0.035961
0.035210
0.035889
0.039939
0.037275
0.037232
0.037490
0.036922
0.035915
0.036154
0.036563
0.035581
0.034636
0.032708
0.033258
0.034312
0.035049
0.033899
0.035153
0.039875
0.036920
0.034000
0.035595
0.035988
0.036543
0.046416
0.037676
0.033953
0.040066
0.033213
0.033024
0.034044
0.034338
0.035012
0.033650
0.034709
0.033329
0.035209
0.037550
0.035935
0.035143
0.034122
0.038403
0.043948
0.038062
0.037222
0.038589
0.037761
0.035836
0.034511
0.033584
0.035922
0.032779
0.033282
0.034258
0.035548
0.032621
0.034576
0.033807
0.033010
0.037404
0.033776
0.032204
0.033752
0.032793
0.034070
0.044906
0.040158
0.039859
0.039067
0.037738
0.035796
0.037175
0.037609
0.037920
0.038409
0.038850
0.037525
0.037945
0.038088
0.036859
0.034458
