0.573075
0.026085
0.032365
0.033324
0.032232
0.033246
0.032564
0.032080
0.033842
0.032787
0.034232
0.032917
0.034867
0.031763
0.033397
0.030508
0.032806
0.032524
0.032118
0.036042
0.031991
0.032215
0.032166
0.031286
0.032268
0.032744
0.037625
0.033853
0.031473
0.032760
0.031310
0.032601
0.032796
0.032063
0.035227
0.032723
0.032797
0.034321
0.031794
0.031484
0.031626
0.031517
0.031284
0.031685
0.031494
0.030899
0.032204
0.033257
0.030965
0.031803
0.032849
0.032807
0.032765
0.037474
0.034027
0.034782
0.037813
0.034389
0.034639
0.033586
0.036838
0.035639
0.037744
0.034974
0.033969
0.033141
0.035031
0.033799
0.033623
0.033822
0.034600
0.035412
0.034565
0.032384
0.036065
0.037773
0.033368
0.032866
0.037565
0.033386
0.035786
0.038551
0.035517
0.033917
0.033783
0.034201
0.038933
0.035732
0.037288
0.039244
0.033673
0.041904
0.040982
0.034375
0.033936
0.035434
0.034715
0.035539
0.034917
0.041195
0.035508
0.033328
0.034052
0.035467
0.034673
0.035452
0.035962
0.034189
0.033792
0.035291
0.034708
0.034704
0.034462
0.034396
0.033316
0.033198
0.033781
0.034024
0.034562
0.034535
0.035656
0.036061
0.034820
0.033938
0.034422
0.034285
0.034430
0.035446
0.035713
0.034162
0.036239
0.035030
0.034715
0.035421
0.037235
0.036951
0.034052
0.034598
0.034753
0.035633
0.035338
0.035855
0.035731
0.035775
0.036244
0.040054
0.035214
0.036422
0.036070
0.035261
0.035774
0.034715
0.035166
0.036087
0.038264
0.036259
0.037074
0.036896
0.037168
0.037590
0.037569
0.037977
0.036682
0.035751
0.036460
0.038391
0.036667
0.036503
0.037683
0.036989
0.037430
0.037391
0.037499
0.036830
0.037395
0.037555
0.036312
0.035207
0.036130
0.036919
0.037451
0.036443
0.036365
0.037175
0.039763
0.036424
0.037489
0.036122
0.036740
0.036818
0.036548
0.036201
0.036435
0.036913
0.037074
0.037134
0.037044
0.035923
0.037503
0.036228
0.036648
0.036391
0.038741
0.037268
0.037376
0.036815
0.038496
0.038071
0.036980
0.037966
0.037750
0.040647
0.037721
0.037247
0.036729
0.037729
0.037883
0.035627
0.037089
0.037888
0.036902
0.039408
0.039408
0.038927
0.037868
0.038415
0.038025
0.038238
0.038488
0.037860
0.038610
0.037606
0.036596
0.035852
0.036916
0.039815
0.037462
0.040751
0.037869
0.038558
0.038671
0.038705
0.039077
0.039515
0.039083
0.041024
0.040165
0.039592
0.039997
0.039925
0.038817
