0.529888
0.024952
0.028091
0.037243
0.035947
0.040394
0.029505
0.030594
0.030001
0.035717
0.032457
0.033162
0.032132
0.033391
0.055853
0.032640
0.033343
0.038203
0.031846
0.032544
0.035520
0.030611
0.030057
0.034747
0.032153
0.030902
0.033323
0.033222
0.031317
0.035841
0.034446
0.033583
0.033655
0.034589
0.032626
0.034036
0.033454
0.034850
0.034406
0.034174
0.032658
0.032352
0.033557
0.033703
0.032962
0.034012
0.034283
0.032278
0.033657
0.033735
0.032542
0.034286
0.032345
0.031778
0.032801
0.033011
0.032407
0.033028
0.032857
0.034165
0.033895
0.035007
0.034648
0.032998
0.035429
0.036252
0.034012
0.035176
0.043247
0.034759
0.039322
0.033586
0.034342
0.033721
0.038239
0.041729
0.035440
0.037555
0.035734
0.035892
0.037371
0.034802
0.034868
0.035081
0.036499
0.036508
0.036170
0.036271
0.033065
0.035228
0.033314
0.036008
0.033009
0.033007
0.032718
0.032828
0.037572
0.034693
0.033759
0.034012
0.033852
0.034238
0.033971
0.036517
0.032511
0.033108
0.033175
0.032732
0.032508
0.032520
0.034145
0.034873
0.034962
0.033091
0.032969
0.033241
0.032549
0.033946
0.033106
0.033069
0.033153
0.036036
0.036198
0.033978
0.040290
0.033505
0.035459
0.035058
0.035354
0.036939
0.037962
0.034390
0.035636
0.034119
0.033981
0.035686
0.035423
0.035698
0.036062
0.033442
0.034283
0.034842
0.033990
0.034636
0.033896
0.034364
0.035434
0.034226
0.034313
0.035548
0.035206
0.034280
0.035223
0.035242
0.034433
0.034344
0.034770
0.036505
0.036990
0.036709
0.035328
0.035492
0.044153
0.040385
0.036947
0.036475
0.035953
0.035781
0.036513
0.037221
0.037374
0.034596
0.043771
0.036997
0.035851
0.034848
0.036238
0.036561
0.036201
0.038479
0.039320
0.036884
0.036356
0.037393
0.038894
0.035085
0.036345
0.036988
0.037589
0.037372
0.039369
0.036201
0.036372
0.035772
0.036673
0.037293
0.039471
0.039732
0.038287
0.036985
0.038088
0.037580
0.037802
0.039233
0.038333
0.038645
0.040265
0.038541
0.038787
0.038287
0.038665
0.040744
0.039154
0.039451
0.038895
0.039551
0.039187
0.039720
0.045594
0.042201
0.039888
0.038470
0.039001
0.039218
0.039828
0.037007
0.038567
0.040337
0.038833
0.038125
0.037055
0.038952
0.039517
0.040084
0.040170
0.037419
0.039148
0.040696
0.039455
0.039562
0.039937
0.039222
0.039875
0.039014
0.040132
0.039613
0.037863
0.039178
0.041657
0.038683
0.039029
0.037857
0.038817
0.041637
0.039838
0.038650
0.039557
0.039669
0.039325
0.039956
0.041489
0.040086
0.038845
0.039436
0.040853
0.040052
0.042169
0.039769
0.038876
0.040182
0.039051
0.040904
0.040785
0.038843
0.039656
0.041567
0.041006
0.040304
0.041889
0.040994
0.041278
0.041093
0.041908
0.041871
0.039699
0.045553
0.039968
0.041404
0.041597
0.040512
0.039367
0.040601
0.040938
0.041929
0.042001
0.040488
0.040273
0.041008
0.041340
0.041260
0.039680
0.041260
0.042958
0.040953
0.041591
0.041929
0.041716
0.040061
0.043247
0.040585
0.042182
0.043072
0.039656
0.040666
0.042169
0.042170
0.043398
0.040931
0.041577
0.040406
0.041593
0.043656
0.044150
0.042943
0.042510
0.043158
0.042680
0.041042
0.040974
0.044803
0.042164
0.042657
0.042715
0.043078
0.045986
0.046396
0.046265
0.046449
0.048054
0.048183
0.045302
0.046350
0.046956
0.045666
0.045394
0.047300
0.046830
0.047514
0.048787
0.047025
0.047771
0.048277
0.042608
0.044237
0.047439
0.046498
0.045488
0.046253
0.044055
0.044006
0.043676
0.042869
0.043844
0.043931
0.044191
0.046234
0.045712
0.044185
0.044226
0.044926
0.045536
0.046340
0.046678
0.045551
0.046119
0.046157
0.045836
0.045129
0.045334
0.044976
0.045078
0.045263
0.044691
0.044127
0.044316
0.043947
0.044559
0.044099
0.044556
0.042797
0.043782
0.043556
0.044384
0.043576
0.042727
0.043829
0.043288
0.043846
0.042946
0.042696
0.043819
0.043473
0.044750
0.042493
0.044089
0.042962
0.043813
0.043508
0.044666
0.045351
0.044732
0.044774
0.044989
0.043769
0.045852
0.046235
0.045655
0.044541
0.043335
0.044230
0.047925
0.044176
0.044046
0.044464
0.043442
0.045217
0.044185
0.046069
0.046662
0.045743
0.046102
0.044402
0.046426
0.045617
0.044723
0.044122
0.045948
0.044581
0.047217
0.049413
0.048372
0.048495
0.048396
0.048916
0.049810
0.047101
0.048522
0.048987
0.049650
0.048382
0.046353
0.048039
0.046962
0.047453
0.051080
0.049105
0.049042
0.052772
0.048120
0.048969
0.048414
0.047662
0.047237
0.047570
0.046802
0.047142
0.047650
0.046792
0.049619
0.045179
0.048182
0.046282
0.047593
0.047132
0.045985
0.046135
0.048562
0.047745
0.047631
0.048335
0.048353
0.047257
0.046853
0.073406
0.046472
0.046962
0.046071
0.047063
0.048069
0.047790
0.046626
0.047240
0.047086
0.047178
0.048995
0.048751
0.051638
0.049245
0.049600
0.049204
0.053437
0.049589
0.049098
0.058547
0.051163
0.050244
0.047405
0.048003
0.050189
0.046436
0.049549
0.050042
0.048944
0.049177
0.048157
0.049088
0.049208
0.048243
0.050215
0.050394
0.050400
0.050749
0.051676
0.050576
0.051007
0.049936
0.049313
0.048774
0.052939
0.050628
0.051643
0.050266
0.049843
0.048463
0.049672
0.050219
0.051286
0.049722
0.049879
0.048982
0.050418
0.050121
0.049803
0.051011
0.051392
0.048702
0.050485
0.049535
0.050237
0.051869
0.050500
