0.565287
0.029025
0.030118
0.030584
0.032483
0.030544
0.032260
0.032818
0.032830
0.034952
0.033363
0.035733
0.034102
0.034886
0.034429
0.031272
0.033095
0.034816
0.033287
0.033236
0.034230
0.033186
0.035107
0.034488
0.032951
0.034439
0.032271
0.032671
0.033175
0.033517
0.033283
0.032860
0.033195
0.034503
0.033381
0.034379
0.033968
0.033871
0.032266
0.032336
0.034576
0.033525
0.033490
0.032511
0.033671
0.034140
0.034632
0.033774
0.033969
0.034225
0.035182
0.035185
0.033392
0.033795
0.046586
0.042740
0.036234
0.036707
0.034707
0.035210
0.036209
0.036827
0.036986
0.036861
0.046957
0.045778
0.036735
0.034584
0.036742
0.037148
0.037116
0.037580
0.037054
0.035995
0.039319
0.034975
0.035439
0.034659
0.035524
0.034617
0.036387
0.037813
0.034997
0.035352
0.036600
0.039330
0.038568
0.038077
0.038585
0.035635
0.037523
0.038419
0.036265
0.041471
0.036632
0.040040
0.037076
0.043028
0.041556
0.037901
0.037484
0.041068
0.038614
0.036714
0.036693
0.037583
0.038219
0.037227
0.037956
0.037053
0.036845
