0.576177
0.041456
0.045772
0.043493
0.043244
0.045126
0.046875
0.045271
0.044197
0.045298
0.047801
0.047348
0.052075
0.048955
0.050115
0.047494
0.048899
0.051401
0.047196
0.045058
0.044654
0.045492
0.044914
0.045877
0.045967
0.047647
0.048114
0.049654
0.047170
0.045556
0.049118
0.048165
0.052981
0.054917
0.046722
0.048112
0.045924
0.050799
0.046107
0.048507
0.048245
0.050797
0.047858
0.048478
0.048011
0.046593
0.049587
0.052332
0.048096
0.056632
0.054584
0.048611
0.050113
0.052392
0.053738
0.051347
0.055672
0.053841
0.049832
0.055122
0.052443
0.052045
0.049138
0.047732
0.053817
0.051203
0.049171
0.048721
0.049207
0.049674
0.049931
0.054030
0.049998
0.049832
0.047115
0.060356
0.051210
0.049804
0.051432
0.051652
0.050390
0.049829
0.051250
0.051759
0.049707
0.050377
0.051903
0.052487
0.050385
0.050297
0.050534
0.053431
0.048922
0.049207
0.049534
0.053458
0.048662
0.048964
0.049296
0.051568
