188	227	404	360
170	232	438	363
180	236	418	363
174	230	406	366
177	234	397	362
173	238	388	362
179	243	376	359
177	250	363	350
176	250	344	351
191	260	294	340
188	265	292	336
188	263	244	331
192	262	242	331
196	263	227	335
191	261	230	341
191	260	228	344
185	265	215	339
178	269	200	337
173	269	204	348
170	269	205	357
165	268	212	358
167	264	208	369
167	267	201	364
171	272	192	369
174	277	182	355
174	290	184	354
171	294	186	343
159	289	200	352
148	280	220	364
151	286	203	359
140	288	216	361
145	276	214	370
142	285	219	364
141	299	230	352
143	309	240	333
204	291	184	345
205	287	196	337
204	306	205	321
208	305	214	304
219	277	207	313
226	280	202	301
253	285	168	268
265	275	164	290
278	279	175	286
296	303	147	306
305	291	221	372
322	285	201	388
316	297	199	383
326	290	182	384
114	452	275	267
123	450	257	270
332	305	170	349
342	291	147	367
338	294	155	358
329	305	163	349
316	303	162	338
306	285	176	348
303	289	179	347
292	308	189	329
288	319	188	297
293	306	177	329
285	255	194	371
281	252	199	370
284	268	192	345
283	282	195	342
295	298	170	313
310	305	159	287
310	261	174	348
301	263	181	363
307	283	165	326
306	308	161	312
299	326	148	295
299	319	161	302
295	304	179	323
294	341	141	281
299	340	130	287
300	334	109	316
297	347	123	288
114	597	144	123
253	274	136	184
