1.824465
0.026738
0.035622
0.069060
0.031776
0.030305
0.028964
0.031797
0.030965
0.032002
0.030685
0.040732
0.031930
0.030273
0.029860
0.029850
0.030649
0.030751
0.031097
0.033551
0.031548
0.031038
0.049235
0.032529
0.048800
0.030969
0.039768
0.032924
0.030267
0.032220
0.030661
0.032174
0.032305
0.031200
0.031662
0.032476
0.044322
0.031515
0.031296
0.030914
0.030992
0.030847
0.032787
0.030884
0.031420
0.032017
0.031583
0.032036
0.032205
0.034583
0.031524
0.031691
0.031557
0.030986
0.031001
0.030854
0.029706
0.030291
0.031356
0.032503
0.032055
0.031824
0.033149
0.032572
0.032600
0.032173
0.031914
0.035515
0.031831
0.032504
0.032761
0.044680
0.033731
0.032047
0.031818
0.032253
0.033837
0.033525
0.032560
0.032288
0.045153
0.032401
0.033504
0.032880
0.033522
0.032481
0.032498
0.032696
0.032685
0.032876
0.033105
0.042047
0.033680
0.032605
0.033745
0.033513
0.032941
0.032855
0.043926
0.032593
0.032348
0.033797
0.033470
0.034670
0.034586
0.035748
0.033813
0.033011
0.033219
0.033627
0.033553
0.035402
0.035455
0.069129
0.035531
0.033412
0.033527
0.036066
0.034577
0.035950
0.035976
0.037164
0.035489
0.034797
0.035482
0.034826
0.035063
0.034968
0.036027
0.035500
0.035590
0.035819
0.036258
0.035727
0.034844
0.036253
0.035519
0.035707
0.036028
0.035993
0.033900
0.034030
0.034262
0.035967
0.035179
0.034487
0.034566
0.036184
0.034941
0.035216
0.035055
0.035494
0.036875
0.036140
0.034375
0.034720
0.038093
0.037260
0.036237
0.037596
0.037545
0.035441
0.036402
0.036864
0.036660
0.037159
0.035980
0.038292
0.036337
0.037417
0.038526
0.037549
0.036784
0.038733
0.037665
0.040104
0.037235
0.038030
0.036956
0.037393
0.036869
0.036399
0.036970
0.035852
0.037167
0.038182
0.039241
0.037327
0.038575
0.039595
0.038119
0.037870
0.038132
0.037842
0.039318
0.038380
0.036240
0.035702
0.036090
0.038551
0.037241
0.039302
0.036466
0.039398
0.038442
0.037853
0.039135
0.038109
0.057176
0.038218
0.038553
0.038741
0.039253
0.039356
0.037882
0.036644
0.037530
0.038895
0.037083
0.042171
0.038512
0.067955
0.060469
0.073269
0.037664
0.039290
0.055876
0.038106
0.039117
0.038052
0.047629
0.036180
0.039010
0.039653
0.064215
0.037989
0.045643
0.063596
0.038632
0.038250
0.038276
0.038837
0.039230
0.038402
0.039034
0.039099
0.058593
0.039305
0.039841
0.050209
0.038469
