1035	161	166	187
1035	162	168	188
1038	159	163	190
1038	160	163	189
1035	162	168	187
1038	160	163	192
1037	158	164	193
1036	160	164	191
1036	160	163	192
1038	159	166	192
1037	163	164	191
1036	160	166	192
1038	160	164	191
1037	160	166	191
1036	163	164	190
1037	158	165	194
1038	160	163	195
1030	163	169	187
1030	157	162	196
1017	156	168	197
1014	156	169	199
1008	158	176	193
999	160	181	194
995	152	184	205
1000	156	170	198
996	160	172	197
986	139	171	218
985	134	165	216
966	136	181	221
977	133	158	227
963	130	162	216
953	129	154	236
954	123	144	239
948	116	150	236
946	107	146	248
947	105	141	253
948	112	138	233
947	108	132	233
944	101	132	234
942	98	130	246
938	93	131	248
935	97	129	241
932	103	121	218
922	102	129	211
915	100	134	209
904	98	144	218
893	93	152	212
893	79	156	226
885	83	161	216
876	88	170	205
873	103	175	187
866	109	178	177
860	109	186	176
860	110	190	174
852	108	195	178
848	104	200	182
835	109	204	177
832	109	215	177
825	110	202	180
818	111	197	175
808	112	194	171
793	109	203	184
783	111	204	175
774	112	215	176
767	110	216	182
758	113	213	188
748	113	213	182
740	114	213	187
733	112	221	180
720	112	232	179
713	113	240	184
699	113	247	193
690	111	248	198
687	117	218	186
675	113	217	193
669	113	215	197
656	115	224	176
649	120	225	164
639	125	225	175
630	123	220	179
621	127	223	172
616	130	219	156
607	133	218	155
602	129	219	157
596	132	209	161
590	135	215	160
579	138	214	170
571	137	209	174
565	138	205	180
552	138	208	183
544	135	208	175
538	133	209	176
531	133	213	185
525	136	212	193
512	129	225	205
506	142	218	183
502	146	206	180
496	148	204	164
489	152	207	176
480	152	209	169
473	156	215	171
468	159	212	169
468	158	209	175
462	158	210	176
452	160	203	180
445	159	200	172
434	157	200	173
427	155	199	173
423	159	200	164
413	159	207	165
408	162	203	156
399	164	210	164
391	162	212	167
385	162	211	165
380	169	207	162
373	168	207	163
