662	273	249	231
669	269	241	235
670	271	234	232
668	266	242	236
665	272	238	235
669	271	240	230
667	268	240	233
671	271	242	232
672	272	236	233
667	273	240	228
665	272	242	227
637	270	248	237
607	260	262	250
592	280	260	233
594	300	247	207
558	298	279	204
566	319	253	188
578	293	238	221
588	280	246	241
591	300	261	233
610	305	263	225
613	310	260	212
626	315	249	211
610	311	261	220
621	296	242	226
601	311	240	214
579	310	269	204
568	308	268	205
562	310	273	196
576	297	275	213
556	282	275	233
551	295	243	210
560	294	224	213
547	281	257	230
527	292	270	223
518	295	276	211
511	294	266	217
501	282	265	230
489	286	271	211
504	266	244	225
488	276	279	219
488	280	268	204
503	279	253	203
502	267	231	213
501	254	217	216
509	231	270	232
530	209	246	258
517	212	269	248
503	212	272	245
528	227	240	227
471	215	287	230
435	207	309	240
438	198	308	246
381	201	349	237
481	231	266	205
491	225	267	215
496	223	255	200
498	216	247	215
490	204	246	214
483	182	252	235
443	192	283	223
425	194	290	217
430	189	273	228
426	197	268	217
419	185	266	223
404	162	293	237
365	149	293	246
362	145	297	243
378	142	274	250
390	149	263	234
407	151	254	229
424	143	247	229
452	152	253	211
478	143	251	210
501	117	254	225
533	140	226	199
552	112	290	223
574	126	276	201
593	111	283	225
617	112	273	214
605	99	318	226
617	90	267	235
613	80	246	237
596	73	262	230
572	56	259	238
574	59	238	238
539	64	260	221
538	51	247	232
543	41	212	233
543	86	184	178
564	112	155	149
579	116	118	135
644	0	135	249
619	54	167	189
664	56	121	194
658	68	182	184
677	46	132	202
657	75	123	180
648	105	134	144
608	107	80	150
638	115	96	141
611	83	114	180
576	64	96	209
538	132	98	144
489	110	103	168
472	94	92	201
424	115	115	180
398	88	117	207
377	109	117	192
358	86	123	211
362	81	126	222
355	110	143	215
371	136	130	185
389	119	109	199
382	110	128	213
363	140	191	189
444	184	129	162
448	214	112	134
439	206	103	144
219	190	175	138
549	218	115	143
536	228	181	140
544	243	130	131
518	179	189	189
610	204	119	166
595	204	138	175
586	221	124	164
588	201	223	180
974	141	139	190
945	149	122	196
908	152	170	194
