0.511693
0.029771
0.034361
0.028597
0.029698
0.027246
0.028807
0.028512
0.029854
0.039771
0.031271
0.030112
0.029946
0.028301
0.028964
0.030379
0.039107
0.029671
0.030453
0.031824
0.030463
0.031295
0.029865
0.031863
0.028505
0.028516
0.029990
0.030260
0.041823
0.030293
0.064966
0.030031
0.029462
0.028552
0.029503
0.029065
0.029729
0.029309
0.030492
0.028959
0.042558
0.030125
0.053254
0.030906
0.032104
0.030572
0.042299
0.029380
0.029083
0.030359
0.038401
0.038802
0.054155
0.029399
0.031052
0.030041
0.036159
0.030683
0.031503
0.053947
0.031393
0.030014
0.031314
0.031833
0.030137
0.030449
0.030420
0.043047
0.031640
0.031693
0.031800
0.031105
0.030285
0.029940
0.030478
0.033126
0.032977
0.032594
0.031945
0.031911
0.031502
0.030288
0.031079
0.051870
0.032478
0.054729
0.032056
0.031432
0.032254
0.031160
0.030844
0.031194
0.031847
0.033235
0.033042
0.031388
0.031101
0.031794
0.036597
0.039167
0.039034
