455	376	107	183
443	371	135	181
465	375	76	179
468	380	120	169
473	376	134	177
490	369	91	178
490	350	118	190
468	360	123	169
500	365	71	165
480	357	90	168
452	358	140	169
464	362	95	166
457	365	90	164
447	360	109	167
457	348	81	167
453	336	76	172
446	336	73	174
407	343	95	173
408	350	99	159
406	353	85	161
409	363	75	142
380	360	108	150
390	361	107	149
393	352	88	179
370	353	108	182
350	363	94	176
326	375	110	187
435	398	159	198
340	361	86	199
340	364	76	191
391	375	78	242
327	374	118	247
282	357	150	264
258	383	149	222
354	310	92	220
361	283	87	256
361	328	81	216
366	358	78	216
358	383	74	200
356	377	88	205
354	373	63	208
344	361	57	214
332	360	56	213
309	359	66	210
288	357	74	205
274	362	72	202
247	363	85	199
203	365	128	200
201	367	117	193
209	355	84	206
213	356	71	201
211	361	70	196
211	362	72	193
207	363	77	194
213	368	80	187
221	371	80	185
240	373	74	180
252	374	64	174
235	373	89	199
203	374	142	232
209	381	170	221
263	385	125	217
303	390	112	215
320	384	135	224
338	363	137	219
399	366	97	213
430	364	114	216
464	361	125	214
459	362	103	210
552	356	88	219
563	340	84	234
594	342	83	208
492	353	86	201
475	366	125	201
502	377	104	193
464	365	75	172
457	360	72	180
439	366	82	181
428	378	79	184
429	391	74	172
416	399	74	172
414	400	70	183
405	402	70	196
394	418	86	195
389	426	101	191
387	430	107	189
385	427	111	195
397	432	106	201
398	446	113	194
411	449	109	197
442	452	98	192
469	446	94	196
495	446	81	192
509	449	84	192
528	451	81	188
559	450	72	166
573	455	66	159
583	456	78	162
600	457	91	170
525	333	85	202
516	339	85	196
