7.264982
0.041632
0.044742
0.029376
0.036227
0.035425
0.026329
0.028456
0.027711
0.028767
0.027707
0.029155
0.027881
0.037462
0.029139
0.062957
0.032072
0.028572
0.030932
0.028086
0.028129
0.028795
0.027506
0.031337
0.032408
0.028734
0.028957
0.043310
0.031031
0.029064
0.029967
0.028408
0.035012
0.032408
0.032961
0.032045
0.032140
0.032594
0.033591
0.033069
0.031109
0.032160
0.032542
0.034121
0.032370
0.048013
0.032228
0.033762
0.038244
0.031937
0.032634
0.033194
0.032097
0.033763
0.034721
0.033325
0.033055
0.033270
0.033156
0.031442
0.033963
0.031777
0.033360
0.033794
0.033351
0.042058
0.033504
0.032897
0.032406
0.033907
0.042717
0.043119
0.032148
0.031968
0.032514
0.034024
0.034211
0.033825
0.042871
0.034457
0.035959
0.034333
0.035056
0.034327
0.040841
0.034408
0.034680
0.040534
0.033879
0.035924
0.034796
0.034272
0.034752
0.034478
0.035193
0.034578
0.035293
0.034406
0.032634
0.036377
0.035835
0.034961
0.042372
0.033990
0.035119
0.035610
0.033964
0.035026
0.044217
0.043395
0.035959
0.034617
0.033737
0.035397
0.036133
0.036332
0.035549
0.035833
0.034044
0.035757
0.045620
0.035674
0.034566
0.033980
0.033785
0.034935
0.037000
0.034129
0.035667
0.035276
0.037201
0.035441
0.036491
0.037773
0.036880
0.034782
0.034931
0.034701
0.035795
0.037125
0.037054
0.036383
0.036296
0.035490
0.035797
0.036385
0.036271
0.047660
0.036410
0.036965
0.037826
0.035635
0.036783
0.036954
0.035243
0.036638
0.036099
0.035241
0.035627
0.036747
0.037374
0.039012
0.037803
0.037605
0.036810
0.036645
0.037940
0.036152
0.037978
0.060619
0.036617
0.038989
0.036294
0.037029
0.038143
0.039261
0.038244
0.039332
0.038040
0.036782
0.039512
0.038099
0.037966
0.038862
0.038588
0.036169
0.038579
0.037778
0.038213
0.038181
0.038158
0.036690
0.038664
0.039373
0.036948
0.037730
0.041647
0.038291
0.037508
0.038481
0.037596
0.051846
0.036488
0.037529
0.040223
0.037848
0.037259
0.038616
0.038365
0.044934
0.040015
0.038036
0.037327
0.036558
0.038777
0.038275
0.038386
0.058603
0.036527
0.037896
0.039352
0.039051
0.038672
0.039647
0.040034
0.039434
0.039040
0.039965
0.039996
0.038669
0.038964
0.037474
0.038759
0.038347
0.038995
0.039418
0.038278
0.039621
0.039637
0.039824
0.039284
0.037496
0.038225
0.039461
0.038719
0.038184
0.039726
0.039405
0.038794
0.040802
0.040996
0.039747
0.040074
0.064216
0.038148
0.038153
0.049765
0.039077
0.037742
0.039779
0.038384
0.042916
0.040131
0.040070
0.039938
0.040311
0.037933
0.038934
0.039313
0.039290
0.042655
0.039522
0.040854
0.040223
0.059088
0.042132
0.040360
0.042083
0.039325
0.041502
0.041934
0.041983
0.039421
0.038892
0.042158
0.039680
0.039890
0.043466
0.041592
0.041770
0.041801
0.042118
0.042867
0.049615
0.040484
0.052252
0.042837
0.042835
0.041130
0.042465
0.041361
0.040617
0.041551
0.040618
0.041620
0.050963
0.040471
0.039560
0.041545
0.042666
0.041217
0.042671
0.042053
0.042489
0.041854
0.042371
0.045463
0.062037
0.041572
0.041706
0.044239
0.042708
0.043108
0.041463
0.044419
0.043495
0.041726
0.044133
0.040257
0.043111
0.048412
0.044113
0.041982
0.043785
0.042288
0.041724
0.043908
0.044118
0.042335
0.043761
0.044334
0.041234
0.041775
0.042145
0.040476
0.041904
0.042528
0.044533
0.043465
0.041384
0.050013
0.045590
0.043167
0.043193
0.043449
0.044004
0.043068
0.041692
0.043386
0.064027
0.042912
0.043227
0.042977
0.043663
0.043306
0.044235
0.043197
0.044470
0.043930
0.042886
0.045461
0.044885
0.041035
0.044101
0.044115
0.042583
0.041520
0.041957
0.045621
0.044672
0.043700
0.043503
0.043869
0.044231
0.044437
0.043266
0.043749
0.046196
0.042988
0.052474
0.044079
0.045493
0.043387
0.056433
0.043196
0.047955
0.047841
0.043164
0.043971
0.044358
0.044739
0.044731
0.043512
0.043268
0.054243
0.043388
0.044436
0.055282
0.044071
0.043727
0.043673
0.043159
0.043533
0.043664
0.043854
0.043141
0.042512
0.043376
0.049320
0.046059
0.046577
0.047307
0.045356
0.046114
0.045991
0.046009
0.045604
0.045422
0.046425
0.046760
0.046823
0.046562
0.044494
0.044785
0.045035
0.044251
0.048204
0.046077
0.045761
0.043348
0.045836
0.047807
0.043321
0.048319
0.043725
0.047349
0.045558
0.045855
0.043821
0.045375
0.043241
0.043593
0.044305
0.043373
0.044950
0.044793
0.043756
0.045585
0.044377
0.044851
0.044796
0.044625
0.045324
0.046398
0.045976
0.044717
0.045768
0.045772
0.045989
0.045295
0.045983
0.044325
0.046498
0.044812
0.045664
0.046185
0.046053
0.046748
0.046683
0.047179
0.046404
0.046484
0.048082
0.048562
0.047621
0.047395
0.047505
0.051003
0.049079
0.046100
0.048312
0.046980
0.046223
0.048202
0.047214
0.048564
0.047627
0.061389
0.048781
0.047257
0.053613
0.050675
0.052136
0.050992
0.050474
0.051039
0.049865
0.049715
0.051425
0.052019
0.050733
0.051899
0.048573
0.048861
0.048467
0.091161
0.152371
0.162193
0.169506
0.162019
0.163030
0.123223
0.125854
0.149610
0.160943
0.165561
0.162355
0.152427
0.129485
0.150887
0.142750
0.146564
0.160838
0.152379
0.151996
0.146037
0.112197
0.103711
0.049550
0.093659
0.148417
0.149220
0.150375
0.148888
0.146557
0.107104
0.129072
0.137697
0.152789
0.167065
0.165416
0.159523
0.151771
0.125893
0.140499
0.142698
0.151575
0.154300
0.152594
0.153900
0.075563
0.051826
0.137833
0.080203
0.052938
0.050021
0.051162
0.050943
0.052148
0.051340
0.051618
0.048512
0.049686
0.050639
0.051321
0.051719
0.051714
0.052522
0.050173
0.050841
0.051568
0.053246
0.050801
0.052136
0.052611
0.051708
0.049948
0.052953
0.052121
0.050334
0.053926
0.051507
0.051722
0.050198
0.051099
0.051028
0.052810
0.053018
0.050334
0.053633
0.052328
0.051228
0.051259
0.052688
0.052940
0.052391
0.054784
0.052288
0.050365
0.052440
0.054918
0.054185
0.055016
0.052245
0.053308
0.054638
0.053711
0.053878
0.051549
0.053369
0.056149
0.054083
0.055292
0.052695
0.053168
0.053228
0.054203
0.053783
0.055072
0.054495
0.054701
0.054602
0.054594
0.053072
0.053833
0.053902
0.053451
0.055115
0.053533
0.063709
0.072958
0.052898
0.053645
0.054442
0.054487
0.053870
0.054870
0.055665
0.085491
0.053121
0.054938
0.053865
0.054945
0.057453
0.059239
0.055027
0.056375
0.066780
0.051928
0.053077
0.052435
