0.505686
0.030221
0.030853
0.029978
0.040461
0.028811
0.030643
0.029235
0.029182
0.061280
0.029982
0.031058
0.030997
0.031532
0.029285
0.029394
0.030186
0.029791
0.029912
0.030711
0.031924
0.031172
0.030618
0.031730
0.031377
0.031904
0.032070
0.030452
0.029993
0.030543
0.041345
0.032045
0.031762
0.031512
0.029773
0.030858
0.030170
0.030540
0.030016
0.032857
0.042864
0.032225
0.033479
0.032077
0.032301
0.031911
0.031531
0.031820
0.032361
0.032522
0.032588
0.033399
0.032779
0.032477
0.030834
0.031856
0.034745
0.032732
0.034792
0.032859
0.033357
0.032697
0.032261
0.033617
0.034547
0.032189
0.032935
0.034364
0.032911
0.033444
0.038774
0.033512
0.033649
0.033175
0.033575
0.031798
0.034299
0.043480
0.034573
0.035095
0.033961
0.032703
0.035588
0.032864
0.032898
0.033855
0.033949
0.034197
0.033815
0.035298
0.035276
0.034929
0.034646
0.034573
0.034621
0.034890
0.033617
0.035024
0.034757
0.034072
0.035470
