2.179444
0.110754
0.113013
0.119338
0.129477
0.075246
0.134820
0.086924
0.134117
0.136382
0.148092
0.146483
0.151232
0.147004
0.127940
0.123637
0.142615
0.148447
0.149276
0.148667
0.143012
0.047748
0.114398
0.136441
0.138927
0.153651
0.149092
0.145828
0.148629
0.096502
0.123028
0.032936
0.034266
0.035087
0.033570
0.033636
0.033029
0.033467
0.033191
0.034411
0.031890
0.033323
0.034010
0.030786
0.034535
0.033527
0.031921
0.032205
0.034029
0.033439
0.033744
0.033702
0.033694
0.033371
0.032203
0.034478
0.034057
0.034322
0.036634
0.034539
0.034167
0.034980
0.034683
0.032803
0.053134
0.032949
0.034224
0.033556
0.033810
0.038029
0.033848
0.033868
0.036051
0.034725
0.034255
0.033947
0.037743
0.034697
0.033649
0.035007
0.034492
0.033714
0.033760
0.034806
0.034035
0.036444
0.035243
0.033180
0.040401
0.036264
0.034002
0.034494
0.033212
0.034222
0.034101
0.033647
0.036428
0.035933
0.036200
0.036272
0.036625
0.036387
0.033774
0.035544
0.036793
0.036242
0.033934
0.033906
0.035533
0.035520
0.037407
0.035063
0.035449
0.042712
0.034891
0.035559
0.033246
0.035564
0.034334
0.032984
0.034734
0.034395
0.034725
0.034863
0.034034
0.035016
0.035581
0.035494
0.036339
0.035983
0.035413
0.037584
0.043473
0.034803
0.034937
0.035257
0.064336
0.037222
0.035634
0.034383
0.039031
0.039902
0.036487
0.043383
0.044724
0.037277
0.035676
0.035610
0.037077
0.035745
0.037898
0.034627
0.037197
0.037979
0.037099
0.037863
0.036459
0.039899
0.038931
0.038287
0.038861
0.047194
0.040292
0.037362
0.036956
0.042877
0.038021
0.038150
0.037809
0.038883
0.037951
0.042628
0.038588
0.040033
0.041587
0.038568
0.037421
0.038227
0.037488
0.038335
0.038236
0.038841
0.036602
0.036336
0.035897
0.037491
0.064674
0.039686
0.038540
0.037699
0.038988
0.039223
0.038737
0.041376
0.038075
0.038512
0.064886
0.038324
0.035691
0.036260
0.037370
0.037539
0.048712
0.036880
0.036740
0.035741
0.035718
0.036834
0.038968
0.038350
0.037556
0.036017
0.038012
0.038710
0.036632
0.039772
0.037753
0.036365
0.039799
0.037882
0.037002
0.036378
0.038388
0.038495
0.038479
0.038981
0.038368
0.036845
0.039370
0.039085
0.038896
0.041114
0.039889
0.039440
0.036769
0.037749
0.039036
0.039305
0.041092
0.042923
0.039625
0.038987
0.040707
0.039540
0.040432
0.039678
0.037970
0.039434
0.040577
0.040411
0.041010
0.041183
0.040048
0.038811
0.038675
0.040819
0.038599
0.039469
0.038761
0.039890
0.042154
0.041167
0.039937
0.039726
0.040056
0.040369
0.039889
0.039898
0.039218
0.041004
0.044385
0.040959
0.040391
0.041911
0.040923
0.040587
0.041720
0.041630
0.041518
0.043417
0.041451
0.041100
0.040416
0.041340
0.041163
0.041888
0.039876
0.041282
0.041736
0.040980
0.041366
0.044618
0.041187
0.040564
0.043777
0.042487
0.042159
0.041088
0.040518
0.040041
0.043835
0.041203
0.042004
0.047794
0.045186
0.041132
0.042656
0.041957
0.043676
0.042632
0.042388
0.042552
0.042655
0.042281
0.041919
0.041972
0.043907
0.041368
0.043616
0.045073
0.039540
0.039857
0.040256
0.039792
0.041768
0.041296
0.044434
0.040966
0.041340
0.042617
0.042703
0.040937
0.042014
0.040919
0.041349
0.049047
0.040943
0.042930
0.041924
0.041494
0.045104
0.042703
0.044168
0.044709
0.043811
0.046250
0.043420
0.042281
0.041941
0.049351
0.042061
0.045416
0.045246
0.042793
0.044797
0.044585
0.043102
0.045246
0.046669
0.042878
0.042867
0.044996
0.046012
0.045181
0.044127
0.042620
0.045365
0.042991
0.044328
0.044660
0.044930
0.044797
0.044278
0.043565
0.045596
0.046574
0.043498
0.043539
0.050537
0.044090
0.044198
0.044579
0.044576
0.043571
0.044147
0.042676
0.046707
0.050150
0.046479
0.044927
0.046093
0.044133
0.045477
0.044662
0.044017
0.043701
0.055016
0.043293
0.046428
0.044766
0.046607
0.046567
0.045649
0.046969
0.046442
0.044149
0.045854
0.046547
0.046523
0.046592
0.045572
0.044132
0.044273
0.047225
0.044978
0.044394
0.052773
0.045682
0.046932
0.045550
0.047401
0.045825
0.045854
0.046560
0.048576
0.045407
0.045657
0.045308
0.045183
0.052589
0.046739
0.044620
0.044824
0.045923
0.047186
0.044603
0.044057
0.045486
0.045181
0.049070
0.044226
0.045562
0.046623
0.048991
0.046122
0.045651
0.045920
0.047792
0.046698
0.044914
0.045166
0.045962
0.047894
0.046590
0.047119
0.048493
0.046071
0.046377
0.048028
0.047773
0.047096
0.046317
0.046463
0.047233
0.048408
0.054780
0.053667
0.046427
0.045688
0.046368
0.047566
0.047034
0.045303
0.046271
0.047756
0.045347
0.047099
0.047226
0.046851
0.045619
0.048847
0.045199
0.044765
0.048224
0.048073
0.082886
0.052297
0.051207
0.048378
0.047089
0.048764
0.048515
0.049438
0.048401
0.048040
0.047635
0.049249
0.048632
0.047596
0.048665
0.049343
0.048006
0.051514
0.048399
0.050827
0.048664
0.054679
0.050657
0.049680
0.049782
0.048593
0.049535
0.047947
0.048392
0.050057
0.048584
0.059032
0.049359
0.050253
0.050399
0.049984
0.060104
0.047320
0.047476
0.049231
0.047550
0.048776
0.048749
0.049894
0.051535
0.049078
0.048848
0.053682
0.054604
0.049560
0.054503
0.061441
0.050313
0.048978
0.060037
0.057475
0.050541
0.048615
0.055753
0.049997
0.054286
0.052651
0.053475
0.051040
0.052203
0.058173
0.051162
0.051083
0.050507
0.050575
0.057918
0.063922
0.051894
0.049866
0.055160
0.058253
0.053433
0.051190
0.052233
0.053369
0.059016
0.051170
0.055356
0.051485
0.057407
0.050741
0.053006
0.060379
0.055191
0.056058
0.053384
0.054101
0.050589
0.050841
0.049626
0.052641
0.051565
0.051195
0.052045
0.050343
0.049999
0.051335
0.051625
0.051284
0.050424
0.050172
0.049850
0.052614
0.050342
0.050755
0.051138
0.051543
0.052961
0.052087
0.057053
0.051775
0.051377
0.052957
0.051479
0.060824
0.052327
0.051805
0.052083
0.050178
0.084293
0.051328
0.051661
0.053398
0.050008
0.069248
0.051650
0.050331
0.049754
0.062976
0.052129
0.052089
0.053036
0.058942
0.050436
0.058836
0.052941
0.050551
0.052880
0.051415
0.052716
0.051742
0.051686
0.053793
0.051834
0.051578
0.060504
0.074955
0.053479
0.051244
0.053300
0.061102
0.052600
0.052140
0.054018
0.055037
0.050847
0.051574
0.051455
0.051205
0.051861
0.052449
0.050481
0.056967
0.052782
0.052711
0.055375
0.052342
0.050853
0.053431
0.051287
0.053181
0.055808
0.053797
0.053163
0.051075
0.052725
0.051640
0.053119
0.053678
0.055311
0.052751
0.053228
0.052448
0.053767
0.052837
0.061557
0.054216
0.055592
0.053026
0.051897
0.053314
0.054065
0.053152
0.051965
0.053766
0.051725
0.067522
0.054011
0.051408
0.062338
0.052332
0.052248
0.055218
0.052691
0.054275
0.055998
0.052891
0.053158
0.053163
0.053317
0.053195
0.051790
0.053716
0.053646
0.054787
0.055722
0.053866
0.052285
0.054667
0.055196
0.053721
0.072249
0.054882
0.053269
0.054402
0.054082
0.055939
0.055781
0.052986
0.053829
0.053759
0.055516
0.055138
0.053829
0.052818
0.054567
0.055607
0.054129
0.053657
0.053711
0.053264
0.053711
0.053541
0.055467
0.055912
0.055538
0.057610
0.056162
0.056168
0.055499
0.055880
