0.480604
0.025126
0.024053
0.026237
0.032045
0.027240
0.030910
0.058145
0.030301
0.039590
0.053573
0.041297
0.069557
0.031953
0.033001
0.032210
0.033029
0.033395
0.042083
0.031917
0.031968
0.031346
0.042972
0.032619
0.048727
0.049138
0.044141
0.031403
0.029799
0.038332
0.031998
0.051619
0.032320
0.070477
0.031749
0.034507
0.034535
0.031695
0.033654
0.032619
0.031792
0.043128
0.041332
0.033534
0.042151
0.034154
0.032531
0.031962
0.034051
0.033819
0.035220
0.034202
0.035161
0.034096
0.033827
0.032800
0.033414
0.032103
0.032726
0.033233
0.032905
0.035605
0.032970
0.033228
0.033151
0.052914
0.033092
0.045873
0.033345
0.034285
0.044961
0.066192
0.033501
0.031986
0.032396
0.033983
0.033889
0.068040
0.031837
0.037856
0.033648
0.067299
0.034434
0.032812
0.036645
0.035465
0.035265
0.034445
0.034297
0.034295
0.034140
0.035598
0.034914
0.034458
0.034643
0.035972
0.033825
0.032607
0.032022
0.034591
0.049197
