0.531057
0.050562
0.038806
0.031526
0.033399
0.034224
0.035822
0.034687
0.036083
0.039021
0.033250
0.035748
0.035434
0.033064
0.033062
0.033091
0.036167
0.034661
0.061548
0.033258
0.033828
0.041853
0.035285
0.035776
0.035353
0.034447
0.035694
0.036281
0.035142
0.035764
0.036102
0.035283
0.037820
0.035102
0.033240
0.036611
0.034673
0.040020
0.034379
0.035701
0.035800
0.035270
0.038174
0.037754
0.034891
0.042971
0.036487
0.035737
0.036245
0.036255
0.036402
0.035015
0.036528
0.036963
0.036141
0.035864
0.037788
0.034616
0.035627
0.040051
0.036137
0.036905
0.035007
0.040627
0.034747
0.045615
0.037589
0.043005
0.036703
0.034539
0.033319
0.035293
0.034913
0.034216
0.034103
0.033514
0.036551
0.033178
0.038282
0.034096
0.036296
0.035829
0.033427
0.035340
0.037779
0.033708
0.037183
0.037143
0.039466
0.041462
