0.519768
0.027606
0.026752
0.026985
0.029678
0.052416
0.034028
0.030044
0.051944
0.029901
0.030173
0.030324
0.030180
0.029907
0.030904
0.030180
0.030435
0.030765
0.029509
0.028220
0.030020
0.030539
0.030037
0.029371
0.029800
0.030176
0.030434
0.030915
0.030991
0.029861
0.031252
0.032444
0.030828
0.030133
0.030464
0.030413
0.030760
0.031271
0.030847
0.030326
0.030465
0.030147
0.056878
0.031244
0.030474
0.031022
0.032071
0.033288
0.033027
0.032354
0.032488
0.032050
0.032349
0.032462
0.032169
0.032912
0.039197
0.032359
0.033108
0.032650
0.034975
0.032940
0.036508
0.032470
0.033708
0.032376
0.043419
0.033082
0.043169
0.065583
0.033837
0.032134
0.033254
0.032573
0.033446
0.034161
0.033926
0.033892
0.033124
0.033263
0.033591
0.032788
0.033421
0.034969
0.033617
0.033011
0.033210
0.032872
0.041640
0.045311
