358	144	40	97
356	147	41	94
349	152	48	89
347	155	50	87
344	167	54	74
341	155	55	89
324	144	69	102
326	140	64	107
328	154	59	98
341	167	46	88
318	177	64	78
321	176	55	81
301	174	73	85
291	167	81	94
292	175	76	90
290	169	76	98
299	174	64	108
301	178	60	104
307	201	48	89
314	214	40	75
312	214	40	77
295	200	56	94
288	190	55	107
284	206	53	96
294	231	41	70
281	232	53	71
261	221	68	98
255	221	73	102
255	246	68	78
259	251	67	76
232	254	87	70
229	233	86	94
226	230	90	97
219	225	97	106
214	221	90	105
215	221	76	106
212	234	70	100
222	239	61	97
203	242	75	92
177	234	99	137
172	226	93	157
168	227	90	155
171	225	91	161
169	224	97	161
163	226	88	160
164	233	90	150
156	225	96	157
155	226	87	157
142	228	91	152
139	232	89	148
122	222	100	155
124	234	103	147
106	240	105	134
123	257	88	119
123	273	98	105
134	277	101	101
133	277	123	100
113	273	156	99
109	279	166	95
114	282	161	100
96	267	171	96
106	257	136	99
108	248	98	96
99	259	155	106
110	270	90	80
122	275	82	75
121	279	62	77
138	273	54	86
138	272	63	98
144	273	55	110
148	309	50	83
140	314	62	80
152	313	49	85
159	286	42	118
156	284	46	112
133	293	85	106
139	319	81	79
145	314	65	81
154	300	52	97
164	296	45	102
167	283	47	120
168	280	54	123
176	288	48	112
182	303	48	100
186	310	43	94
185	308	45	96
194	310	47	96
196	308	40	97
201	295	44	111
209	291	45	117
223	286	47	126
236	292	48	119
249	284	56	127
249	299	45	113
248	309	44	101
243	274	82	140
247	288	83	126
245	272	75	138
253	261	59	140
253	239	58	150
254	222	51	160
