0.492348
0.029790
0.035544
0.031894
0.032442
0.032809
0.032856
0.034776
0.031709
0.032316
0.046588
0.031092
0.034855
0.034494
0.032763
0.032930
0.029901
0.031154
0.030835
0.030989
0.030088
0.032952
0.030345
0.032033
0.030658
0.029724
0.030350
0.032243
0.048811
0.031291
0.031447
0.029990
0.029912
0.041686
0.044649
0.031085
0.032072
0.029968
0.030875
0.042377
0.031627
0.032370
0.031395
0.030993
0.031746
0.030400
0.030951
0.031114
0.030660
0.046548
0.060564
0.031162
0.029819
0.030600
0.040063
0.033775
0.031216
0.032227
0.031179
0.031207
0.031326
0.031035
0.037867
0.032186
0.040917
0.032795
0.034201
0.034812
0.034739
0.034612
0.034745
0.034901
0.036168
0.035368
0.035425
0.034584
0.034712
0.034863
0.035432
0.034502
0.032810
0.033469
0.034819
0.035094
0.034935
0.035815
0.034743
0.033342
0.033739
0.033996
0.034871
0.033300
0.034638
0.042248
0.034451
0.033032
0.034605
0.033858
0.034762
0.034612
0.035118
0.036103
0.035903
0.034614
0.035045
0.034020
0.033103
0.035564
0.034709
0.043233
0.033574
0.034579
0.036445
0.041602
0.032718
0.034276
0.033061
0.033144
0.033313
0.033755
0.033796
0.034508
0.032772
0.033953
0.042127
0.031721
0.041234
0.033681
0.032508
0.033695
0.032361
0.035310
0.033751
0.033147
0.034844
0.043767
0.033572
0.039288
0.034478
0.044084
0.045189
0.034919
0.034533
0.058369
0.035877
0.040569
0.033568
0.034532
0.037292
0.034365
0.036417
0.036827
0.035283
0.051306
0.042124
0.034763
0.035910
0.035526
0.035551
0.034997
0.036754
0.035056
0.036156
0.036614
0.061020
0.038142
0.045188
0.038252
0.059579
0.037721
0.048476
0.037265
0.044320
0.035510
0.052291
0.035533
0.034458
0.036330
0.035481
0.040043
0.035942
0.035386
0.035430
0.034549
0.035910
0.034490
0.036515
0.034946
0.049901
0.036387
0.036942
0.035408
0.034905
0.037013
0.036847
0.036298
0.037260
0.036721
0.035721
0.045427
0.036965
0.037420
0.049465
0.037755
0.060516
0.046455
0.052580
0.037755
0.038882
0.037648
0.037248
0.037169
0.042261
0.040872
0.039167
0.037817
0.042113
0.038605
0.037890
0.036934
0.036658
