335	328	741	251
356	335	722	246
356	326	709	252
365	321	688	250
349	323	702	247
350	316	695	251
365	316	676	253
369	320	683	255
365	314	671	259
364	331	668	241
363	326	653	246
364	324	649	252
366	313	626	268
367	307	618	266
365	306	621	260
362	286	620	280
363	309	619	260
372	307	606	265
362	319	601	250
363	311	594	261
359	322	575	241
364	288	559	278
368	306	546	249
366	295	545	251
361	313	566	230
354	319	556	226
343	312	576	233
333	320	568	218
330	320	617	215
349	326	584	207
344	313	642	217
358	317	639	218
358	323	602	219
367	315	427	220
347	316	703	237
360	327	676	236
370	323	379	222
389	318	395	246
353	322	753	259
356	307	745	277
348	305	757	292
475	331	626	291
373	331	731	265
355	336	742	278
450	352	677	277
502	337	670	283
367	357	787	268
351	359	529	260
362	382	804	245
357	360	817	273
424	366	747	307
364	358	799	293
355	359	405	213
339	398	529	215
359	394	847	256
683	335	527	336
496	346	717	305
611	315	609	352
696	345	520	311
544	358	736	345
647	316	587	328
519	355	728	292
510	334	735	324
504	315	747	314
533	308	709	393
444	364	835	286
768	296	229	422
457	367	822	337
434	362	845	262
728	291	289	381
600	381	551	252
510	374	769	258
547	374	729	274
515	373	765	295
551	394	729	286
466	349	813	309
444	361	797	244
605	409	668	262
493	372	786	289
505	388	634	210
538	365	499	157
522	380	345	146
481	363	493	167
493	395	428	139
347	340	456	188
466	350	481	180
334	328	455	195
403	344	422	192
359	336	506	200
351	335	479	204
348	329	426	217
358	332	426	207
369	329	479	216
369	322	446	218
388	333	481	213
387	331	471	213
381	339	478	206
422	365	437	187
525	384	520	177
427	348	424	215
