0.508039
0.028650
0.057179
0.034158
0.028970
0.046659
0.031581
0.031323
0.031121
0.032456
0.030911
0.031783
0.031127
0.049707
0.031405
0.039234
0.032722
0.032995
0.031173
0.031106
0.064718
0.030132
0.029558
0.031570
0.031773
0.065224
0.061175
0.037158
0.031929
0.040671
0.057144
0.031975
0.040375
0.032563
0.034423
0.032644
0.032397
0.033916
0.031881
0.063550
0.034124
0.031505
0.034106
0.051518
0.032757
0.034687
0.034536
0.036901
0.033323
0.037610
0.037493
0.032029
0.034395
0.035204
0.033848
0.033461
0.034742
0.047776
0.035001
0.031866
0.031312
0.032138
0.033697
0.032801
0.030788
0.033005
0.032519
0.032384
0.030926
0.033192
0.032661
0.031769
0.030712
0.030807
0.033428
0.031429
0.031595
0.031122
0.035447
0.032425
0.031852
0.034223
0.032977
0.032780
0.032604
0.032925
0.030891
0.032616
0.066649
0.033006
0.034032
0.033571
0.045110
0.033329
0.033620
0.034027
0.034600
0.034221
0.034638
0.033374
0.033565
