0.490148
0.026447
0.033961
0.044611
0.028122
0.043851
0.030657
0.043603
0.029483
0.030359
0.030875
0.030049
0.029189
0.066371
0.031075
0.031247
0.030726
0.030951
0.028749
0.031222
0.031238
0.030147
0.030852
0.030730
0.031204
0.031204
0.031583
0.032178
0.032120
0.030021
0.029391
0.030299
0.031648
0.030395
0.030550
0.030237
0.029815
0.031999
0.030714
0.031080
0.030570
0.032843
0.032234
0.032522
0.030995
0.032763
0.030883
0.032280
0.029961
0.030101
0.029803
0.030921
0.032474
0.030950
0.033521
0.030948
0.030049
0.030537
0.030609
0.032646
0.031772
0.032202
0.031734
0.032261
0.033049
0.031114
0.032984
0.032894
0.030807
0.034031
