7.168462
0.031361
0.037066
0.042129
0.028168
0.027338
0.034338
0.050800
0.027904
0.031031
0.028902
0.029648
0.032649
0.029117
0.028533
0.030291
0.046773
0.033491
0.034533
0.032514
0.032087
0.037738
0.032880
0.032927
0.035040
0.035500
0.034980
0.034485
0.032941
0.037853
0.031567
0.033916
0.032220
0.033499
0.032266
0.032613
0.031693
0.032092
0.033401
0.034421
0.033322
0.047391
0.032095
0.032574
0.038419
0.034495
0.032753
0.034319
0.034362
0.044401
0.033645
0.034930
0.035673
0.034257
0.034477
0.033547
0.035504
0.035131
0.034935
0.034447
0.034988
0.034374
0.035539
0.039491
0.034964
0.034879
0.035616
0.035874
0.034591
0.035807
0.049381
0.037164
0.033785
0.033561
0.037457
0.044245
0.034105
0.036414
0.056389
0.036223
0.035817
0.035125
0.040865
0.035182
0.036394
0.033905
0.042349
0.035517
0.037156
0.034552
0.042268
0.036370
0.048141
0.035756
0.037024
0.035648
0.035071
0.038300
0.035514
0.034357
0.034889
0.033564
0.034618
0.036010
0.033930
0.034772
0.036260
0.035118
0.036855
0.035877
0.035740
0.036001
0.036431
0.037624
0.035593
0.037275
0.035315
0.044644
0.034285
0.049278
0.036037
0.047082
0.036616
0.036658
0.036340
0.036775
0.036767
0.036499
0.034828
0.043114
0.037704
0.037217
0.035704
0.034785
0.034743
0.034555
0.037274
0.036385
0.035894
0.036597
0.037018
0.036892
0.036187
0.036499
0.036852
0.035334
0.037051
0.037726
0.040943
0.039874
0.036963
0.037781
0.037637
0.036729
0.038732
0.036074
0.038333
0.036860
0.039049
0.036878
0.038176
0.038257
0.035092
0.035553
0.037723
0.038822
0.036705
0.035718
0.035947
0.034582
0.037274
0.037704
0.038275
0.037026
0.036819
0.039286
0.038881
0.044297
0.039235
0.039576
0.037965
0.038015
0.039515
0.039015
0.038096
0.039049
0.038074
0.037829
0.038857
0.040034
0.038681
0.038969
0.038648
0.039677
0.038929
0.039235
0.046269
0.037217
