0.503369
0.031016
0.030366
0.033891
0.042334
0.037716
0.030588
0.034602
0.029577
0.030422
0.031770
0.031238
0.030513
0.030262
0.030040
0.040200
0.030266
0.033592
0.050659
0.031461
0.031993
0.032112
0.032012
0.031291
0.031177
0.030804
0.031404
0.031871
0.031279
0.031961
0.032537
0.031693
0.036405
0.031112
0.030949
0.047236
0.031299
0.030314
0.032123
0.031521
0.032538
0.031699
0.033513
0.031896
0.032162
0.032867
0.031491
0.031519
0.032389
0.032681
0.031025
0.030598
0.030783
0.031431
0.030516
0.030910
0.031939
0.032820
0.033074
0.045367
0.039141
0.030997
0.031698
0.030798
0.039469
0.030419
0.030863
0.031341
0.038953
0.030337
0.041065
0.032306
0.045931
0.031490
0.031354
0.030169
0.039956
0.032218
0.066984
0.032435
0.030977
0.032098
0.031093
0.033012
0.032441
0.032308
0.030683
0.032667
0.032475
0.031843
0.031775
0.033712
0.031616
0.033282
0.033560
0.031983
0.041344
0.034057
0.034578
0.031897
0.034539
0.035474
0.032625
0.033276
0.034593
0.032919
0.032897
0.033003
0.032642
0.033131
0.034225
0.034941
0.034071
0.034051
0.032896
0.035091
0.034134
0.044106
0.034580
0.034612
0.034013
0.035122
0.033937
0.033124
0.032960
0.033209
0.034941
0.034604
0.035360
0.035450
0.043317
