547	300	38	90
554	294	35	115
556	300	36	130
557	315	36	94
560	310	39	87
560	295	41	112
558	274	39	132
549	269	36	110
539	257	35	87
537	252	34	100
534	242	34	117
532	237	34	117
530	247	34	89
523	254	37	92
523	256	33	111
521	251	34	119
519	240	33	108
515	236	37	86
516	237	41	97
515	232	41	117
519	238	41	126
529	242	37	113
530	245	38	91
524	244	37	96
511	243	38	119
504	243	40	125
502	247	38	105
509	244	38	90
528	242	39	104
543	246	40	116
540	249	39	112
614	284	41	105
585	295	38	117
566	307	36	101
556	305	35	104
554	304	38	106
559	298	37	113
563	299	37	111
569	307	40	111
579	313	41	116
589	324	39	116
595	326	41	119
605	327	42	108
617	331	38	108
622	339	38	106
630	348	41	114
555	269	36	101
651	358	43	104
658	350	42	108
664	325	43	110
675	253	43	110
601	104	36	109
605	119	37	101
608	157	37	98
610	168	35	103
688	249	37	109
684	209	36	109
676	187	35	114
669	174	33	116
660	174	35	118
655	199	34	108
654	216	36	109
648	235	35	112
640	253	37	120
636	265	35	122
631	279	37	109
630	279	37	114
634	270	35	117
632	262	36	110
629	260	35	106
627	261	35	108
625	269	36	110
628	276	38	111
633	279	37	106
643	281	38	109
653	284	38	112
662	285	36	119
665	285	37	121
666	283	39	124
667	281	40	111
674	270	40	112
676	269	42	114
677	272	43	117
678	286	45	112
677	298	43	104
679	299	42	103
679	304	43	106
674	316	45	106
672	327	43	107
668	338	44	95
671	347	48	91
680	346	47	93
685	344	47	96
686	348	51	92
685	356	51	95
686	356	51	97
687	350	53	100
692	346	51	98
697	340	47	98
694	333	51	96
