0.506896
0.026807
0.026901
0.030802
0.026224
0.026249
0.027077
0.026241
0.027758
0.026237
0.026206
0.027283
0.026868
0.026450
0.026405
0.028508
0.027349
0.027728
0.028189
0.028007
0.027176
0.028253
0.027516
0.028400
0.027616
0.027302
0.026924
0.028783
0.028492
0.027928
0.026570
0.027060
0.028002
0.026562
0.027268
0.028550
0.027513
0.027211
0.028343
0.027072
0.030273
0.029572
0.027762
0.027020
0.041306
0.029297
0.044483
0.029021
0.028724
0.028268
0.027062
0.027040
0.028217
0.029442
0.029744
0.028937
0.039114
0.029696
0.032247
0.030440
0.026502
0.028501
0.029203
0.032569
0.028589
0.029244
0.028607
0.060296
0.027834
0.027568
0.028430
0.028426
0.028972
0.029190
0.032327
0.032719
0.027737
0.029871
0.027713
0.027602
0.060881
0.029187
0.028177
0.038650
0.028425
0.034705
0.027987
0.028530
0.028210
0.030697
