0.507764
0.026522
0.029595
0.032460
0.032143
0.048593
0.045630
0.033148
0.031602
0.034520
0.038584
0.034947
0.041371
0.033565
0.032444
0.032424
0.033052
0.033886
0.045218
0.033913
0.031393
0.034339
0.033511
0.032514
0.033893
0.033708
0.034586
0.033307
0.034831
0.033701
0.034655
0.036494
0.035884
0.033576
0.035229
0.035641
0.036717
0.035408
0.036915
0.035354
0.036339
0.034061
0.035184
0.036945
0.036624
0.034640
0.033857
0.034154
0.032819
0.033899
0.033722
0.041046
0.033923
0.035061
0.034279
0.035110
0.034469
0.037031
0.035428
0.037064
0.033414
0.035992
0.034276
0.037510
0.037568
0.036421
0.035061
0.034881
0.037738
0.032915
0.033931
0.034034
0.034595
0.034201
0.032784
0.033744
0.034891
0.034332
0.037626
0.032910
0.039548
0.034037
0.034619
0.033899
0.033340
0.034745
0.034854
0.035635
0.033600
0.036035
0.034808
0.035448
0.033839
0.035115
0.036151
0.037469
0.035895
0.039480
0.036297
0.036085
