0.506232
0.048275
0.038833
0.031010
0.047255
0.025063
0.027844
0.028951
0.026655
0.027966
0.027429
0.026061
0.026448
0.028696
0.027360
0.028744
0.027527
0.029093
0.028053
0.025867
0.027672
0.026866
0.028332
0.028107
0.026555
0.028272
0.027397
0.026351
0.026652
0.027080
0.028694
0.032198
0.031741
0.031070
0.030052
0.031857
0.031412
0.030115
0.031912
0.031194
0.032547
0.030055
0.033488
0.032661
0.032714
0.033700
0.032534
0.031653
0.029983
0.031127
0.030912
0.043415
0.031275
0.031283
0.029839
0.033069
0.032410
0.031931
0.031835
0.033592
0.031615
0.033051
0.030293
0.031695
0.030349
0.031663
0.030960
0.032703
0.032518
0.032823
0.031381
0.031296
0.033215
0.034537
0.043782
0.032039
0.033383
0.031761
0.033645
0.033591
0.033654
0.034388
0.034417
0.033566
0.033834
0.032619
0.032079
0.034253
0.033642
0.032980
0.033483
0.032442
0.033800
0.033409
0.032243
0.042582
0.032224
0.033556
0.034522
0.032234
0.038868
0.033586
0.032524
0.032647
0.035517
0.032485
0.034599
0.035118
0.033338
0.033236
0.035007
0.034349
0.034730
0.035811
0.034667
0.034055
