0.505660
0.050983
0.042405
0.031292
0.030309
0.029233
0.043220
0.062241
0.035774
0.035044
0.031166
0.030747
0.047491
0.037482
0.040309
0.032615
0.031540
0.032537
0.039132
0.054200
0.034813
0.033154
0.065081
0.032357
0.031669
0.032163
0.031963
0.031533
0.035398
0.031451
0.031549
0.062595
0.057824
0.057577
0.032738
0.054097
0.033223
0.032526
0.053336
0.046180
0.030440
0.031743
0.032552
0.036329
0.032701
0.033745
0.045104
0.031184
0.031709
0.043120
0.056143
0.056115
0.046062
0.032476
0.035203
0.031963
0.036518
0.033538
0.032795
0.032745
0.032546
0.052778
0.033561
0.032435
0.032465
0.033963
0.037435
0.032487
0.032716
0.033153
0.033273
0.033201
0.033110
0.031942
0.032824
0.055795
0.033738
0.033348
0.033947
0.036098
0.033611
0.033429
0.032799
0.043636
0.032772
0.033373
0.032972
0.033427
0.031838
0.034547
0.033315
0.034633
0.035417
0.033595
0.033906
0.033493
0.033807
0.033272
0.034992
0.034254
0.034203
