0.501397
0.039480
0.044325
0.032735
0.031377
0.032654
0.060440
0.033704
0.038096
0.041557
0.035427
0.032220
0.033444
0.034335
0.032078
0.032276
0.034760
0.032667
0.033223
0.032286
0.033506
0.041460
0.033272
0.033649
0.046613
0.033899
0.032392
0.034920
0.033181
0.034581
0.032391
0.034178
0.032389
0.043756
0.034181
0.035262
0.034662
0.033639
0.043708
0.033976
0.033072
0.053018
0.035311
0.031863
0.032424
0.032617
0.039258
0.034976
0.034717
0.033784
0.033234
0.032588
0.033709
0.033310
0.034543
0.033258
0.035383
0.034839
0.034553
0.034454
0.036906
0.038441
0.041846
0.036182
0.033913
0.035945
0.040167
0.033560
0.035480
0.038585
0.040050
0.034716
0.035625
0.035592
0.037645
0.033983
0.033672
0.034350
0.038077
0.036877
0.040738
0.033914
0.050237
0.034408
0.035769
0.035400
0.035864
0.037086
0.037826
0.045063
0.036213
0.036481
0.037150
0.036777
0.034984
0.042403
0.035448
0.037500
0.037257
0.050152
0.037266
0.037157
0.036719
0.035049
0.049634
0.035074
0.036050
0.051150
0.038144
0.037153
0.038977
