576	397	135	177
563	392	130	181
558	366	119	203
544	364	108	207
517	368	92	209
490	388	91	190
467	398	96	169
432	386	106	181
426	384	79	182
382	358	92	212
370	356	102	207
369	356	86	196
352	354	85	201
334	343	99	213
325	344	107	212
403	426	99	177
413	431	91	172
301	317	60	193
287	321	71	182
277	332	80	174
275	326	80	175
293	316	69	180
292	316	77	178
288	316	86	175
296	310	89	183
307	312	85	195
312	305	116	265
295	315	135	267
385	401	143	151
248	368	158	189
292	373	130	185
307	364	131	201
351	362	111	190
386	355	97	176
424	342	87	183
430	341	124	186
463	340	129	175
510	330	96	172
550	319	83	180
563	310	105	186
592	299	97	193
599	289	95	204
598	260	102	229
614	303	79	179
648	421	103	211
604	409	83	222
606	298	81	188
593	293	103	193
500	325	91	145
500	325	91	145
602	277	88	201
604	273	83	193
601	276	107	191
595	283	120	185
608	271	109	202
599	258	115	216
601	261	110	222
600	278	108	200
593	285	111	189
573	254	125	241
588	278	103	228
577	261	101	243
580	261	104	255
572	277	101	253
558	290	106	244
551	279	117	266
542	294	117	257
536	300	112	246
526	294	115	245
524	305	109	230
511	315	127	214
580	337	108	200
601	360	92	210
609	362	87	212
620	355	82	217
630	343	85	217
621	365	104	199
626	352	107	217
613	283	132	279
545	260	123	263
622	349	110	200
619	332	124	210
621	300	126	256
613	370	142	219
640	306	120	257
663	335	129	206
673	335	139	186
732	243	143	255
764	238	170	247
810	251	174	244
827	226	177	226
840	213	185	228
868	218	162	211
520	384	141	151
539	377	109	154
556	367	101	142
560	368	93	152
573	351	91	174
584	334	94	173
571	340	101	193
569	349	104	178
