0.525183
0.031092
0.031115
0.029453
0.030713
0.030655
0.031507
0.031684
0.030916
0.049680
0.036460
0.056623
0.036445
0.032647
0.048562
0.033924
0.040767
0.038663
0.051044
0.033531
0.031830
0.031045
0.035401
0.048214
0.055345
0.030541
0.030933
0.029497
0.033839
0.036965
0.034182
0.031252
0.034563
0.032619
0.045381
0.030440
0.031247
0.032352
0.047420
0.030798
0.030339
0.032576
0.030789
0.030952
0.035608
0.045327
0.030775
0.036846
0.034344
0.034345
0.033291
0.033248
0.033012
0.032359
0.031481
0.031256
0.033548
0.032032
0.033293
0.032044
0.033379
0.030802
0.043996
0.048578
0.032545
0.067997
0.031408
0.032866
0.030168
0.030053
0.030400
0.039889
0.040742
0.031700
0.031167
0.041856
0.032110
0.033620
0.033213
0.033411
0.031519
0.032321
0.031559
0.033643
0.033870
0.033042
0.031634
0.033914
0.033355
0.045575
0.032700
