18.054967
0.042139
0.031475
0.031196
0.044548
0.031780
0.032067
0.035305
0.041461
0.030862
0.033704
0.032529
0.032803
0.031127
0.033573
0.041551
0.038788
0.037971
0.036901
0.035653
0.033309
0.036346
0.035694
0.032506
0.031592
0.032202
0.033458
0.033058
0.030620
0.033288
0.037244
0.033867
0.035056
0.036724
0.035343
0.037137
0.036281
0.032721
0.034101
0.036344
0.037257
0.034622
0.038889
0.036114
0.034877
0.034669
0.036053
0.036371
0.036038
0.035540
0.035116
0.039402
0.040442
0.037108
0.038192
0.036328
0.037348
0.039577
0.036285
0.040783
0.050406
0.061399
0.036426
0.035079
0.035696
0.036672
0.037993
0.038197
0.039843
0.034133
0.042774
0.038254
0.037837
0.036379
0.035744
0.034363
0.034889
0.038761
0.038235
0.036174
0.036952
0.035218
0.038839
0.036753
0.037782
0.033482
0.035580
0.035738
0.037361
0.035706
0.037507
0.038110
0.037760
0.051704
0.044911
0.050189
0.036831
0.042846
0.038238
0.036866
0.039874
