0.483382
0.032606
0.036082
0.030550
0.030513
0.067547
0.031465
0.032663
0.063164
0.031446
0.030970
0.035618
0.033001
0.033985
0.032305
0.032711
0.032442
0.035233
0.032675
0.032464
0.033415
0.033122
0.031644
0.031266
0.031888
0.031471
0.032414
0.035730
0.034880
0.034900
0.032208
0.032681
0.032566
0.032835
0.032717
0.031999
0.037387
0.033914
0.031468
0.035133
0.034281
0.138405
0.134736
0.149117
0.138668
0.144009
0.126804
0.032264
0.036809
0.142809
0.149668
0.136131
0.155545
0.144395
0.071022
0.125232
0.144736
0.136111
0.135257
0.131807
0.075747
0.127449
0.132369
0.137805
0.135256
0.138769
0.148115
0.103755
0.127179
0.035861
0.141337
0.147422
0.148205
0.151570
0.123354
0.086954
0.133187
0.141066
0.148789
0.160855
0.137660
0.124213
0.106529
0.064742
0.032564
0.063196
0.069592
0.033852
0.033331
0.031155
0.053848
0.041602
0.034747
0.047644
0.034306
0.065611
0.042837
0.034916
0.037879
0.043888
0.035352
0.043365
0.032132
0.032845
0.034544
0.034359
0.035391
0.034902
0.034383
0.044996
0.034323
0.034434
0.037824
0.058883
0.033952
0.062568
0.055711
0.043242
0.036331
0.037650
0.038553
