0.502061
0.029473
0.032126
0.035704
0.025847
0.046172
0.029822
0.027729
0.029949
0.040425
0.052365
0.040897
0.029259
0.030234
0.048399
0.029629
0.030772
0.033665
0.033404
0.036618
0.030489
0.033500
0.030446
0.031039
0.032592
0.037426
0.045591
0.040173
0.030964
0.030477
0.047617
0.030764
0.030555
0.047806
0.048723
0.031170
0.031668
0.031230
0.030263
0.030072
0.031080
0.032429
0.033822
0.035760
0.058362
0.031718
0.040302
0.034776
0.031892
0.037451
0.044307
0.050673
0.046855
0.041032
0.046520
0.038111
0.030762
0.050606
0.057913
0.055879
0.036597
0.034322
0.031794
0.031800
0.038463
0.033104
0.035365
0.031705
0.031359
0.032558
0.033930
0.033927
0.051499
0.033857
0.046799
0.033291
0.033339
0.034202
0.032697
0.032470
0.032677
0.033562
0.032822
0.034321
0.034176
0.031819
0.033235
0.034040
0.034777
0.034368
0.034914
0.032034
0.034282
0.032232
0.032902
0.033162
0.035559
0.037225
0.033498
0.034407
0.033581
0.036799
0.032340
0.043217
0.034166
0.032854
0.043127
0.048594
0.043358
0.046754
0.033032
0.034182
0.033476
0.036031
0.034409
0.038931
0.033665
0.045103
0.034981
0.045496
0.034925
0.057989
0.034767
0.034775
0.035315
0.056471
0.034442
0.039699
0.036324
0.035208
0.034263
0.039137
0.036846
0.035489
0.054387
0.056780
0.036086
0.035072
0.034390
0.034940
0.041298
0.034606
0.041899
0.041203
0.034197
0.035981
0.035043
0.044703
0.034554
0.035284
0.035915
0.039092
0.034424
0.034954
0.035381
0.034070
0.035998
0.035622
0.034690
0.038954
0.035734
0.036418
0.037916
0.034282
0.034915
0.037036
0.034515
0.035948
0.034901
0.036210
0.035971
0.036173
0.036186
0.038396
0.034985
0.035717
0.036515
0.037812
0.038506
0.037576
0.038011
0.037427
0.035992
0.050930
0.040504
0.036517
0.038259
0.038242
0.036700
0.037781
0.038984
0.039004
0.038212
0.038417
0.037085
0.037648
0.036382
0.036631
0.039881
0.038819
0.037582
0.038760
0.037229
0.038157
0.038019
0.038665
0.037683
0.038083
0.037908
0.038391
0.039110
0.038167
0.038372
0.037013
0.037745
0.039060
0.039297
0.039090
0.056673
0.042310
0.039265
0.057677
0.062640
0.037405
0.040989
0.038738
0.039016
0.041614
0.052987
0.038684
0.059835
0.044974
0.041336
0.062632
0.041620
0.041535
0.057789
0.040026
0.042841
0.049264
0.045916
0.051891
0.057652
0.038705
0.040287
0.041061
0.040606
0.058726
0.041788
0.042187
0.046791
0.040248
0.039194
0.040741
0.040234
0.066851
0.039893
0.047694
0.057340
0.053097
0.042147
0.041309
0.041377
0.042135
0.042816
0.040863
0.041562
0.040520
0.042847
0.049712
0.041873
0.053389
0.058700
0.041207
0.039835
0.039743
0.058138
0.042021
0.047096
0.040434
0.041786
0.057227
0.046605
0.042830
0.041926
0.039999
0.041194
0.041842
0.039680
0.039635
0.040231
0.039134
0.042073
0.040933
0.040624
0.040298
0.042360
0.041841
0.041995
0.040363
0.042584
0.040318
0.048249
0.042985
0.041660
0.040598
0.042143
0.042208
0.040342
0.042643
0.042874
0.041848
0.044067
0.041263
0.040920
0.041229
0.041709
0.040143
0.042735
0.041893
0.041677
0.041983
0.041845
0.040308
0.039912
0.041177
0.043363
0.043211
0.040733
0.040894
0.042647
0.042469
0.042400
0.041953
0.043138
0.044537
0.042604
0.045602
0.042993
0.044029
0.041713
0.044550
0.041118
0.042208
0.042326
0.044039
0.043881
0.041891
0.043647
0.041863
0.044288
0.046808
0.044151
0.054479
0.042528
0.043264
0.044317
0.048878
0.043118
0.043222
0.044029
0.043653
0.049250
0.052159
0.047076
0.051637
0.044767
0.044846
0.042688
0.043346
0.043787
0.045799
0.044784
0.044132
0.044987
0.045238
0.045120
0.045821
0.057753
0.048345
0.045782
0.044242
0.044834
0.045543
0.045232
0.047453
0.045338
0.140349
0.154056
0.147926
0.157761
0.116268
0.147207
0.161088
0.148577
0.146957
0.105940
0.048146
0.102527
0.144379
0.161158
0.143978
0.166914
0.157956
0.147084
0.162660
0.164266
0.160397
0.098516
0.140854
0.150527
0.147904
0.152546
0.050394
0.048602
0.047097
0.047287
0.048630
0.051167
0.046765
0.048933
0.045775
0.058396
0.067749
0.045873
0.053949
0.052617
0.062363
0.052687
0.068407
0.067338
0.052580
0.071235
0.045944
0.051426
0.057639
0.043616
0.045367
0.046513
0.050516
0.045307
0.050529
0.044981
0.046586
0.062118
0.047682
0.051925
0.047617
0.069782
0.045146
0.050298
0.069873
0.046589
0.073323
0.046039
0.052039
0.054478
0.063228
0.073187
0.068390
0.072490
0.070427
0.048448
0.050948
0.052255
0.063096
0.048572
0.062825
0.061271
0.062081
0.054426
0.053105
0.047426
0.049809
0.052966
0.051716
0.056530
0.050072
0.052468
0.057570
0.051244
0.051021
0.053291
0.048581
0.064938
0.048457
0.073282
0.052778
0.048250
0.060310
0.050341
0.055113
0.049928
0.061891
0.048863
0.060454
0.047558
0.056160
0.047271
0.066379
0.070075
0.048925
0.052894
0.052150
0.055367
0.048833
0.053597
0.070334
0.048769
0.047723
0.046706
0.074640
0.065808
0.049391
0.051832
0.048587
0.049969
0.051555
0.063769
0.079021
0.049094
0.055732
0.052046
0.062500
0.048526
0.055701
0.048196
0.047487
0.050718
0.049435
0.051505
0.049113
0.048113
0.066471
0.057510
0.052444
0.049405
0.053111
0.051535
0.049424
0.069298
0.075249
0.068845
0.055714
0.047770
0.051014
0.050487
0.058188
0.050865
0.050911
0.052192
0.050412
0.072911
0.053038
0.054214
0.058570
0.050855
0.053353
0.052598
0.054990
0.050681
0.052118
0.050903
0.085008
0.054664
0.055335
0.057056
0.053174
0.056015
0.055719
0.058253
0.053067
0.057642
0.051475
0.050967
0.054699
0.054850
0.060187
0.053813
0.054205
0.056294
0.054903
0.059767
0.064253
0.057984
0.061822
0.062713
0.053189
0.054194
0.054169
0.050471
0.055278
0.051399
0.050980
0.049329
0.048563
0.049937
0.058366
0.051038
0.050525
0.051104
0.053150
0.049337
0.050104
0.048803
0.050838
0.051181
0.050935
0.051239
0.051237
0.054839
0.051859
0.058116
0.051684
0.051912
0.053811
0.052747
0.053941
0.053294
0.052822
0.056323
0.053415
0.052671
0.052136
0.057982
0.060632
0.061998
0.059144
0.055878
0.056896
0.054285
0.054230
0.054118
0.054029
0.053385
0.054163
0.062625
0.052767
0.074819
0.052181
0.055166
0.062318
0.068316
0.053268
0.053180
0.053510
0.055199
0.053482
0.051880
0.053427
0.054756
