9.514265
0.027844
0.029675
0.032195
0.031591
0.031780
0.053724
0.032151
0.035440
0.043503
0.031862
0.056197
0.065909
0.040401
0.033304
0.054181
0.033954
0.056092
0.031413
0.030508
0.033873
0.064940
0.055795
0.041315
0.030392
0.065410
0.034251
0.062310
0.048061
0.037567
0.041313
0.031954
0.032326
0.032330
0.032352
0.039742
0.032858
0.041807
0.034894
0.031451
0.030507
0.031426
0.031282
0.031330
0.032200
0.043459
0.045403
0.032822
0.033268
0.032945
0.031106
0.033636
0.032877
0.032254
0.031677
0.032493
0.039791
0.032650
0.044178
0.033088
0.031206
0.033682
0.031473
0.063537
0.033704
0.032691
0.033114
0.036280
0.033070
0.031344
0.040980
0.033462
0.037846
0.032539
0.034085
0.034595
0.033068
0.060274
0.031532
0.038721
0.033014
0.032213
0.031909
0.031924
0.032998
0.032046
0.052355
0.032675
0.045932
0.032078
0.032017
0.039105
0.047477
0.070106
0.034211
0.044790
0.032601
0.033700
0.032311
0.033190
0.037052
0.033234
0.033790
0.035167
0.032776
0.036937
0.033895
0.033726
0.040819
0.034601
0.052120
0.034523
0.036193
0.062669
0.035193
0.042861
0.035026
0.039750
0.033173
0.036015
0.036431
0.035841
0.034854
0.035015
0.034839
0.037174
0.035307
0.035304
0.035071
0.034849
0.034656
0.034506
0.067182
0.036186
0.034860
0.042221
0.038051
0.051680
0.073599
0.032753
0.035149
0.036301
0.035130
0.049190
0.032885
0.034451
0.034983
0.049298
0.052718
0.035756
0.035959
0.034947
0.036264
0.035100
0.035215
0.035317
0.035631
0.035479
0.035546
0.035061
0.035711
0.035916
0.035252
0.050881
0.036115
0.051866
0.035964
0.037278
0.036103
0.036709
0.062279
0.036914
0.041438
0.035357
0.037134
0.036416
0.036786
0.036364
0.037680
0.042674
0.038337
0.045326
0.037839
0.052436
0.051121
0.036765
0.071578
0.036626
0.055110
