603	281	160	287
622	283	145	289
636	287	132	277
638	295	117	263
652	294	102	265
655	292	93	269
666	295	89	265
665	294	81	264
661	292	89	269
642	289	112	271
614	287	149	272
624	281	132	288
618	285	145	289
624	284	132	289
631	289	121	285
612	290	132	284
625	282	111	289
633	278	111	296
623	280	112	293
631	277	110	293
639	279	105	294
626	284	114	288
609	283	141	291
623	284	133	291
619	291	136	283
630	293	124	275
634	295	130	269
630	293	111	265
645	295	96	262
649	293	95	263
648	292	99	263
651	293	96	266
646	293	97	263
639	293	107	265
617	291	131	268
618	292	128	268
613	292	129	267
624	289	123	273
612	292	138	272
612	287	132	271
607	286	129	263
599	285	133	277
573	289	155	270
592	285	139	271
577	290	155	267
602	291	130	266
587	288	141	273
603	293	133	250
614	296	125	262
610	287	131	271
613	294	124	265
605	293	130	272
620	281	118	276
622	285	127	277
632	290	119	269
630	284	127	280
634	292	129	253
625	290	141	269
625	292	131	252
631	290	125	256
634	292	109	272
619	291	124	267
626	291	128	270
620	293	127	267
607	286	137	276
601	284	136	271
587	287	151	272
593	288	146	268
578	296	174	259
586	289	152	270
594	286	144	265
616	290	122	252
622	293	117	268
620	294	125	266
600	289	143	276
612	287	128	264
612	281	125	272
625	281	121	281
630	285	123	275
640	289	115	245
644	285	116	278
641	290	123	257
639	286	125	275
639	291	125	277
638	287	130	266
637	289	135	270
638	290	132	268
650	291	115	273
627	285	146	277
638	289	136	273
633	293	144	271
637	294	142	268
652	300	123	255
645	293	138	269
664	289	116	272
680	291	97	265
694	292	88	256
705	287	86	247
716	286	78	268
715	287	90	264
702	286	119	254
695	288	162	267
710	286	147	267
694	292	169	258
706	284	145	272
713	290	150	266
720	289	150	265
738	284	144	276
753	287	133	273
733	290	153	272
737	287	148	276
727	288	135	271
722	288	139	266
721	285	145	276
719	283	133	282
730	279	116	285
722	281	125	287
713	280	123	283
684	272	129	298
688	276	128	288
686	283	123	293
691	280	124	296
707	273	135	292
677	273	180	276
676	274	156	297
682	273	157	302
679	274	158	300
687	279	154	304
698	281	129	305
700	272	129	310
719	266	117	320
722	268	126	322
722	279	117	307
718	270	119	314
718	279	123	304
707	269	150	313
697	275	153	306
699	278	143	303
695	279	151	305
703	277	138	301
704	285	138	284
713	283	132	286
713	288	128	285
717	292	126	279
718	289	123	278
718	285	123	283
716	284	123	273
719	287	118	264
720	287	115	270
718	289	115	266
713	292	122	265
713	290	118	265
712	292	111	254
715	293	107	256
713	288	100	260
717	291	96	258
718	293	90	251
721	291	81	250
723	291	86	251
720	290	91	251
721	289	126	249
700	291	146	265
700	292	133	259
688	286	156	272
692	287	119	265
708	286	108	275
714	276	121	285
713	286	115	280
710	287	122	282
700	290	131	276
699	278	118	285
707	283	109	279
710	282	100	277
699	284	109	277
693	283	113	279
668	287	103	275
672	290	96	266
664	290	97	265
667	285	94	273
678	283	83	274
691	287	77	269
698	291	75	258
697	291	84	258
700	292	89	256
713	288	86	262
716	291	112	262
713	290	124	248
718	291	123	252
720	290	126	254
734	291	111	255
738	292	102	260
741	288	100	265
734	286	108	267
728	287	112	269
725	284	112	270
724	283	106	271
712	280	117	272
699	283	138	285
696	284	138	267
671	286	148	277
682	283	101	269
665	285	106	271
655	285	117	272
628	285	154	273
588	286	195	264
616	276	188	278
635	282	145	274
666	284	109	263
695	281	112	278
691	283	126	279
696	281	132	276
692	278	137	275
713	286	114	264
728	288	116	269
739	285	139	279
730	286	163	270
736	286	169	272
755	285	148	268
758	286	142	273
751	282	140	275
753	278	134	270
743	282	146	282
742	278	145	285
725	278	150	283
722	287	123	275
706	288	122	272
695	281	132	279
677	283	148	276
650	282	170	271
642	279	149	282
636	284	122	274
645	290	109	267
620	281	127	278
607	284	140	268
609	283	131	270
599	285	139	276
581	282	118	284
574	289	115	273
560	291	130	270
528	292	156	271
518	289	154	280
509	286	140	279
494	291	141	275
481	289	110	276
452	285	138	275
439	283	140	282
447	281	123	286
451	286	108	285
450	301	84	267
429	298	97	267
417	291	101	276
404	293	112	275
400	291	123	285
396	291	110	294
376	297	124	278
375	287	130	286
369	285	118	285
372	289	109	284
369	289	104	286
354	293	114	275
346	293	103	275
340	290	102	278
327	293	104	276
312	293	118	273
304	290	123	274
306	291	124	272
305	291	117	274
316	287	100	277
321	292	98	271
322	292	99	278
324	293	98	275
340	290	91	272
349	293	95	276
351	292	90	275
357	292	76	284
360	293	76	283
363	291	76	278
358	290	86	279
352	295	96	275
351	293	99	273
356	290	93	275
360	290	90	287
359	290	102	291
351	294	117	282
348	294	115	284
359	293	99	275
355	294	78	271
359	290	90	277
343	293	123	270
334	296	115	266
334	295	107	265
352	296	83	260
370	292	77	266
367	291	94	265
364	299	101	254
381	298	88	258
398	302	87	249
411	297	86	256
415	296	77	253
415	294	80	259
402	299	88	256
409	302	90	248
418	297	87	256
424	302	98	253
425	300	87	253
426	304	85	251
419	297	100	261
438	291	87	265
447	293	92	266
447	291	87	270
451	291	92	272
445	297	90	269
447	295	96	272
447	288	96	279
461	287	99	274
467	285	82	275
471	292	88	270
470	291	109	268
471	292	109	269
486	288	138	268
510	294	135	263
518	294	125	264
525	295	126	265
522	298	122	263
522	294	131	267
523	297	134	262
522	299	114	259
518	299	136	257
503	296	125	259
489	303	127	256
484	298	117	261
478	295	105	263
478	302	96	257
468	311	87	244
445	300	102	261
432	300	100	257
429	301	92	256
427	302	87	257
416	304	76	256
396	291	87	269
363	300	107	257
348	296	120	266
346	295	111	267
346	301	89	259
339	300	83	256
316	300	92	254
301	305	101	252
297	298	114	257
287	304	110	257
287	303	106	255
297	297	100	255
303	299	95	253
300	300	109	256
298	298	131	259
297	298	137	263
341	293	107	269
360	298	104	260
355	297	110	261
364	296	125	262
349	294	143	261
376	293	112	260
376	298	115	257
368	300	97	256
356	296	110	257
359	297	120	266
349	292	121	271
353	291	111	278
337	294	121	270
342	306	97	266
331	298	98	261
322	296	101	269
318	293	107	268
291	301	131	259
307	298	106	267
299	303	98	259
300	304	102	256
309	301	96	256
315	297	97	260
318	301	100	251
323	303	101	248
325	304	104	247
327	303	108	248
324	298	124	253
328	301	125	256
339	303	113	281
340	302	112	258
355	300	96	257
356	295	90	262
354	294	99	273
348	296	131	270
344	293	116	280
343	297	113	268
344	296	96	267
344	295	94	266
335	293	101	268
328	292	113	274
328	291	117	273
331	291	112	269
342	296	94	269
344	292	95	272
346	293	105	271
349	297	119	271
344	290	127	276
351	299	104	262
364	300	101	261
363	301	92	256
369	301	96	253
377	303	96	249
381	306	93	240
383	306	93	240
367	302	110	244
354	299	121	245
358	300	114	252
354	298	123	262
344	292	128	280
355	294	113	291
350	295	107	257
356	298	101	261
338	295	112	270
342	293	105	271
345	296	99	268
342	297	93	267
332	293	103	272
327	291	109	273
316	288	124	280
319	288	115	287
313	282	122	294
308	284	118	297
302	289	111	294
306	282	93	298
314	279	87	314
311	276	95	315
308	277	96	320
305	277	95	319
294	269	108	328
274	264	131	333
285	267	131	342
251	263	183	339
238	258	170	347
233	275	157	332
250	273	156	329
257	277	145	334
245	279	134	338
258	278	104	341
258	280	115	342
244	282	116	342
229	280	140	344
211	266	152	350
213	258	144	360
196	254	165	366
194	254	170	363
188	255	157	366
186	258	156	366
190	257	149	383
183	253	153	394
183	255	146	394
184	252	143	396
192	247	154	399
207	248	145	389
186	243	192	391
176	246	217	392
164	244	225	390
215	250	172	372
230	253	149	369
247	252	149	371
248	249	187	372
222	247	221	377
228	248	208	377
231	247	170	380
257	256	146	370
250	260	165	364
257	251	157	371
257	247	187	377
245	250	208	379
241	251	204	374
239	254	196	371
238	255	163	372
230	251	159	372
214	251	155	382
213	256	144	380
202	255	144	377
180	256	159	377
187	255	153	369
166	257	186	368
168	247	168	379
163	246	164	377
172	253	157	371
171	259	156	358
171	259	143	356
160	262	164	354
153	257	181	365
152	264	180	356
148	270	186	351
157	264	177	356
176	264	156	351
192	264	150	348
194	265	151	346
188	262	167	348
216	263	146	349
251	270	124	334
267	275	116	326
283	266	113	336
284	263	145	341
288	267	149	337
293	270	144	335
299	270	140	337
304	269	134	333
297	266	138	332
295	269	165	333
295	268	141	328
295	273	155	325
298	276	132	308
299	279	127	306
309	279	121	307
310	278	107	305
313	277	93	307
300	285	108	299
298	285	114	299
305	286	116	297
294	280	122	303
293	274	134	317
290	277	135	320
282	277	134	319
275	280	137	317
271	276	130	319
267	275	134	321
262	270	136	334
255	274	134	329
253	275	125	333
253	274	122	331
245	274	126	334
240	268	128	345
230	264	131	358
218	260	127	363
205	262	133	367
181	263	161	364
177	262	192	364
173	251	185	388
166	248	158	391
168	252	161	387
168	251	157	391
127	252	202	390
141	250	194	394
157	249	177	392
163	250	170	394
178	247	160	394
190	251	144	389
190	255	135	374
202	257	136	364
214	251	116	361
233	257	100	354
224	263	116	349
193	269	169	343
204	266	159	346
234	259	128	355
244	261	127	352
251	258	156	358
253	251	167	369
280	251	139	369
295	251	121	367
298	253	137	365
296	246	136	376
293	244	128	390
297	242	120	392
288	246	118	392
277	244	120	388
260	247	132	385
248	246	134	386
214	244	146	390
189	243	166	396
178	249	164	387
177	256	158	382
178	257	146	381
179	250	140	385
184	254	134	383
175	253	152	382
170	253	161	366
174	255	163	362
233	253	125	363
250	251	113	367
247	248	147	373
239	248	185	373
260	247	164	376
292	249	141	375
314	261	131	364
314	253	144	366
307	250	236	373
290	247	271	369
306	247	234	370
314	247	157	370
316	254	157	363
307	246	129	379
296	255	123	371
282	252	135	368
271	251	146	369
256	252	140	368
233	262	125	353
223	265	118	354
159	268	173	349
155	268	185	353
153	265	181	351
156	259	176	356
164	260	167	358
167	263	155	356
168	258	154	362
167	260	154	365
191	250	137	371
218	253	120	363
250	259	124	363
251	248	146	371
257	250	167	377
270	245	173	382
312	246	179	378
335	252	172	371
347	255	158	371
357	251	169	376
352	253	179	373
363	252	185	378
375	252	168	378
392	250	186	373
446	254	146	364
461	253	172	364
454	243	210	371
468	241	206	379
488	243	193	374
539	245	163	368
541	245	178	366
571	246	166	364
577	247	177	365
593	252	174	363
606	245	164	369
624	249	164	364
647	252	160	357
645	253	176	357
657	250	188	362
663	254	182	356
692	258	155	360
702	260	160	357
711	257	156	361
718	250	154	364
720	247	152	368
721	242	167	379
743	242	158	371
775	250	143	343
780	245	147	363
781	246	199	361
807	254	173	360
818	249	175	358
844	249	160	369
848	243	156	379
849	239	140	374
858	234	124	368
852	235	129	371
852	238	122	371
856	238	116	373
852	243	106	361
843	245	100	362
841	241	107	356
846	246	98	354
840	243	113	356
831	241	108	362
831	242	112	361
821	245	119	355
830	242	108	362
828	242	115	359
818	242	125	361
825	243	120	356
842	247	101	356
845	248	104	357
852	243	99	364
856	240	140	374
840	238	165	385
850	240	174	387
850	237	163	398
858	229	132	392
853	232	130	387
846	232	139	399
841	230	138	404
831	229	139	407
824	231	144	402
804	232	141	400
780	229	177	410
768	222	194	417
773	227	191	414
771	230	196	411
771	229	182	411
768	233	153	396
728	230	189	403
732	234	183	395
725	233	180	399
726	236	170	395
711	235	168	388
716	239	148	381
733	235	126	383
719	240	137	375
716	242	142	373
714	238	141	375
693	241	155	371
708	236	126	378
676	234	162	373
633	239	200	380
628	242	202	381
611	246	189	379
627	250	156	380
620	246	144	375
600	242	158	384
592	242	177	386
592	244	157	383
591	248	150	382
594	249	145	377
611	247	146	375
602	242	169	379
636	243	156	387
639	241	171	386
665	248	149	378
697	246	125	377
712	242	130	380
713	239	147	383
739	239	143	389
727	237	179	389
758	247	155	377
773	243	155	370
794	242	152	372
822	236	175	391
849	240	181	387
852	232	183	393
878	231	161	401
902	228	151	388
920	230	141	400
927	227	162	400
919	229	192	401
941	233	173	388
943	232	176	378
953	230	171	407
944	229	164	407
930	232	185	400
901	231	202	393
886	231	218	394
880	226	170	396
870	234	132	390
854	230	139	394
