422	187	58	169
402	207	61	157
385	216	61	156
362	233	66	158
337	256	72	152
336	270	61	142
330	276	63	146
312	289	81	169
304	302	80	163
316	303	65	175
334	301	66	153
412	289	63	177
428	279	53	143
437	269	48	116
441	267	62	172
428	256	80	135
436	255	75	129
442	256	61	140
461	252	59	158
365	345	69	130
361	357	72	148
364	361	68	155
370	360	64	159
503	248	59	115
504	250	57	123
512	251	55	118
498	250	68	123
503	248	62	108
494	235	66	122
511	227	53	127
502	236	63	110
510	234	56	124
513	228	49	135
518	225	44	125
509	216	60	138
494	212	99	133
507	200	83	138
519	217	70	136
524	213	75	130
594	150	49	100
568	227	64	124
577	217	57	133
581	217	56	118
584	208	62	149
587	214	72	126
590	217	70	107
575	218	77	133
593	223	58	106
589	217	68	111
690	343	65	159
684	346	80	176
615	143	68	153
627	137	52	111
625	136	53	104
606	132	75	148
614	133	62	127
614	133	58	111
609	136	60	103
605	132	58	111
605	133	54	108
607	135	58	114
607	132	61	112
609	137	63	102
646	141	40	95
660	153	36	82
642	149	76	113
651	221	58	165
653	219	61	150
658	233	72	143
658	233	72	143
672	233	52	155
659	218	49	141
659	213	47	145
646	202	53	150
637	193	55	127
630	189	56	157
519	313	76	145
514	295	74	154
565	214	68	128
544	192	66	123
533	194	68	125
515	202	53	145
488	209	82	145
487	212	62	151
489	207	56	153
486	206	51	157
477	208	55	158
473	219	51	147
467	232	51	145
457	252	61	150
453	243	57	139
445	243	67	120
456	241	60	104
627	336	68	175
644	327	57	168
645	324	59	167
646	318	68	171
652	311	75	165
663	298	71	163
671	283	68	161
668	281	75	158
