420	151	87	320
417	155	95	315
416	155	98	320
410	154	108	319
405	152	114	321
394	149	120	327
378	152	132	325
373	157	122	323
362	154	129	326
354	158	109	321
341	153	104	327
308	155	130	325
279	160	151	322
272	154	146	323
299	153	136	325
304	155	129	324
322	160	125	316
322	161	118	317
343	160	110	310
358	159	102	308
367	157	100	308
369	157	113	311
379	159	111	316
388	154	107	318
388	151	109	318
394	152	108	327
393	150	111	329
394	152	110	330
399	150	114	331
405	152	129	332
413	157	128	322
416	159	122	321
431	150	116	323
428	148	113	322
431	152	112	320
421	151	119	325
410	151	127	324
401	151	127	321
401	150	114	321
406	147	103	326
417	151	96	323
419	153	97	321
432	154	89	317
445	156	94	315
446	150	107	322
443	153	124	317
449	159	110	310
457	156	106	312
451	158	113	306
451	160	110	304
451	160	108	305
445	161	112	303
438	161	106	301
431	162	100	301
421	158	101	306
409	154	110	312
406	155	107	312
397	156	110	312
394	151	108	315
397	152	107	317
390	154	110	324
392	154	111	325
393	154	110	320
389	154	117	321
380	150	124	328
364	149	124	334
349	151	135	331
350	153	139	332
352	154	144	332
363	155	146	329
370	152	146	331
388	151	129	329
421	156	104	318
426	151	107	330
434	150	108	322
447	154	103	318
463	151	96	319
472	152	95	317
481	156	102	310
488	153	105	319
499	155	104	317
515	156	104	318
521	157	116	316
538	156	112	319
550	153	134	322
559	157	128	317
570	158	118	314
566	159	126	314
565	159	128	311
555	160	130	316
549	158	128	316
536	155	111	318
520	154	105	320
506	156	111	319
488	156	118	314
478	158	113	310
469	151	107	316
458	149	111	317
455	152	105	316
450	153	104	318
446	154	103	317
437	154	118	318
428	145	117	330
420	141	116	337
417	142	114	341
415	141	113	347
408	137	112	353
401	136	119	355
398	139	120	356
394	146	124	345
393	146	140	349
398	142	125	354
411	139	130	363
410	141	148	359
414	137	154	369
431	136	144	374
466	135	127	375
464	135	132	372
476	136	126	370
497	136	112	371
503	129	111	376
500	130	123	381
498	125	134	382
502	127	130	394
521	127	118	396
522	127	122	396
531	125	119	401
522	125	130	402
500	130	157	396
501	127	148	391
520	134	136	383
513	136	122	375
505	130	126	376
486	132	136	377
463	136	141	371
469	134	131	370
464	136	122	367
450	134	131	374
445	138	128	368
444	143	120	356
431	142	127	348
431	143	119	352
421	141	120	351
419	150	120	340
408	149	125	342
395	145	120	338
387	142	120	336
376	141	115	341
350	148	141	338
349	144	137	342
327	147	131	348
300	143	136	345
284	148	135	348
277	149	130	348
278	147	120	348
263	143	139	347
262	147	141	345
267	149	142	345
272	147	149	344
296	143	137	347
308	146	133	344
345	148	127	344
347	149	146	347
372	151	130	344
387	152	120	343
407	149	114	350
406	146	121	350
414	150	125	357
421	153	118	352
417	150	130	349
424	149	122	347
432	154	115	341
437	154	114	341
438	155	114	330
440	150	114	326
441	152	115	329
445	156	113	321
445	161	111	317
447	159	111	316
451	155	106	313
452	154	105	310
449	157	106	307
450	159	102	305
452	159	99	306
449	161	94	296
433	161	97	294
420	165	105	291
416	165	106	290
410	164	98	289
407	161	97	290
398	161	109	290
389	170	111	281
384	171	104	276
376	166	111	283
375	162	111	290
368	160	113	292
367	166	112	291
362	164	111	296
358	162	108	303
356	155	96	306
346	155	101	307
326	154	107	316
311	153	123	316
309	155	118	310
311	154	117	314
318	159	125	309
318	163	131	305
329	161	130	309
362	159	109	306
379	155	104	313
393	153	107	314
406	155	133	312
410	164	140	305
419	163	131	303
426	162	122	300
425	163	124	302
417	160	128	309
408	161	131	309
403	156	108	311
392	153	113	317
381	152	111	315
358	156	122	319
343	157	135	319
340	152	123	322
333	150	115	327
332	149	116	327
332	152	116	330
333	148	119	336
337	147	139	337
335	150	117	333
339	146	122	341
344	151	115	346
349	146	121	354
353	142	121	356
355	142	124	358
356	146	125	347
356	145	134	362
359	141	122	362
358	137	128	373
366	136	117	375
372	130	119	385
372	137	125	378
370	136	133	384
374	133	132	386
385	135	121	381
373	138	125	381
369	139	124	380
375	137	125	376
377	136	117	375
366	134	120	375
362	138	135	370
358	143	131	360
374	142	126	352
371	142	123	353
364	142	122	350
358	145	126	348
346	149	125	339
341	148	121	334
342	146	124	340
345	152	115	333
349	158	112	328
350	155	109	329
351	155	110	321
356	152	108	320
352	155	107	318
353	157	104	314
349	159	117	317
354	155	117	318
346	156	127	318
350	160	123	315
351	158	111	314
355	155	107	315
362	158	102	307
360	161	98	304
364	160	92	305
375	162	92	302
373	162	95	303
377	160	102	298
374	160	106	297
376	160	102	298
381	162	97	297
382	162	93	295
384	161	98	294
381	160	99	295
375	161	99	295
371	163	95	296
364	163	101	298
356	158	107	303
347	161	111	297
348	159	102	299
330	165	111	302
323	160	106	303
310	161	113	305
299	157	112	311
296	160	112	311
275	163	118	307
271	166	118	304
260	165	119	306
260	158	118	312
270	151	120	317
273	158	114	311
272	171	108	300
285	174	112	297
288	177	165	295
284	163	195	308
305	159	199	307
343	157	154	313
357	162	146	307
381	165	122	296
388	174	118	289
393	174	112	286
393	169	110	293
386	162	117	296
372	165	131	296
361	164	138	304
342	161	137	305
343	161	103	307
319	159	106	312
308	156	112	316
307	156	104	317
295	157	104	320
296	157	98	316
287	157	103	317
288	161	107	312
291	161	108	314
300	160	106	312
318	158	105	314
323	159	121	311
326	167	155	305
348	169	127	299
376	170	106	299
390	164	101	302
389	164	118	300
394	166	130	298
421	168	119	299
450	162	99	300
462	158	96	309
468	162	127	307
475	168	135	304
489	170	132	304
506	168	121	304
521	163	114	309
523	156	109	313
521	156	112	316
523	169	114	303
521	171	104	301
485	167	128	306
475	165	138	304
462	167	144	300
458	166	119	298
454	166	106	295
451	163	104	298
449	163	98	297
446	167	100	294
455	167	101	295
457	163	108	298
457	162	118	297
462	171	134	286
472	168	132	290
508	167	105	292
536	163	89	294
548	164	105	293
556	165	107	291
568	163	101	292
571	163	107	292
578	162	103	296
575	167	107	289
571	169	110	291
563	168	116	292
558	167	97	292
543	165	100	292
520	166	115	293
497	166	138	299
495	166	116	297
489	165	104	303
467	164	101	303
462	165	100	296
453	168	98	296
444	164	95	294
443	164	93	290
445	165	90	289
445	167	90	290
450	168	90	295
460	164	89	299
464	165	94	296
475	164	100	299
482	161	106	304
486	162	112	301
484	160	119	304
486	159	117	305
488	160	114	309
491	162	109	308
493	158	104	317
493	158	95	319
494	156	86	320
495	154	82	327
491	155	85	334
490	153	90	334
484	152	101	331
478	150	102	341
479	153	104	337
477	156	103	332
473	156	108	330
480	155	107	322
479	160	115	319
483	159	113	313
495	163	110	309
494	163	113	304
503	160	105	305
495	159	104	305
485	161	112	300
476	165	112	296
464	167	111	295
459	168	98	293
448	163	95	294
430	159	112	297
419	164	124	295
401	167	135	291
390	170	133	286
386	169	116	287
385	164	101	291
386	172	97	280
379	173	97	278
370	166	95	286
366	163	90	288
342	164	108	289
333	163	108	293
328	164	113	296
324	160	109	301
318	159	101	306
315	163	102	297
308	164	104	303
297	161	98	309
284	160	92	307
273	160	100	305
249	158	117	310
251	163	114	309
251	159	106	311
244	154	102	315
239	155	118	314
229	163	125	305
230	164	127	304
238	164	130	302
268	162	108	302
271	155	122	310
301	158	111	308
310	163	99	305
313	161	99	297
315	159	108	298
317	162	113	299
333	167	106	296
347	167	102	297
358	168	98	295
368	165	100	295
372	166	106	297
377	170	114	294
390	174	100	289
394	169	106	289
387	167	112	288
395	165	109	289
400	168	103	286
402	170	94	283
402	166	95	284
398	167	100	282
395	170	98	279
392	177	96	265
391	172	99	271
387	171	103	271
386	171	102	270
386	175	98	268
389	173	89	275
383	174	94	276
376	174	96	276
368	172	101	281
356	170	105	290
344	169	108	289
340	170	97	291
328	170	110	291
310	168	125	295
296	170	141	297
294	167	131	301
316	167	116	300
324	165	114	300
336	168	115	300
345	171	137	296
363	165	123	304
381	162	104	303
405	163	102	304
409	165	104	301
416	168	118	298
439	163	108	305
458	158	113	309
471	158	117	308
481	160	118	308
483	163	129	304
504	166	113	300
515	160	111	299
514	162	116	299
524	164	114	299
529	168	108	296
538	169	101	291
545	169	100	285
554	167	108	282
561	172	112	278
561	176	115	271
573	176	104	272
570	170	103	277
561	168	97	276
553	172	103	273
527	177	124	269
520	171	107	275
517	169	91	276
500	165	91	280
489	165	89	280
479	169	90	276
477	169	84	272
474	170	85	268
473	171	84	266
471	173	87	268
473	173	87	274
486	167	85	279
497	166	83	282
499	165	83	284
503	164	86	285
504	165	93	291
504	167	95	293
506	168	97	290
503	169	100	288
504	168	97	289
503	169	96	286
501	168	94	280
495	166	96	282
493	168	91	279
488	168	93	282
482	170	97	275
482	171	93	272
473	167	100	273
466	169	101	272
451	174	107	267
443	176	97	266
433	171	86	272
417	175	91	268
392	176	109	270
374	172	120	274
367	170	109	279
363	170	90	277
353	167	97	279
343	172	106	273
330	173	114	276
312	171	116	276
299	168	103	284
285	165	113	284
281	160	117	288
284	167	102	287
280	167	97	288
276	166	101	288
278	165	97	289
284	170	93	284
284	172	95	280
293	167	97	284
304	164	93	284
302	164	102	286
308	164	119	288
320	169	113	284
335	167	97	284
345	168	99	283
355	167	104	283
373	167	101	281
388	171	90	277
398	172	87	273
412	172	83	274
420	165	90	282
425	172	97	276
433	171	100	276
442	171	95	278
452	168	93	280
462	168	93	280
467	170	96	277
471	168	94	281
475	167	90	281
477	168	87	281
481	166	87	279
486	164	88	283
489	167	89	280
501	166	84	280
511	168	78	277
518	169	82	277
526	171	89	277
529	173	98	273
534	172	93	270
545	170	90	276
545	171	94	274
554	173	88	272
546	171	93	274
545	170	94	276
543	170	92	275
514	170	122	274
539	171	101	269
547	169	89	274
542	169	91	272
535	169	95	272
524	175	103	266
522	173	98	267
522	171	90	267
511	169	84	268
500	169	79	269
488	169	88	269
477	173	94	263
487	172	87	260
470	175	86	257
477	171	84	259
478	167	83	259
477	170	82	257
476	177	82	252
477	182	87	245
473	185	98	251
489	178	86	264
490	172	89	272
496	168	88	277
499	167	86	279
502	168	87	279
505	170	81	276
504	172	84	275
501	169	86	278
502	167	84	280
492	169	90	277
490	170	93	275
468	172	105	271
467	172	100	263
462	173	97	265
461	172	97	265
458	176	92	260
454	175	91	261
454	174	95	260
449	174	95	259
454	176	91	256
459	176	102	256
457	177	101	259
461	176	95	259
464	172	96	270
462	172	102	271
473	170	96	273
471	167	101	277
470	168	103	277
474	168	101	278
478	171	101	279
481	170	102	282
483	170	99	285
484	167	100	292
480	166	98	296
478	164	98	297
