0.495558
0.050012
0.041558
0.029414
0.031247
0.031242
0.031405
0.032125
0.033048
0.031359
0.030794
0.036048
0.048585
0.033901
0.032037
0.033720
0.031914
0.030601
0.030953
0.031496
0.031415
0.039541
0.033056
0.030545
0.030474
0.030762
0.033106
0.034171
0.038599
0.032466
0.032751
0.032982
0.038604
0.041016
0.032630
0.033558
0.033749
0.036848
0.033260
0.032190
0.032548
0.033404
0.031941
0.041317
0.040802
0.033373
0.031732
0.031762
0.031640
0.032685
0.032690
0.034328
0.032964
0.031223
0.032038
0.033579
0.033526
0.032953
0.033647
0.031907
0.033260
0.032539
0.042838
0.035551
0.034303
0.033148
0.034295
0.035340
0.033900
0.032034
0.032413
0.034343
0.033381
0.034300
0.032907
0.032206
0.032012
0.034593
0.033962
0.033425
0.031590
0.032615
0.032028
0.032473
0.032815
0.032611
0.031920
0.031847
0.033289
0.032349
0.032677
0.032916
0.031908
0.033126
0.032526
0.032799
0.032895
0.032821
0.032810
0.032040
