481	129	463	502
447	138	494	528
451	134	473	532
438	130	476	539
435	123	468	544
379	121	501	551
361	131	518	552
344	141	518	531
368	138	502	519
402	129	473	519
391	120	485	542
385	111	490	534
391	104	476	533
401	114	460	541
409	119	462	540
424	122	445	525
411	116	478	540
421	112	489	544
410	115	501	525
429	121	496	495
460	127	490	482
475	134	483	472
483	122	492	479
486	107	506	514
468	92	513	521
476	84	489	519
470	86	492	534
478	116	482	505
464	115	486	521
467	104	473	543
466	103	472	548
471	105	467	536
486	115	449	519
486	135	459	513
480	145	385	465
499	132	467	497
486	124	466	531
482	115	462	540
483	106	460	545
456	122	480	553
458	132	481	556
493	119	455	570
487	111	462	568
478	113	460	565
464	114	476	565
433	117	518	565
421	130	536	567
430	127	528	566
426	131	541	535
486	114	483	554
456	115	516	548
421	120	551	566
468	124	506	556
473	127	512	555
461	125	513	549
467	110	518	573
454	85	510	600
432	105	520	579
423	114	539	564
425	123	545	543
440	63	528	622
443	95	548	593
436	70	542	627
401	98	563	582
415	99	548	592
363	108	586	590
374	108	580	585
413	105	542	592
393	94	566	591
397	88	569	589
