728	427	103	150
728	423	104	153
724	416	101	146
717	414	92	139
691	421	110	130
689	424	113	131
677	420	108	134
663	416	106	144
651	421	95	154
621	430	108	158
598	438	129	153
585	434	142	156
564	438	110	142
554	433	72	146
526	423	74	152
510	419	74	151
485	417	79	145
485	414	71	139
496	415	92	138
498	414	83	140
499	400	92	154
508	401	94	152
521	410	119	145
519	410	132	147
534	395	135	158
563	389	131	159
588	388	130	150
603	394	132	141
630	400	111	134
656	400	87	128
674	398	69	131
673	397	83	132
684	395	76	142
693	393	72	144
713	397	62	157
712	407	66	160
704	417	100	150
705	406	103	159
728	393	72	144
727	383	85	149
727	362	96	163
743	361	94	153
775	372	70	135
791	372	57	131
790	375	59	120
780	370	71	110
756	360	92	122
753	352	85	128
738	341	74	135
711	345	92	132
694	360	103	116
688	353	101	121
691	340	66	141
682	334	62	137
661	342	83	156
661	346	75	145
657	350	74	148
655	348	74	154
648	352	79	152
646	358	78	155
637	366	85	157
638	366	80	155
633	367	84	157
635	371	90	165
640	385	86	161
644	387	85	161
633	382	86	164
620	384	88	164
609	388	93	159
609	384	89	161
608	376	87	157
600	376	93	149
586	387	107	135
584	392	111	131
586	390	113	132
590	383	114	138
596	383	99	135
596	386	104	130
595	385	104	133
595	379	93	138
590	375	85	144
576	380	93	146
569	397	96	139
566	399	101	137
572	389	126	142
599	373	105	148
674	442	99	155
647	366	74	127
651	369	92	132
659	377	86	141
667	374	82	131
671	370	73	123
663	362	81	130
660	355	75	137
649	351	65	149
637	354	77	152
636	361	76	154
640	362	64	155
642	362	54	155
639	364	49	155
637	366	49	155
