0.093511
0.018393
0.017925
0.019480
0.019525
0.019674
0.019593
0.018205
0.019447
0.019483
0.018224
0.019657
0.019476
0.017925
0.019394
0.019594
0.019683
0.019508
0.019372
0.018037
0.021730
0.018327
0.019442
0.019544
0.019348
0.018106
0.019216
0.019494
0.019332
0.019453
0.019590
0.018284
0.018233
0.018162
0.019647
0.018310
0.019614
0.019547
0.021030
0.022413
0.024686
0.018167
0.018191
0.018133
0.019399
0.018250
0.019491
0.018131
0.019533
0.018351
0.018420
0.019543
0.019534
0.018309
0.019435
0.019607
0.018292
0.019774
0.018371
0.016200
0.022156
0.017044
0.017142
0.017001
0.016865
0.019693
0.016223
0.017116
0.017135
0.017269
0.016987
0.016242
0.017143
0.017079
0.017311
0.017193
0.017527
0.017589
0.017629
0.017384
0.021325
0.016742
0.016354
0.016684
0.015862
0.016462
0.017493
0.016301
0.015753
0.016726
