0.088657
0.016044
0.016190
0.017058
0.016088
0.017126
0.017197
0.016916
0.017195
0.017143
0.017183
0.016927
0.017330
0.017165
0.017215
0.017100
0.017155
0.017028
0.018492
0.016920
0.018478
0.017753
0.016025
0.018916
0.019069
0.016122
0.018704
0.017277
0.016971
0.017081
0.017058
0.016246
0.017865
0.017776
0.017872
0.016748
0.017750
0.017806
0.017797
0.016774
0.022728
0.018706
0.018735
0.018970
0.018646
0.018996
0.018835
0.018620
0.018457
0.018661
0.018344
0.018851
0.018355
0.017498
0.017373
0.018843
0.017701
0.017889
0.017229
0.017207
0.022110
0.017259
0.017050
0.016303
0.017483
0.017330
0.017258
0.017428
0.017880
0.017760
0.017790
0.017256
0.017795
0.017989
0.017747
0.017827
0.017691
0.017778
0.017829
0.017756
0.022246
0.017308
0.017351
0.017457
0.017386
0.017179
0.017119
0.017370
0.017446
0.017350
