0.087217
0.016459
0.015898
0.015844
0.015846
0.015711
0.015728
0.016165
0.016213
0.016115
0.016128
0.016017
0.016196
0.019605
0.016064
0.016242
0.016135
0.016106
0.015980
0.015861
0.017939
0.015729
0.015661
0.015683
0.015802
0.015704
0.015602
0.015831
0.016050
0.016037
0.016051
0.007981
0.016013
0.016150
0.015710
0.016449
0.016416
0.016147
0.016284
0.016245
0.008084
0.016181
0.008105
0.007852
0.007878
0.015991
0.016435
0.016519
0.016095
0.016847
0.017138
0.016927
0.017232
0.017024
0.017232
0.016734
0.016571
0.016880
0.015497
0.016801
0.008476
0.008306
0.008334
0.007438
0.007810
0.007369
0.015403
0.008297
0.016356
0.016488
0.016504
0.016690
0.008516
0.008305
0.016601
0.008397
0.008235
0.016446
0.016369
0.016251
0.021139
0.016143
0.016175
0.016213
0.016146
0.018940
0.016115
0.015958
0.018552
0.028091
0.018687
0.015694
0.018484
0.015854
0.015767
0.015827
0.016075
0.016239
0.016407
0.016184
0.021323
