0.092755
0.027035
0.026732
0.027894
0.027039
0.026958
0.026831
0.029954
0.029928
0.030362
0.030053
0.030079
0.030026
0.030200
0.030089
0.029815
0.029885
0.030447
0.030156
0.031296
0.029310
0.026973
0.027028
0.027078
0.026933
0.026820
0.028147
0.026837
0.027199
0.027405
0.027150
0.027085
0.027118
0.027184
0.026960
0.027019
0.027042
0.027027
0.027148
0.027187
0.032113
0.027017
0.027068
0.026992
0.027185
0.027114
0.026844
0.027230
0.027216
0.027176
0.026963
0.027197
0.026959
0.027040
0.027011
0.029961
0.030272
0.030086
0.029890
0.027081
0.032874
0.028318
0.027082
0.030030
0.027322
0.027164
0.026997
0.027255
0.027107
0.027192
0.027402
0.027491
0.027289
0.027420
0.027129
0.027542
0.027662
0.027129
0.025548
0.027467
0.032427
0.027181
0.027277
0.027477
0.027017
0.027277
0.027276
0.027330
0.027421
0.027226
0.027198
0.027544
0.027309
0.027215
0.027202
0.026910
0.027006
0.027357
0.026901
0.027027
