432	280	44	57
427	273	46	64
421	271	49	66
424	274	44	63
420	276	38	64
417	277	40	60
415	275	44	61
413	273	44	63
409	273	43	62
406	273	41	63
404	272	42	62
404	271	44	63
397	274	53	61
394	271	57	64
391	274	55	60
390	277	50	62
392	276	47	60
387	275	48	68
388	274	57	67
376	272	65	67
373	270	57	70
380	274	57	64
372	271	65	69
384	266	55	71
379	268	63	73
377	270	64	73
373	274	60	66
384	270	61	65
373	272	67	67
365	267	71	67
365	272	57	64
372	269	69	68
369	269	72	70
371	270	73	68
366	271	74	66
364	268	81	71
368	269	72	70
367	267	59	73
363	266	50	78
365	265	50	86
373	266	55	80
362	268	62	81
360	262	52	90
361	263	50	89
358	265	50	88
360	268	46	86
361	270	53	82
357	270	58	82
358	270	57	81
356	269	58	82
359	267	56	83
355	270	57	85
354	277	55	74
356	268	46	84
352	274	61	78
353	273	59	77
349	273	64	81
349	274	57	78
347	275	62	79
351	277	58	75
350	278	60	74
349	276	63	77
349	275	55	83
352	276	45	78
352	279	43	74
354	278	40	77
352	273	45	80
350	273	47	81
351	273	48	82
348	272	49	81
349	274	42	82
348	272	40	85
347	275	47	81
348	275	52	81
348	277	55	77
345	278	54	80
338	274	65	82
331	279	73	80
325	279	77	76
324	281	75	81
328	273	69	91
325	277	68	88
322	276	64	86
320	281	56	84
318	289	51	76
321	284	50	85
321	281	57	86
317	279	57	84
315	283	56	84
310	292	65	76
306	288	63	76
301	289	66	79
296	288	67	80
297	283	61	86
295	286	61	86
286	283	71	89
274	285	80	86
272	285	79	90
273	279	70	97
270	280	76	93
276	279	71	94
