0.084492
0.016607
0.016378
0.015403
0.015464
0.016141
0.018099
0.016279
0.016192
0.018060
0.017942
0.018122
0.021399
0.015981
0.017356
0.017448
0.016124
0.016127
0.015940
0.015934
0.018174
0.016224
0.016221
0.015940
0.025603
0.016158
0.025689
0.016129
0.015970
0.016072
0.018934
0.015948
0.015668
0.015747
0.020050
0.018711
0.025285
0.015977
0.018846
0.020679
0.018848
0.018899
0.015797
0.018805
0.018818
0.016100
0.016017
0.018998
0.016132
0.025666
0.018811
0.020952
0.019273
0.016463
0.016377
0.018248
0.019141
0.019100
0.025958
0.019685
0.021379
0.016517
0.015790
0.016117
0.018443
0.019299
0.016468
0.019342
0.019207
0.016654
0.016390
0.019193
0.017733
0.016471
0.019957
0.015508
0.015848
0.015806
0.024984
0.018713
0.018754
0.015879
0.016050
0.015881
0.022876
0.016211
0.015783
0.015746
0.025223
0.015958
0.015887
0.015870
0.015754
0.015769
0.015960
0.018481
0.018919
0.017372
0.016782
0.016737
