586	439	87	68
593	441	86	68
597	444	86	65
604	447	84	62
606	447	82	61
600	445	83	61
601	445	84	62
591	442	90	62
593	441	83	62
588	436	85	64
584	435	86	66
572	431	102	64
562	431	116	64
559	429	113	69
556	427	111	71
549	424	113	74
553	427	108	67
549	423	105	68
549	420	100	67
555	416	86	61
553	414	89	63
548	410	85	64
548	411	82	63
546	409	82	66
547	405	79	68
544	401	84	70
544	401	83	67
545	398	85	67
549	394	85	68
556	389	84	70
554	389	82	68
558	379	83	72
561	380	81	68
566	374	84	71
566	371	87	75
570	360	87	80
581	362	84	74
589	357	84	79
596	356	86	74
609	347	83	79
615	349	84	73
622	342	82	77
628	338	79	79
633	343	83	76
635	341	84	77
643	344	82	76
645	348	86	74
651	347	88	74
659	350	88	75
667	354	87	74
665	357	91	74
664	363	93	72
668	364	87	72
667	368	80	71
666	368	79	74
661	376	77	67
659	377	76	68
649	378	83	73
651	381	81	72
648	385	78	74
644	388	78	72
637	389	82	79
630	399	83	75
624	401	83	77
623	408	81	68
620	409	78	72
618	412	79	70
614	417	80	69
613	424	76	58
609	419	81	67
607	418	80	68
603	417	82	66
598	416	87	65
592	404	87	71
587	403	92	69
581	396	94	74
583	395	89	72
582	390	85	73
580	387	88	78
584	383	83	76
582	384	83	74
579	384	84	72
582	383	82	72
582	379	85	75
582	380	86	74
584	372	84	76
584	369	87	75
583	366	85	71
586	359	85	76
589	353	83	73
585	352	83	75
589	347	84	74
592	348	79	71
592	348	84	69
590	345	83	70
587	338	85	70
586	338	85	73
581	328	86	75
578	326	88	72
578	317	92	73
