0.092139
0.015781
0.016908
0.015652
0.016670
0.015667
0.015546
0.015480
0.015612
0.016694
0.015626
0.016580
0.016859
0.015681
0.016649
0.015800
0.015940
0.015782
0.016687
0.015722
0.019132
0.015889
0.015788
0.016757
0.017013
0.015804
0.016013
0.016973
0.016827
0.018655
0.016568
0.018729
0.015850
0.018679
0.019874
0.015838
0.016837
0.016901
0.016798
0.015984
0.020651
0.015694
0.015715
0.015769
0.015762
0.016999
0.015786
0.016917
0.015931
0.015798
0.016759
0.015713
0.015612
0.017284
0.017108
0.016248
0.017223
0.017172
0.015795
0.016130
0.022193
0.016085
0.017111
0.015839
0.016655
0.015813
0.017043
0.016050
0.017264
0.017150
0.016959
0.016141
0.015995
0.016020
0.016143
0.015857
0.015947
0.015798
0.015748
0.016475
