0.092685
0.017945
0.016016
0.015918
0.015936
0.015924
0.015570
0.015705
0.016754
0.015656
0.015752
0.016823
0.015894
0.015698
0.015635
0.015555
0.015567
0.015343
0.015433
0.015615
0.017904
0.015832
0.016836
0.015858
0.015732
0.015802
0.015836
0.016805
0.015878
0.015860
0.015778
0.015670
0.016632
0.016668
0.015738
0.015687
0.015725
0.015789
0.015915
0.015881
0.020901
0.016532
0.016576
0.016743
0.016745
0.015742
0.015735
0.015699
0.015750
0.016605
0.015580
0.015633
0.015655
0.015662
0.016850
0.015633
0.015580
0.015599
0.015756
0.016667
0.020750
0.015609
0.015610
0.016770
0.016806
0.015789
0.016669
0.016802
0.015614
0.015718
0.015433
0.015549
0.015700
0.015473
0.016373
0.015862
0.016598
0.015423
0.016644
0.016508
0.020489
0.015483
0.016614
0.015521
0.015467
0.015542
0.015656
0.016724
0.015399
0.015442
