0.087550
0.017213
0.016824
0.016858
0.016923
0.016859
0.016797
0.016824
0.016807
0.016887
0.016872
0.017907
0.016948
0.017828
0.017873
0.017834
0.017037
0.018110
0.016984
0.017669
0.018993
0.016929
0.017093
0.019632
0.018750
0.018588
0.018724
0.018741
0.018459
0.019855
0.017312
0.018534
0.021585
0.021483
0.021693
0.018554
0.018521
0.018617
0.017559
0.018654
0.022893
0.018845
0.021432
0.017342
0.020123
0.021301
0.018635
0.019077
0.019189
0.019197
0.019018
0.018853
0.018575
0.018514
0.017429
0.020479
0.017630
0.018796
0.018810
0.018755
0.023822
0.018898
0.018874
0.018732
0.018862
0.020263
0.017450
0.020345
0.020380
0.020293
0.020387
0.021582
0.021463
0.018828
0.021427
0.018784
0.018857
0.021380
0.021612
0.018647
0.023553
0.018808
0.019017
0.017730
0.018743
0.018743
0.018758
0.018823
0.020558
0.017616
0.017537
0.017694
0.018670
0.018479
0.018521
0.018594
0.017197
0.018300
0.018529
0.017291
0.022115
0.018430
0.017525
0.018488
0.017345
0.018587
0.018640
0.018486
0.017406
0.017403
0.021253
