573	415	63	164
574	424	66	160
576	417	68	164
576	423	69	158
574	411	73	169
575	407	78	181
583	414	79	182
588	409	81	182
598	417	77	179
611	406	65	186
611	403	69	196
612	410	72	194
602	427	84	190
609	426	82	187
621	417	76	195
629	408	76	200
631	421	85	197
626	426	92	185
622	426	92	192
615	427	94	199
590	424	114	207
575	413	116	217
560	405	103	221
555	408	97	217
516	428	126	204
520	434	95	202
521	432	93	204
525	427	95	202
533	437	105	184
547	432	98	190
567	420	95	197
577	419	99	199
580	418	127	195
598	428	121	181
622	428	96	177
618	424	96	178
618	423	97	173
605	423	116	170
606	420	106	177
605	429	106	168
609	426	105	167
611	431	106	164
619	428	98	165
618	430	100	166
633	428	84	163
636	432	80	165
633	433	84	165
632	438	83	155
631	440	81	159
629	443	91	154
632	448	90	150
631	453	97	146
635	456	98	143
635	460	100	137
646	470	98	126
652	461	106	134
674	443	100	152
685	446	102	145
701	454	110	134
705	451	109	139
711	442	98	149
709	435	86	154
710	425	83	162
712	436	74	149
717	438	65	153
715	437	71	147
711	440	69	138
706	439	72	143
700	432	76	149
699	425	74	158
702	416	73	166
702	408	71	181
703	416	72	173
708	414	65	183
706	409	70	187
708	412	73	184
714	412	79	187
713	405	86	191
717	410	92	190
718	416	96	189
714	416	100	189
711	422	101	185
706	418	94	183
705	415	81	190
702	414	76	192
698	420	79	185
690	419	79	186
680	420	87	189
668	426	97	188
664	423	97	185
665	421	78	194
664	415	82	195
663	416	85	199
662	413	88	198
661	419	89	195
665	416	86	201
666	420	89	196
668	422	91	191
668	423	102	187
673	435	97	182
666	438	100	179
655	438	97	186
614	439	103	184
581	435	131	188
515	447	158	175
685	460	116	205
698	434	95	213
472	428	102	199
476	457	97	176
482	448	88	186
500	450	72	201
499	454	81	201
492	450	95	199
507	443	94	210
519	422	113	229
526	414	108	237
542	432	99	218
564	418	84	227
575	416	88	227
584	428	85	212
584	420	86	219
587	423	83	203
577	417	104	199
579	425	107	193
583	429	103	177
592	441	88	164
591	431	87	171
600	438	81	169
611	431	66	171
608	424	72	181
615	420	68	193
615	424	76	194
623	423	78	200
627	432	81	191
631	439	79	200
642	443	65	212
644	446	68	212
642	434	79	227
652	426	97	235
657	430	110	237
675	449	104	227
678	436	104	237
676	423	93	239
684	426	82	227
671	439	95	219
657	442	94	213
643	431	89	216
641	429	82	213
627	434	101	213
621	436	123	208
622	426	120	216
