0.090256
0.015708
0.016395
0.015429
0.016467
0.016511
0.018119
0.016222
0.016037
0.017161
0.016590
0.016348
0.016485
0.016129
0.017958
0.016399
0.016415
0.016291
0.018989
0.016218
0.018861
0.016361
0.016310
0.016224
0.016193
0.016371
0.016641
0.018005
0.016926
0.016387
0.015829
0.018147
0.016315
0.025886
0.016586
0.016515
0.018908
0.021935
0.016200
0.016564
0.022103
0.016157
0.016360
0.016103
0.016587
0.016747
0.016522
0.016561
0.016257
0.019090
0.016377
0.015740
0.016071
0.024169
0.015773
0.015892
0.016248
0.015846
0.016230
0.016457
0.007864
0.007852
0.015922
0.015769
0.015921
0.018698
0.016063
0.020335
0.016334
0.019133
0.016233
0.016311
0.016579
0.016475
0.016378
0.016511
0.016852
0.017592
0.017782
0.018889
0.008079
0.008210
0.007951
0.008134
0.016111
0.015884
0.024832
0.016293
0.016617
0.017360
0.016260
0.016384
0.016412
0.016090
0.016084
0.017421
0.016280
0.015323
0.015280
0.016202
