0.087775
0.016060
0.015823
0.017555
0.016516
0.016414
0.017501
0.017465
0.016179
0.017332
0.017318
0.016749
0.016786
0.016649
0.016652
0.015952
0.016201
0.016316
0.016443
0.016789
0.020126
0.016610
0.017432
0.016750
0.015774
0.016512
0.016524
0.017599
0.017641
0.017404
0.016337
0.017403
0.016512
0.017227
0.016162
0.017213
0.016491
0.016634
0.017714
0.017561
0.022824
0.016350
0.016684
0.015809
0.016949
0.017025
0.015940
0.015830
0.017592
0.016355
0.016827
0.015851
0.016831
0.016484
0.017611
0.017789
0.016577
0.017357
0.017562
0.017505
0.022647
0.017654
0.016464
0.017386
0.017507
0.016466
0.015987
0.017082
0.015847
0.016555
0.016329
0.016701
0.016428
0.016716
0.016515
0.018062
0.017690
0.016448
0.017629
0.016253
0.022556
0.016358
0.016333
0.016218
0.017775
0.017695
0.017613
0.017558
0.017857
0.017809
0.017882
0.015870
0.016044
0.015831
0.017184
0.016475
0.017612
0.016962
0.016465
0.017406
0.021605
0.017579
0.016868
0.015759
0.015909
0.015994
0.016975
0.015890
0.015753
0.015877
0.015925
0.015913
0.015829
0.015947
0.016761
0.015707
0.016562
0.016776
0.016319
0.016523
0.022668
0.016667
0.017628
0.017149
0.042204
0.017698
0.017043
0.016109
0.016955
0.015792
0.025784
0.016087
0.016796
0.016886
0.016883
0.015932
0.016142
0.015527
0.016867
0.016014
0.020799
0.015902
0.016899
0.015943
0.016925
0.015901
0.016595
0.015623
0.016462
0.015578
0.015349
0.016321
0.015561
0.016168
0.017678
0.017213
0.017149
0.017268
0.016078
0.017018
0.021121
0.017120
0.016606
0.016539
0.015542
0.015457
0.016126
0.016552
0.015616
0.016671
0.015670
0.015559
0.016501
0.016268
0.017370
0.016755
0.017252
0.017403
0.017359
0.017135
0.022154
0.017393
0.016104
0.017195
0.017154
0.017143
0.016231
0.017294
0.015709
0.015792
0.017581
0.016232
0.017335
0.017432
0.016477
0.016616
0.016759
0.016150
0.016548
0.015442
0.021143
0.016057
0.017578
0.017382
0.016601
0.015809
0.015682
0.015549
0.017189
0.016586
0.027266
0.017449
0.016530
0.017359
0.015504
0.015613
0.016496
0.016574
0.016841
0.015596
0.021476
0.016756
0.016615
0.015918
0.016747
0.015545
0.016685
0.016700
0.015595
0.016662
0.015384
0.016514
0.017353
0.016785
0.015725
0.015598
0.016587
0.015649
0.017406
0.016296
0.021605
0.016792
0.015491
0.016547
0.016494
0.016411
0.016702
0.015727
0.016840
0.016659
0.016735
0.015502
0.015437
0.016563
0.015590
0.016622
0.015692
0.016464
0.015386
0.016671
0.020634
0.015665
0.016370
0.017488
0.016789
0.017471
0.017762
0.016352
0.017249
0.016410
0.016334
0.017108
0.016325
0.017308
0.016218
0.017290
0.016218
0.016154
0.017283
0.016320
0.022403
0.017448
0.017356
0.016402
0.017406
0.017407
0.017329
0.017212
0.017553
0.017399
0.017475
0.017544
0.017112
0.017209
0.016194
0.016134
0.017552
0.016291
0.017913
0.017368
0.021255
0.017386
0.016192
0.017126
0.016050
0.017242
0.016165
0.016612
0.016515
0.016289
0.017236
0.017401
0.017627
0.016271
0.017442
0.017325
0.017321
0.017348
0.017435
0.016750
0.022570
0.016310
0.017520
0.016861
0.017090
0.016836
0.016060
0.015986
0.016839
0.015944
0.016537
0.016358
0.016465
0.017453
0.017809
0.017446
0.017444
0.016407
0.016650
0.017014
0.022053
0.017032
0.017874
0.017720
0.016738
0.017547
0.016379
0.017422
0.017868
0.017922
0.016518
0.017450
0.016543
0.017653
0.016704
0.016861
0.016870
0.016540
0.017818
0.016387
0.022851
0.017594
0.017557
0.017509
0.017512
0.016450
0.016418
0.017574
0.016349
0.017452
0.017429
0.016425
0.017487
0.017652
0.016613
0.017485
0.017466
0.017656
0.016401
0.016347
0.021351
0.017481
0.017415
0.016315
0.017436
0.017346
0.017714
0.017632
0.017541
0.017580
0.017742
0.017494
0.016512
0.017699
0.017770
0.016400
0.016920
0.016572
0.016332
0.016594
0.021492
0.016609
0.017607
0.017710
0.016439
0.017387
0.016499
0.017422
0.016420
0.017550
0.017595
0.016484
0.017534
0.016443
0.017360
0.017509
0.017521
0.017574
0.016656
0.017576
0.022640
0.016277
0.016085
0.017800
0.017872
0.017043
0.016992
0.017111
0.016962
0.016991
0.016438
0.016800
0.016518
0.017165
0.016164
0.017220
0.016255
0.016178
0.017202
0.016866
0.022388
0.016291
0.016288
0.017329
0.017288
0.016268
0.017297
0.015980
0.017215
0.017543
0.017337
0.015876
0.016035
0.016166
0.015787
0.015769
0.015999
0.015908
0.017085
0.015779
0.021917
0.015878
0.017028
0.015938
0.016887
0.017372
0.016028
0.015885
0.015805
0.016231
0.017115
0.015946
0.017428
0.016384
0.016917
0.015915
0.015935
0.017322
0.016250
0.015836
0.021363
0.016110
0.017418
0.016000
0.016070
0.016840
0.016928
0.015936
0.017200
0.016104
0.016895
0.015914
0.016869
0.015869
0.015927
0.015753
0.016137
0.016021
0.017293
0.016243
0.021314
0.016218
0.017223
0.016353
0.016134
0.017073
0.017197
0.017134
0.016028
0.017154
0.017228
0.016221
0.016165
0.016731
0.017036
0.016112
0.016616
0.017091
0.017192
0.016054
0.021161
0.016075
0.016123
0.016066
0.016043
0.016110
0.016068
0.016243
0.016323
0.017298
0.017017
0.016038
0.016052
0.016141
0.016261
0.015625
0.015944
0.015616
0.016741
0.016734
0.021877
0.015725
0.016761
0.015733
0.015846
0.015906
0.015689
0.017383
0.016245
0.016273
0.016405
0.016124
0.016225
0.015691
0.016152
0.016297
0.016233
0.016922
0.015854
0.016290
0.021251
0.016188
0.017193
0.016209
0.016258
0.016279
0.016226
0.016260
0.017087
0.017427
0.017067
0.015803
0.016840
0.016150
0.015878
0.016703
0.015788
0.015845
0.016980
0.016103
0.022296
0.015847
0.016005
0.015756
0.016239
0.015862
0.017198
0.016006
0.016667
0.015795
0.015842
0.015855
0.016963
0.015901
0.016981
0.015849
0.015934
0.016259
0.017511
0.015865
0.021815
0.015851
0.016881
0.016779
0.017310
0.015850
0.017055
0.015970
0.016211
0.016193
0.017456
0.015930
0.016981
0.016832
0.017166
0.015929
0.015914
0.015855
0.015889
0.017064
0.021985
0.017011
0.015867
0.015941
0.015975
0.015966
0.017003
0.016906
0.017050
0.016017
0.017104
0.015874
0.015896
0.015768
0.017260
0.015897
0.016845
0.015963
0.016818
0.016345
0.020924
0.015903
0.015936
0.015837
0.016115
0.016299
0.016911
0.015924
0.015929
0.015923
0.015924
0.017313
0.017254
0.016189
0.015904
0.017389
0.016134
0.017091
0.016099
0.016096
0.022247
0.016368
0.016084
0.016349
0.016883
0.016256
0.017442
0.017232
0.017615
0.016180
0.016161
0.015785
0.015857
0.015917
0.016826
0.015828
0.016965
0.016027
0.015923
0.017013
0.020986
0.015995
0.016070
0.015860
0.016910
0.016070
0.017960
0.016019
0.016020
0.015917
0.015999
0.015933
0.016049
0.015913
0.016198
0.015826
0.015793
0.016336
0.015980
0.015908
0.020953
0.015985
0.016061
0.015976
0.016217
0.017247
0.016150
0.016748
0.016085
0.015894
0.015903
0.016309
0.015912
0.015773
0.016020
0.015913
0.016356
0.016257
0.016004
0.015826
0.021871
0.015954
0.015887
0.016074
0.015949
0.015946
0.015983
0.015996
0.015920
0.015898
0.017124
0.015984
0.016926
0.015979
0.016018
0.015911
0.015874
0.015988
0.017052
0.015890
0.021980
