0.083854
0.016457
0.016320
0.016189
0.016175
0.016074
0.016205
0.015242
0.016177
0.016348
0.016139
0.016239
0.016145
0.016221
0.016289
0.016473
0.016367
0.016474
0.016406
0.016440
0.018696
0.016344
0.016531
0.016375
0.016465
0.016430
0.016328
0.016311
0.015310
0.016352
0.016441
0.016328
0.016488
0.016452
0.016436
0.016394
0.016299
0.015568
0.015434
0.016553
0.021414
0.015399
0.016211
0.015296
0.016312
0.016326
0.016330
0.016421
0.016532
0.016213
0.016285
0.016375
0.016412
0.016395
0.016363
0.016324
0.016337
0.016214
0.016356
0.016350
0.020287
0.016504
0.016493
0.016400
0.016539
0.016244
0.016399
0.016329
0.016442
0.016228
0.016258
0.016078
0.016339
0.016188
0.016216
0.016219
0.016325
0.016179
0.016382
0.016309
0.021281
0.016220
0.016420
0.016278
0.016383
0.016465
0.016230
0.016292
0.016170
0.016154
0.016238
0.016282
0.016346
0.016306
0.016390
0.016298
0.016217
0.016238
0.016152
0.016253
0.021297
