0.096626
0.017996
0.017435
0.017422
0.017420
0.017363
0.016434
0.016409
0.017782
0.017270
0.017014
0.020522
0.016762
0.016752
0.017023
0.016979
0.017120
0.017195
0.018397
0.018348
0.018110
0.017862
0.016555
0.017424
0.018217
0.018174
0.018150
0.027893
0.018373
0.019550
0.019232
0.016447
0.016242
0.016106
0.017847
0.016212
0.016130
0.016171
0.015165
0.016393
0.021368
0.016369
0.016342
0.016294
0.016446
0.018662
0.016429
0.015728
0.016529
0.017303
0.018134
0.016432
0.016459
0.016356
0.019141
0.016358
0.016497
0.016335
0.025705
0.016429
0.021493
0.016530
0.016425
0.025989
0.016381
0.016467
0.016491
0.016548
0.016395
0.016522
0.016404
0.016530
0.016408
0.016483
0.018447
0.016631
0.016423
0.016433
0.016713
0.026284
0.021569
0.016713
0.016747
0.026171
0.016647
0.018200
0.016531
0.016592
0.016497
0.016513
0.015861
0.016613
0.016560
0.016708
0.017682
0.016673
0.016492
0.016682
0.016662
0.015922
0.020870
0.015818
0.015523
0.018404
0.016592
0.016501
0.016521
0.016671
0.016620
0.026062
0.016578
0.017561
0.016527
0.016588
0.016592
0.016571
0.016496
0.016575
0.016538
0.019463
0.021452
0.016632
0.016497
0.016476
0.016443
0.022958
0.017517
0.016665
0.016546
0.026090
0.016711
0.016493
0.016515
0.016631
0.016613
0.026068
0.016598
0.016553
0.016592
0.016639
0.021559
0.016620
0.017161
0.026176
0.016518
0.016645
0.016521
0.016503
0.016562
0.016599
0.016756
0.016989
0.016659
0.016482
0.016618
0.016684
0.016581
0.018435
0.016207
0.016177
0.030296
0.016196
0.016085
0.016974
0.017085
0.016940
0.016711
0.016975
0.016905
0.016989
0.016865
0.017038
0.016968
0.017104
0.017137
0.017258
0.017250
0.017061
0.016935
0.017076
0.021895
0.016295
0.016897
0.016858
0.016937
0.017071
0.016879
0.016804
0.016967
0.017160
0.017015
0.017018
0.017041
0.017034
0.017388
0.017909
0.017059
0.018572
0.017313
0.017577
0.022475
0.017214
0.017637
0.017656
0.017721
0.017533
0.017644
0.017483
0.017566
0.017893
0.018145
0.018139
0.017605
0.017718
0.017672
0.016376
0.017356
0.017293
0.016906
0.017720
0.022627
0.017785
0.017501
0.018038
0.017949
0.017951
0.017880
0.017980
0.017392
0.017242
0.027202
0.017511
0.017341
0.017408
0.017549
0.017064
0.017280
0.017041
0.017205
0.017749
0.022607
0.017659
0.016127
0.015992
0.016072
0.016351
0.016129
0.016200
0.016262
0.016489
0.016067
