302	105	76	291
301	108	73	295
298	106	77	282
299	101	75	287
300	103	75	269
300	103	70	259
296	91	74	267
295	92	72	259
292	86	72	262
295	80	70	275
289	62	76	294
290	53	74	308
291	54	70	297
287	31	84	277
292	46	72	268
292	40	81	269
294	53	73	270
293	41	82	276
296	44	73	275
295	35	72	288
294	36	71	283
293	33	70	293
293	18	68	307
293	18	67	314
295	16	63	320
295	29	63	306
290	32	72	296
292	35	73	291
293	46	76	277
291	45	76	272
291	47	72	291
294	51	69	291
290	56	92	274
287	52	89	269
288	50	85	271
289	42	72	278
289	36	73	289
289	34	76	295
290	31	71	293
293	30	66	283
294	19	63	292
289	15	67	292
289	16	70	273
285	19	74	270
280	33	77	258
277	39	81	268
272	45	88	280
266	46	92	281
263	54	91	292
257	59	95	297
250	74	104	289
250	74	103	289
243	74	112	289
240	65	113	308
242	63	109	291
239	54	107	298
228	41	121	300
224	27	123	316
221	22	124	331
217	43	134	316
211	50	131	318
213	49	127	321
217	65	130	319
213	67	141	315
217	75	139	319
223	82	132	299
224	100	129	273
224	109	132	255
218	117	138	227
221	127	132	211
220	133	129	209
214	137	140	206
209	142	134	218
210	151	140	214
205	163	136	213
199	175	140	209
194	185	146	209
192	190	151	206
188	204	139	196
188	203	140	202
181	197	147	201
181	201	143	198
170	192	142	208
175	195	133	201
169	202	135	196
163	197	136	199
151	185	143	215
149	193	142	204
147	188	136	212
142	176	136	224
144	188	136	213
145	193	134	206
141	187	126	211
141	189	128	203
130	185	135	208
126	177	138	214
114	179	145	207
119	185	142	202
116	176	132	221
120	183	125	205
117	181	126	206
