0.089548
0.019972
0.017906
0.019199
0.019176
0.019127
0.019392
0.019431
0.019301
0.017983
0.017955
0.019256
0.019513
0.019668
0.018228
0.019391
0.018996
0.019075
0.019035
0.017650
0.021146
0.018288
0.019273
0.018054
0.017869
0.010797
0.010554
0.018827
0.010898
0.009810
0.009662
0.011009
0.018304
0.019284
0.009877
0.011056
0.010702
0.009537
0.010838
0.017803
0.024039
0.019259
0.019032
0.021672
0.021949
0.020713
0.021724
0.018719
0.017510
0.018780
0.017695
0.017763
0.019042
0.017533
0.018518
0.018852
0.019619
0.021972
0.019830
0.021699
0.022484
0.018895
0.019195
0.018104
0.017760
0.019072
0.018084
0.017850
0.020941
0.022103
0.018177
0.011036
0.022374
0.019095
0.017959
0.019569
0.018185
0.019383
0.019696
0.018351
0.024427
0.019594
0.018357
0.019382
0.018237
0.019526
0.019480
0.019897
0.020687
0.018910
0.018105
0.017073
0.016069
0.021178
0.017841
0.020934
0.019514
0.017025
0.019738
0.016052
