488	112	424	467
486	120	429	450
468	136	446	433
452	137	457	432
491	139	418	423
531	138	399	429
490	121	439	450
503	122	411	453
483	126	426	454
493	140	410	454
476	144	411	445
464	128	413	443
461	122	391	455
421	128	423	479
437	135	407	467
406	147	439	447
424	138	425	445
422	139	435	432
412	126	442	451
414	125	442	466
414	123	423	475
441	124	382	450
431	128	386	443
449	122	372	446
437	119	404	449
449	126	419	463
453	122	430	464
450	134	458	436
458	145	467	419
496	131	429	427
504	135	442	417
517	130	427	442
504	120	452	446
495	124	457	467
482	123	456	431
477	131	456	439
486	134	426	440
464	118	443	457
457	109	453	483
479	117	435	482
484	137	429	455
498	147	409	446
490	148	431	440
502	141	440	432
505	137	452	468
516	140	419	453
498	130	428	464
513	149	403	433
507	148	405	447
514	135	383	446
501	126	401	469
508	125	406	476
524	128	387	473
481	142	434	447
476	148	447	457
458	141	458	457
478	144	443	444
561	121	381	471
505	126	438	474
463	124	481	486
471	126	483	506
491	136	449	499
487	124	454	497
512	122	432	515
514	122	438	503
492	119	440	512
527	128	412	518
493	135	451	513
462	137	497	472
477	125	487	493
501	129	463	506
456	101	494	551
458	110	478	514
433	115	498	519
437	126	489	499
464	120	456	515
415	102	518	556
388	108	558	532
397	86	568	587
412	98	551	570
377	98	610	530
419	98	580	577
476	101	532	523
468	93	539	563
471	89	509	516
458	84	535	545
457	85	541	540
446	93	555	546
458	92	536	511
434	83	562	547
416	82	587	548
405	83	588	551
408	91	576	558
417	103	581	542
401	112	591	502
441	106	574	530
441	105	548	536
423	105	565	510
425	93	557	522
427	94	561	520
