0.088097
0.019650
0.018154
0.017220
0.017074
0.017126
0.017860
0.017143
0.020050
0.017046
0.017114
0.017127
0.009024
0.019807
0.018101
0.017896
0.016980
0.017910
0.016939
0.017071
0.019233
0.017025
0.016995
0.017826
0.017911
0.017862
0.017135
0.017924
0.018637
0.017874
0.017977
0.017828
0.017068
0.017934
0.017023
0.017771
0.016914
0.018169
0.017968
0.021064
0.023137
0.017126
0.018006
0.017086
0.017865
0.019909
0.018035
0.017279
0.017115
0.017972
0.018044
0.017283
0.021061
0.017154
0.017843
0.020002
0.018106
0.018154
0.018046
0.017101
0.022171
0.017223
0.017938
0.018247
0.017075
0.018031
0.017085
0.017879
0.018121
0.017030
0.017930
0.017031
0.017106
0.017003
0.017155
0.018142
0.018196
0.017056
0.017064
0.019847
0.022016
