0.089330
0.017003
0.016492
0.016495
0.019317
0.016391
0.016385
0.016357
0.016420
0.016405
0.016201
0.016241
0.016253
0.016313
0.017757
0.016741
0.016426
0.017716
0.016229
0.016294
0.018643
0.016362
0.016333
0.016232
0.016285
0.016286
0.017776
0.017916
0.017945
0.016379
0.019199
0.018497
0.016368
0.016424
0.016438
0.016516
0.016477
0.016485
0.016528
0.016592
0.021659
0.016705
0.016684
0.026106
0.016634
0.016689
0.016730
0.016758
0.016531
0.016655
0.016533
0.016551
0.017701
0.016630
0.016619
0.016738
0.016630
0.016791
0.016538
0.016689
0.031221
0.016816
0.016999
0.016997
0.016775
0.016836
0.016960
0.020017
0.017524
0.017625
0.009023
0.008770
0.008729
0.008618
0.007193
0.008046
0.007532
0.008069
0.016220
0.016206
0.021061
0.015974
0.015843
0.016807
0.016816
0.016824
0.016818
0.016810
0.016822
0.017304
0.016835
0.016798
0.016831
0.016774
0.016747
0.016875
0.008609
0.008311
0.008363
0.008370
0.008286
