0.089443
0.019418
0.017813
0.017687
0.017598
0.017510
0.018698
0.018733
0.018739
0.017710
0.017717
0.018796
0.017878
0.017765
0.017550
0.017690
0.018961
0.017740
0.017738
0.017745
0.019756
0.017630
0.017609
0.017601
0.017517
0.017601
0.017591
0.017422
0.017557
0.017669
0.017402
0.017352
0.017321
0.017341
0.017385
0.017475
0.018851
0.017462
0.017610
0.017664
0.022542
0.017623
0.017518
0.018752
0.017759
0.017733
0.017678
0.017763
0.017669
0.017553
0.017222
0.017452
0.017390
0.017331
0.018209
0.018300
0.018216
0.018186
0.017296
0.017189
0.022134
0.019988
0.021221
0.021246
0.021185
0.018233
0.018141
0.021112
0.017150
0.017060
0.017152
0.017153
0.017136
0.019837
0.017139
0.018281
0.018186
0.020194
0.018426
0.017402
0.022210
0.017202
0.017249
0.017244
0.017356
0.017355
0.017310
0.017273
0.017304
0.017354
0.017296
0.017377
0.017235
0.017213
0.017275
0.017380
0.018243
0.017287
0.018380
0.017391
