0.084224
0.015699
0.015606
0.016598
0.016432
0.015622
0.016427
0.016528
0.016657
0.016366
0.015722
0.016555
0.015593
0.016506
0.016454
0.015624
0.016620
0.015672
0.015669
0.016565
0.018757
0.015648
0.016577
0.015529
0.016423
0.015828
0.016643
0.017694
0.016689
0.015606
0.016398
0.015589
0.015618
0.016732
0.017115
0.015747
0.015711
0.015865
0.016838
0.015597
0.021490
0.015526
0.016565
0.015616
0.016534
0.015585
0.016543
0.016525
0.016632
0.015555
0.016746
0.016584
0.016543
0.015475
0.015478
0.016609
0.016507
0.016511
0.015524
0.015470
0.021530
0.016539
0.016411
0.016523
0.016568
0.015458
0.016368
0.015380
0.015693
0.016427
