0.084300
0.016413
0.017158
0.016006
0.016963
0.016020
0.015917
0.016002
0.016025
0.016727
0.015831
0.015890
0.016029
0.015850
0.015951
0.015882
0.017087
0.016077
0.016006
0.016932
0.018369
0.015964
0.016057
0.015720
0.016098
0.015917
0.017227
0.017200
0.017253
0.015980
0.016931
0.016043
0.016788
0.015901
0.017141
0.016095
0.017263
0.017185
0.017297
0.016074
0.021907
0.017110
0.016212
0.016192
0.016977
0.015961
0.016946
0.016000
0.016873
0.015921
0.017056
0.017293
0.017295
0.016084
0.015678
0.016648
0.015505
0.016628
0.015448
0.016440
0.020452
0.015414
0.016550
0.016446
0.015448
0.015519
0.015512
0.016396
0.015482
0.016051
0.015296
0.016081
0.015641
0.016713
0.015637
0.015571
0.015562
0.016682
0.015450
0.016560
0.020446
0.015584
0.015512
0.015082
0.015202
0.015507
0.015291
0.015646
0.015661
0.016699
0.015235
0.015496
0.015564
0.015520
0.015533
0.015484
0.015655
0.015308
0.016443
0.015558
0.020537
0.015541
0.015762
0.015283
0.015271
0.015138
0.015212
0.015212
0.015237
0.016524
0.016137
0.015314
0.015218
0.015248
0.016261
0.015378
0.016241
0.015388
0.015401
0.015615
0.021503
0.015890
0.017051
0.016170
0.017454
0.016726
0.017241
0.016168
0.017133
0.016937
0.016009
0.015969
0.016138
0.015904
0.016111
0.015957
0.015949
0.016968
0.017308
0.017232
0.020924
0.016007
0.016202
0.016076
0.017222
0.016050
0.016176
0.015658
0.017237
0.016188
0.017379
0.016247
0.016230
0.016068
0.015958
0.016990
0.016117
0.017132
0.016787
0.016104
0.020991
0.016252
0.016728
0.015779
0.015723
0.015971
0.017102
0.016075
0.017061
0.016151
0.016153
0.016083
0.016066
0.016384
0.016910
0.015990
0.017009
0.016766
0.015727
0.015761
0.021606
0.015604
0.016010
0.017028
0.015626
0.015736
0.015855
0.016649
0.016750
0.017130
0.016251
0.015693
0.017414
0.016137
0.016084
0.016171
0.016817
0.017170
0.017182
0.015903
0.021121
0.016091
0.016174
0.016052
0.016937
0.017122
0.017189
0.017108
0.017255
0.016793
0.016793
0.016139
0.016056
0.016028
0.016158
0.016088
0.017230
0.016099
0.017222
0.016192
0.022109
0.016211
0.016100
0.016045
0.016209
0.017296
0.017390
0.015685
0.016340
0.016315
0.017042
0.017036
0.017253
0.016150
0.016867
0.015821
0.015788
0.015758
0.015736
0.017279
0.021177
0.017240
0.016165
0.016158
0.016031
0.017308
0.016152
0.017132
0.016176
0.017167
0.017308
0.017114
0.016072
0.017010
0.015997
0.016830
0.016144
0.016958
0.017011
0.015926
0.021146
0.017191
0.016060
0.016856
0.016202
0.015964
0.017195
0.017222
0.016203
0.017108
0.016098
0.016823
0.016085
0.017010
0.016156
0.016112
0.016099
0.017035
0.016024
0.017160
0.021163
0.016040
0.016051
0.016210
0.017126
0.016693
0.015888
0.016876
0.017001
0.015993
0.017107
0.016173
0.016099
0.016935
0.016023
0.015857
0.017081
0.015915
0.016922
0.015958
0.020856
0.017038
0.015937
0.016867
0.015983
0.015818
0.015933
0.016982
0.016987
0.016065
0.015974
0.015737
0.016945
0.016998
0.016125
0.015938
0.016021
0.015803
0.016819
0.015861
0.020822
0.016830
0.015804
0.015757
0.016920
0.015993
0.016971
0.017151
0.017295
0.016035
0.015847
0.017095
0.016111
0.015826
0.016863
0.016883
0.015905
0.016814
0.017174
0.016121
0.020906
0.015851
0.017005
0.015929
0.017267
0.016977
0.016921
0.016896
0.015847
0.015991
0.016895
0.016953
0.015868
0.017143
0.017099
0.017055
0.016957
0.015964
0.017043
0.016998
0.022031
0.017091
0.017133
0.015683
0.017187
0.015834
0.015932
0.015866
0.016016
0.016002
0.017180
0.015935
0.015914
0.015981
0.015982
0.016049
0.016818
0.015889
0.017066
0.015895
0.022019
0.015860
0.015545
0.016645
0.016635
0.015659
0.016819
0.016715
0.015727
0.016802
0.016801
0.015859
0.015913
0.015730
0.016962
0.015854
0.015622
0.015503
0.017136
0.016061
0.020970
0.016102
0.016076
0.015936
0.015548
0.016684
0.017045
0.015851
0.017204
0.016979
0.016200
0.017340
0.017148
0.017439
0.015674
0.017087
0.016091
0.016984
0.016142
0.017141
0.022048
0.016016
0.017028
0.017173
0.015966
0.016916
0.016096
0.015909
0.016006
0.017158
0.015960
0.017192
0.015958
0.016029
0.016029
0.016001
0.015907
0.016885
0.016057
0.015882
0.020893
0.015663
0.015716
0.016103
0.015631
0.015688
0.015759
0.016547
0.015841
0.016661
0.015794
0.015779
0.016734
0.016900
0.015853
0.015796
0.015804
0.015876
0.015888
0.015847
0.020576
0.016644
0.016125
0.016924
0.016010
0.017025
0.015904
0.016979
0.016096
0.016954
0.016211
0.017185
0.016053
0.016046
0.015927
0.015510
0.015697
0.015769
0.015795
0.016712
0.020697
0.016162
0.016108
0.016038
0.016181
0.015650
0.016680
0.015776
0.015759
0.015738
0.015678
0.017919
0.016039
0.016697
0.015732
0.016625
0.015827
0.015687
0.015786
0.016832
0.020779
0.015783
0.015826
0.015834
0.015780
0.015866
0.015901
0.015695
0.015578
0.015831
0.015882
0.015700
0.015862
0.016962
0.015810
0.015778
0.016060
0.016084
0.017390
0.016706
0.021071
0.017130
0.016067
0.017290
0.017168
0.017215
0.015885
0.015902
0.016160
0.016031
0.015699
0.016068
0.016783
0.015897
0.015834
0.016832
0.015715
0.016545
0.015547
0.016525
0.020556
0.015626
0.015653
0.015574
0.016588
0.015758
0.015458
0.015467
0.016582
0.015676
0.015628
