0.571625
0.019166
0.017605
0.018816
0.018467
0.018449
0.019536
0.018564
0.018646
0.018702
0.018591
0.018847
0.020133
0.018971
0.018906
0.019064
0.019089
0.019134
0.019120
0.019139
0.021294
0.020304
0.019181
0.018923
0.019246
0.019129
0.019127
0.019270
0.019302
0.020423
0.020805
0.019445
0.019513
0.020633
0.019552
0.019669
0.021058
0.019833
0.019807
0.019831
0.024981
0.021110
0.019994
0.021085
0.019913
0.021253
0.020002
0.020019
0.020146
0.021644
0.020445
0.020386
0.020397
0.020273
0.020298
0.020409
0.020341
0.021673
0.021761
0.021887
0.025532
0.021721
0.020575
0.021924
0.020746
0.020628
0.022256
0.020955
0.021105
0.020784
0.020936
0.020701
0.022124
0.022335
0.021203
0.021102
0.021248
0.021294
0.021209
0.022572
0.026243
0.021220
0.021255
0.021241
0.021293
0.021406
0.021342
0.021392
0.021409
0.021382
0.021470
0.022851
0.021575
0.021503
0.021651
0.023052
0.021730
0.021819
0.023236
0.023450
