0.565017
0.017163
0.016618
0.016476
0.016596
0.016737
0.017825
0.018154
0.017913
0.018067
0.018301
0.018577
0.018442
0.018671
0.018636
0.018446
0.018533
0.018568
0.018771
0.019384
0.019734
0.017449
0.017417
0.019201
0.018925
0.019000
0.019037
0.021489
0.017784
0.017839
0.017757
0.017914
0.017891
0.018047
0.017994
0.017915
0.018068
0.018171
0.019640
0.019889
0.034153
0.019710
0.019661
0.019879
0.018594
0.018481
0.018487
0.018321
0.018608
0.018566
0.018626
0.018938
0.018933
0.019023
0.018892
0.019062
0.019097
0.019132
0.019318
0.019290
0.024430
0.019567
0.019434
0.019709
0.019099
0.019758
0.019706
0.019293
0.019327
0.019318
0.019471
0.019364
0.019526
0.019559
0.019502
0.019606
0.019896
0.020078
0.019778
0.019740
0.024740
0.019897
0.019816
0.020049
0.020118
0.020010
0.020241
0.020206
0.022932
0.020188
0.020348
