0.561404
0.018579
0.019092
0.019412
0.018716
0.018752
0.019781
0.019577
0.019790
0.020154
0.020205
0.019744
0.019353
0.019636
0.018443
0.019578
0.018864
0.020067
0.019890
0.018986
0.021455
0.020455
0.020076
0.018749
0.019885
0.019064
0.019338
0.020534
0.020255
0.020170
0.020116
0.020685
0.020276
0.020149
0.020072
0.018923
0.020249
0.019139
0.020615
0.019317
0.025486
0.019291
0.020735
0.019342
0.019229
0.019101
0.020588
0.021072
0.019690
0.019789
0.021128
0.019633
0.020935
0.019864
0.019854
0.020134
0.021490
0.021825
0.020066
0.021643
0.026489
0.021575
0.020065
0.021237
0.021066
0.019658
0.020782
0.020812
0.020741
0.020851
0.020708
0.019546
0.020818
0.019587
0.020905
0.019790
0.021060
0.019701
0.019711
0.019826
0.025885
0.019757
0.019884
0.019930
0.019948
0.019971
0.021204
0.020042
0.021434
0.021451
0.019961
0.021329
0.021477
0.021492
0.021421
0.021556
0.020147
0.021737
0.020542
0.021687
0.025448
0.020464
0.021801
0.021928
0.020648
0.020758
0.021951
0.022024
0.020809
0.020819
0.020790
0.022139
0.022192
0.020973
0.023166
0.022385
0.022243
0.020934
0.021010
0.021101
0.027402
0.021312
0.022615
0.022778
0.022856
0.021621
0.023295
0.021813
0.023198
0.021878
0.023132
0.023468
0.023464
0.023300
0.021893
0.023382
0.022002
0.023357
0.022182
0.021968
0.028631
0.023618
0.023366
0.023535
0.022286
0.023483
0.023622
0.023564
0.023598
0.022381
0.022416
0.023872
0.022453
0.023761
0.023772
0.023832
0.022551
0.022596
0.022785
0.022743
0.027694
0.022556
0.022803
0.022924
0.024205
0.022715
0.024410
0.024462
0.022995
0.023034
0.024533
0.023017
0.022871
0.024334
0.023280
0.024771
0.023641
0.023591
0.025314
0.025397
0.028658
0.025065
0.024958
0.023610
0.025175
0.023842
0.025159
0.025314
0.025313
0.023955
0.025508
0.024113
0.025270
0.024124
0.025735
0.024112
0.025822
0.025875
