356	94	227	287
375	93	213	276
391	102	184	273
391	102	187	277
396	82	187	286
412	75	170	303
416	86	166	304
416	92	161	292
414	69	154	307
420	85	171	315
426	75	187	308
433	89	193	306
450	81	196	298
464	90	188	308
462	74	190	307
509	79	156	305
530	80	153	320
552	102	148	302
547	89	183	341
561	82	173	339
561	85	168	323
559	91	157	309
550	84	163	316
550	100	178	320
545	94	204	345
546	89	219	354
562	89	205	340
573	106	189	325
564	99	196	329
558	97	193	330
553	105	185	329
553	119	192	329
553	121	190	340
556	114	221	346
539	103	264	347
541	112	274	350
554	112	266	358
536	119	267	355
519	112	266	361
534	120	269	358
540	109	267	366
557	123	257	349
575	121	234	357
557	118	237	358
556	129	232	339
562	144	183	326
535	141	209	332
539	122	210	348
556	137	198	333
547	127	210	351
529	139	205	339
514	151	199	317
499	146	256	323
480	150	254	320
466	168	236	307
472	169	261	305
464	171	259	300
451	177	291	289
431	162	327	299
395	180	297	294
363	193	262	284
356	190	230	287
356	185	222	294
326	195	248	286
299	191	242	285
298	188	233	292
284	181	221	301
290	176	191	302
272	149	194	331
276	151	174	332
257	164	191	317
246	175	208	304
240	200	215	278
235	194	219	285
234	191	224	294
224	186	250	293
233	170	264	311
253	166	266	315
