0.566320
0.016564
0.015456
0.015366
0.016142
0.016437
0.016406
0.016440
0.017764
0.016635
0.016516
0.017360
0.018448
0.018680
0.018846
0.016804
0.016843
0.016683
0.016798
0.016982
0.019197
0.016962
0.018118
0.016921
0.017248
0.017253
0.017194
0.017318
0.017349
0.017454
0.018441
0.017412
0.017330
0.017431
0.018550
0.017414
0.017564
0.018707
0.018355
0.018807
0.023020
0.017773
0.019661
0.019758
0.019922
0.019898
0.019030
0.018398
0.018425
0.019893
0.018693
0.019929
0.020031
0.018449
0.018631
0.020041
0.020396
0.018877
0.018917
0.019505
0.023844
0.018321
0.018354
0.018312
0.018370
0.018415
0.018366
0.018574
0.018451
0.018595
0.018662
0.018115
0.019850
0.019979
0.018641
0.018795
0.019410
0.019219
0.020750
0.021131
0.025061
0.021267
0.020284
0.020561
0.020400
0.019705
0.020514
0.020764
0.018936
0.021096
0.020063
0.019246
0.020734
0.019272
0.020972
0.020858
0.020069
0.021665
0.020149
0.020725
0.026854
0.021751
0.020175
0.021930
0.021134
0.019668
0.019644
0.019612
0.021302
0.019804
0.019787
0.019846
0.019846
0.021395
0.020102
0.021589
0.020129
0.020011
0.020010
0.021503
0.026563
0.020246
0.020122
0.020334
0.020299
0.020379
0.020081
0.021911
0.020465
0.020439
0.020465
0.022001
0.020530
0.020646
0.020673
0.020897
0.020615
0.020656
0.020638
0.020780
0.025807
0.020818
0.022190
0.021095
0.020943
0.020839
0.020947
0.020967
0.021038
0.021024
0.021057
0.021121
0.021296
0.021318
0.021317
0.021266
0.021250
0.021379
0.021376
0.021392
0.026429
0.023133
0.021841
0.021401
0.022858
0.021242
0.021251
0.023497
0.021665
0.021683
0.021697
0.021745
0.021720
0.023296
0.021806
0.021912
0.021955
0.021832
0.021985
0.021988
0.026896
0.022026
0.021989
0.022754
0.024368
0.024315
0.022680
0.024364
0.024663
0.022821
0.024668
0.023176
0.023026
0.022892
0.024970
0.023131
0.024953
0.023290
0.022502
0.023323
0.028409
0.023243
0.023194
0.025214
0.024579
0.023687
0.024223
0.024340
0.022983
0.025314
0.022966
0.022928
0.024782
0.022953
0.023123
0.023111
0.023258
0.024764
0.023316
0.023137
0.028336
0.023267
0.023349
0.023319
0.024808
0.023430
0.025144
0.025043
0.023518
0.023580
0.023726
0.025166
0.023608
0.023741
0.025367
0.023807
0.025421
0.023961
0.023915
0.023966
0.028873
0.025602
0.024114
0.024177
0.024252
0.024141
0.025867
0.024404
0.024441
0.024392
0.024288
0.024397
0.024362
0.024550
0.024468
0.026026
0.024556
0.024337
0.024401
0.024661
0.030890
0.025367
0.024622
0.024621
0.025235
0.025081
0.024918
0.024981
0.024770
0.024910
0.024879
0.026383
0.024874
0.025037
0.025121
0.025302
0.025300
0.025261
0.025064
0.025944
0.031653
0.026115
0.027515
0.027522
0.026074
0.026819
0.027637
0.027484
0.027836
0.027744
0.027918
0.025614
0.025454
0.025747
0.025723
0.025626
0.027037
0.025964
0.025946
0.025754
0.030995
0.025901
0.025977
0.025991
0.025984
0.027531
0.026117
0.027450
0.026234
0.027569
0.027064
0.028438
0.027004
0.026842
0.027641
0.027973
0.027747
0.027566
0.028500
0.028501
0.032202
0.028922
0.028915
0.028007
0.026405
0.027236
0.027364
0.028828
0.026678
0.028842
0.028991
0.029327
0.027484
0.027449
0.027335
0.028923
0.029047
0.029167
0.028509
0.027105
0.033630
0.027221
0.027216
0.027112
0.027325
0.027280
0.028046
0.027303
0.027439
0.028253
0.029485
0.029500
0.028105
0.028091
0.029860
0.028358
0.028327
0.029992
0.028376
0.028895
0.032470
0.029860
0.028587
0.028502
0.029248
0.029095
0.029304
0.029141
0.028860
0.028716
0.028755
0.030349
0.029344
0.028036
0.028039
0.028819
0.028720
0.030397
0.030327
0.030363
0.034040
0.030580
0.028874
0.030604
0.028681
0.030585
0.031011
0.030731
0.029455
0.031058
0.029595
0.029570
0.030796
0.029407
0.031131
0.031080
0.031080
0.030908
0.031208
0.031100
0.036005
0.031117
0.031544
0.031580
0.031400
0.028871
0.029123
0.029646
0.031705
0.029915
0.031361
0.031358
0.031422
0.031336
0.031452
0.030076
0.031435
0.029964
0.031615
0.031886
0.039712
0.031833
0.031630
0.031605
0.031754
0.030248
0.030276
0.030688
0.030604
0.030638
0.032125
0.032194
0.030477
0.032398
0.030686
0.032421
0.032164
0.032319
0.030628
0.032573
0.036546
0.031671
0.030806
0.032611
0.032465
0.032549
0.032608
0.032533
0.060497
0.032122
0.032960
0.033142
0.032781
0.033154
0.032842
0.032607
0.031905
0.033336
0.033053
0.031332
0.037956
0.033437
0.033223
0.033153
0.033222
0.033430
0.031557
0.033504
0.033334
0.031817
0.033314
0.033040
0.033208
0.033542
0.033266
0.033569
0.032060
0.033659
0.033839
0.031527
0.037087
0.033744
0.033836
0.034261
0.033423
0.032220
0.033517
0.033862
0.034104
0.034245
0.032653
0.034165
0.034203
0.033413
0.034385
0.033344
0.033753
0.032145
0.031781
0.031858
0.038419
0.033415
0.034595
0.034369
0.032000
0.034272
0.034581
0.034263
0.034250
0.034755
0.034792
0.033094
0.034464
0.034347
0.034634
0.034606
0.034570
0.034560
0.034527
0.034852
0.039523
0.035540
0.035185
0.035192
0.035026
0.034687
0.035315
0.035472
0.035641
0.035446
0.035019
0.035277
0.035735
0.033665
0.035547
0.033629
0.035561
0.035610
0.035676
0.035810
0.040239
0.035599
0.035955
0.034065
0.035721
0.035379
0.035568
0.035726
0.035915
0.036141
0.035638
0.034024
0.035825
0.034466
0.036086
0.035991
0.035774
0.036128
0.034457
0.034483
0.041064
0.036237
0.036320
0.036376
0.036503
0.036210
0.036333
0.036612
0.034935
0.036383
0.036500
0.036345
0.036636
0.036556
0.036677
0.036803
0.035149
0.036657
0.036394
0.036852
0.041451
0.036671
0.036944
0.036804
0.036883
0.035271
0.036732
0.036483
0.037067
0.035317
0.036938
0.037070
0.037123
0.037057
0.036808
0.037032
0.035251
0.036990
0.037347
0.037410
0.042296
0.037709
0.035712
0.037462
0.037375
0.037350
0.037513
0.037459
0.037228
0.037316
0.037449
0.037463
0.037355
0.037538
0.038049
0.035695
0.037618
0.037736
0.038270
0.037746
0.041110
0.036123
0.035952
0.037732
0.037981
0.038057
0.038110
0.038021
0.037843
0.038045
0.037956
0.038305
0.038126
0.038552
0.038328
0.038193
0.038283
0.036384
0.038341
0.038416
0.043208
0.038573
0.038986
0.038568
0.038671
0.038632
0.038851
0.037068
0.038880
0.038799
0.039141
