0.566805
0.017856
0.015346
0.016396
0.017370
0.017432
0.018577
0.018689
0.018712
0.018764
0.018625
0.017265
0.018826
0.018804
0.018503
0.017700
0.017419
0.018646
0.018709
0.017490
0.020318
0.017036
0.017993
0.016965
0.017164
0.017112
0.017004
0.017856
0.018362
0.017284
0.018456
0.017126
0.017241
0.017323
0.017490
0.017531
0.017501
0.018728
0.018767
0.018879
0.022671
0.017688
0.018914
0.018911
0.018988
0.019063
0.017865
0.017822
0.019958
0.018628
0.019057
0.020050
0.020479
0.018851
0.020337
0.018827
0.019384
0.019342
0.018114
0.018153
0.023208
0.018187
0.018245
0.018376
0.018356
0.018389
0.018339
0.019788
0.018667
0.019861
0.020080
0.018737
0.018753
0.018617
0.018875
0.018772
0.020171
0.018938
0.018948
0.020389
0.023881
0.018873
0.018860
0.020271
0.018900
0.018865
0.020504
0.019070
0.019107
0.019182
0.019144
0.019178
0.020565
0.019207
0.019355
0.019311
0.019401
0.019488
0.020777
0.019470
0.025789
0.019340
0.020936
0.019542
0.019663
0.019644
0.019659
0.021019
0.019808
0.019730
0.019838
0.019876
0.019965
0.019943
0.021392
0.020077
