0.557601
0.016745
0.016315
0.015385
0.016387
0.016435
0.017473
0.016889
0.016961
0.017603
0.017284
0.017039
0.017106
0.017243
0.017347
0.017473
0.017292
0.017400
0.017611
0.017494
0.019832
0.017505
0.017523
0.017696
0.017587
0.017746
0.017684
0.017873
0.018008
0.017757
0.017704
0.017964
0.017823
0.018255
0.018064
0.018188
0.018051
0.018331
0.018181
0.021172
0.023177
0.018525
0.026886
0.018537
0.019235
0.018589
0.018477
0.025668
0.018636
0.018853
0.018916
0.019017
0.018955
0.018822
0.018924
0.019145
0.019023
0.019222
0.019094
0.019167
0.024184
0.019241
0.019102
0.019497
0.019522
0.019305
0.020374
0.019189
0.019358
0.019400
0.019174
0.019366
0.019802
0.028772
0.019530
0.019605
0.019521
0.019510
0.020150
0.019869
0.025789
0.020168
0.020615
0.020064
0.019619
0.025432
0.019704
0.026757
0.019795
0.019704
0.019852
0.019887
0.020005
0.020008
0.020035
0.020179
0.020139
0.019977
0.029608
0.024169
0.025041
0.020756
0.020738
0.021052
0.021441
0.020996
0.020880
0.021657
0.020917
0.021128
0.024079
0.020823
0.020891
0.020153
0.021155
0.021335
0.021366
0.021450
0.021494
0.021509
0.026475
