0.557914
0.018175
0.017917
0.018061
0.019340
0.019258
0.020301
0.020107
0.020232
0.020247
0.020338
0.020363
0.019115
0.019919
0.019219
0.020643
0.020693
0.020572
0.020808
0.020667
0.023018
0.020910
0.020770
0.020801
0.020742
0.020890
0.020891
0.021139
0.019623
0.020979
0.021218
0.021269
0.021291
0.021390
0.021333
0.021390
0.021441
0.021626
0.021546
0.021483
0.025081
0.021709
0.020373
0.022213
0.020392
0.020422
0.020504
0.018245
0.021926
0.020473
0.020461
0.022120
0.022183
0.020453
0.020670
0.022457
0.022342
0.022245
0.020835
0.020615
0.025743
0.018668
0.018720
0.019934
0.022815
0.022594
0.018861
0.020217
0.020023
0.018819
0.020324
0.019083
0.020415
0.019231
0.019218
0.020619
0.019231
0.019441
0.020962
0.019498
0.025969
0.021252
0.021212
0.021203
0.021165
0.021647
0.021601
0.020513
0.020761
0.019291
