0.553262
0.015466
0.015769
0.015890
0.015866
0.016816
0.016878
0.017015
0.017176
0.017303
0.016171
0.017292
0.017221
0.017151
0.017138
0.017183
0.017248
0.017307
0.017226
0.017381
0.019774
0.017708
0.017806
0.017703
0.017684
0.022361
0.017750
0.017778
0.017701
0.017975
0.017964
0.018069
0.018005
0.018002
0.020083
0.018395
0.018164
0.018175
0.018084
0.018304
0.023190
0.018558
0.018497
0.018394
0.018462
0.018519
0.018581
0.021847
0.018645
0.027949
0.018702
0.018896
0.018959
0.019067
0.019631
0.019372
0.019287
0.019318
0.018959
0.018995
0.023717
0.018869
0.018898
0.018907
0.018819
0.018782
0.018793
0.018988
0.019159
0.019125
0.019241
0.019784
0.019107
0.019095
0.019150
0.019128
0.019276
0.019331
0.019334
0.019382
0.025411
0.025751
0.019399
0.019493
0.019835
0.020254
0.019676
0.019558
0.019572
0.019600
0.019554
0.019680
0.019879
0.019869
0.019862
0.019802
0.019959
0.020206
0.019987
0.020046
