0.565457
0.016439
0.016009
0.015765
0.015890
0.015697
0.016867
0.017013
0.017176
0.016891
0.017201
0.016948
0.017303
0.017227
0.017268
0.017212
0.017300
0.017331
0.017344
0.017354
0.019602
0.017333
0.017392
0.017494
0.017420
0.017500
0.017735
0.018279
0.017998
0.018030
0.017303
0.017897
0.017752
0.017853
0.017965
0.018047
0.018254
0.018387
0.017355
0.018071
0.023176
0.018128
0.018202
0.020811
0.018469
0.018511
0.018505
0.018542
0.018686
0.018640
0.018348
0.018538
0.018437
0.018677
0.018930
0.018831
0.018867
0.018872
0.018871
0.018986
0.023886
0.019025
0.019277
0.019345
0.019284
0.018950
0.019587
0.019223
0.019107
0.019336
0.019186
0.019580
0.019624
0.019172
0.019395
0.019616
0.019415
0.019581
0.019508
0.019497
0.024512
0.019626
0.019700
0.018858
0.019913
0.019991
0.020027
0.019950
0.020423
0.020165
