102	150	80	144
107	143	70	144
117	134	64	148
123	137	62	148
120	148	76	137
125	147	75	139
126	141	72	147
133	129	58	160
135	117	65	176
143	122	66	177
153	112	66	181
160	123	76	176
169	126	86	176
186	141	86	166
205	164	82	141
223	179	79	127
241	178	70	134
253	183	66	130
260	185	65	134
263	187	55	136
271	200	64	129
289	202	69	129
310	201	86	136
324	214	88	125
353	217	88	115
404	220	78	122
452	222	87	110
484	219	84	124
515	228	78	151
553	231	77	171
573	235	87	168
595	255	90	164
637	252	84	178
643	256	100	186
686	241	79	195
702	265	69	183
728	269	63	173
732	259	70	163
730	246	79	180
723	236	88	184
709	242	97	166
725	238	100	169
745	231	99	166
764	223	102	169
785	215	95	166
800	212	105	168
814	192	106	195
827	188	100	197
844	179	90	210
840	165	100	227
845	168	92	216
847	164	111	221
847	171	133	220
838	186	159	197
869	201	157	193
866	209	176	176
867	202	189	187
894	212	194	172
930	225	186	161
943	227	173	163
972	236	134	154
1000	231	111	162
1026	223	94	153
1039	237	83	158
1042	237	88	164
1060	246	62	157
1064	256	62	164
1065	266	65	166
1063	283	78	163
1077	306	72	153
1088	315	82	155
1108	315	93	164
1131	321	107	163
1186	324	81	166
1213	319	73	172
1240	336	58	172
1257	346	71	156
1263	342	63	154
1266	332	57	166
1266	327	57	177
1276	323	40	174
1277	320	35	180
1279	323	36	178
1261	315	43	177
1246	328	57	185
1252	339	42	172
1226	339	63	169
1229	345	66	172
1232	344	71	176
1235	344	73	170
1245	347	66	161
1247	351	59	149
1250	353	46	146
1250	351	49	149
1236	358	60	150
1233	383	56	152
1231	370	58	156
1231	361	68	175
1235	348	68	189
1232	342	77	198
