0.558131
0.016442
0.016356
0.017268
0.016650
0.016500
0.018564
0.018444
0.018793
0.018810
0.018565
0.018787
0.018612
0.018662
0.017843
0.018951
0.017934
0.019173
0.017967
0.019351
0.021764
0.019331
0.018144
0.019345
0.019529
0.019380
0.018217
0.019344
0.019614
0.019982
0.019693
0.019697
0.020383
0.020397
0.020396
0.020319
0.019060
0.020420
0.020402
0.020471
0.025564
0.021658
0.021691
0.021552
0.021554
0.021473
0.021530
0.020321
0.021728
0.021699
0.021652
0.020348
0.021750
0.021847
0.021761
0.021956
0.021983
0.022099
0.021290
0.021308
0.026151
0.020829
0.020992
0.019729
0.020971
0.020906
0.021144
0.020954
0.021547
0.021665
0.021770
0.021688
0.021141
0.020509
0.021683
0.021724
0.021923
0.022012
0.021920
0.022057
0.026416
0.021488
0.021489
0.021671
0.021656
0.021813
0.021566
0.021601
0.021684
0.020520
