0.584753
0.016325
0.015859
0.016758
0.015676
0.015623
0.016655
0.016715
0.016738
0.016666
0.016784
0.017943
0.016961
0.018169
0.017154
0.018123
0.016999
0.017998
0.017120
0.018471
0.019526
0.018323
0.017187
0.018424
0.017285
0.018455
0.017424
0.018774
0.017480
0.017514
0.017604
0.018636
0.018984
0.017447
0.018885
0.018947
0.017729
0.017749
0.018981
0.018901
0.024020
0.017798
0.017917
0.019016
0.018029
0.019174
0.018006
0.019213
0.017964
0.018005
0.017958
0.019227
0.018156
0.018103
0.018227
0.019454
0.019219
0.019422
0.018197
0.018184
0.024410
0.018235
0.019627
0.018242
0.019742
0.019462
0.018487
0.018505
0.019645
0.019783
0.018636
0.019971
0.018638
0.018678
0.020141
0.018719
0.019992
0.019959
0.020052
0.018825
0.023922
0.019089
0.019106
0.019103
0.019169
0.019013
0.020350
0.018996
0.019327
0.020537
0.019370
0.019391
0.019309
0.020720
0.019345
0.019366
0.020725
0.019512
0.019603
0.020927
0.025823
