0.571022
0.018326
0.018308
0.018364
0.018490
0.008109
0.018104
0.018086
0.018418
0.017149
0.017267
0.017502
0.017382
0.018975
0.017114
0.017085
0.017145
0.017739
0.018834
0.018760
0.019710
0.017625
0.020967
0.020885
0.021322
0.018864
0.018926
0.018850
0.021356
0.020107
0.019787
0.020025
0.020152
0.020437
0.018189
0.019189
0.021837
0.020492
0.020606
0.020549
0.025582
0.020505
0.020518
0.018377
0.019750
0.019688
0.020000
0.020339
0.019747
0.020060
0.019785
0.022489
0.020875
0.021034
0.022510
0.021015
0.020797
0.020851
0.018872
0.018831
0.023767
0.020877
0.021989
0.020678
0.022577
0.022810
0.022946
0.023090
0.019278
0.023268
0.021682
0.021345
0.022837
0.022945
0.022959
0.022825
0.022836
0.023262
0.021513
0.021539
0.026480
0.022987
0.022893
0.023029
0.023242
0.023010
0.022891
0.021646
0.023133
0.023579
0.022114
0.020112
0.020164
0.020311
0.020454
0.019862
0.021831
0.021933
0.021749
0.024262
0.027704
