0.566750
0.016641
0.016133
0.016029
0.016072
0.016019
0.017082
0.017267
0.017174
0.017240
0.026785
0.026776
0.016248
0.017719
0.017693
0.017573
0.017617
0.017622
0.017690
0.027095
0.020134
0.027250
0.017644
0.016742
0.017772
0.017820
0.017807
0.017769
0.017804
0.017838
0.017882
0.018135
0.018047
0.018129
0.018078
0.018028
0.018123
0.018231
0.018212
0.018243
0.023273
0.018374
0.018363
0.018489
0.018660
0.018660
0.018802
0.018875
0.019013
0.019064
0.018991
0.019018
0.020411
0.019086
0.019097
0.019160
0.019083
0.028372
0.019172
0.019143
0.024220
0.019922
0.019202
0.020903
0.021855
0.019331
0.019236
0.019338
0.019483
0.019738
0.019918
0.019971
0.019982
0.019986
0.019911
0.029451
0.020008
0.020120
0.019850
0.019919
0.025009
0.020176
0.020082
0.020089
0.021808
0.019960
0.020156
0.029328
0.020335
0.020248
0.019366
0.019234
0.019343
0.020470
0.020514
0.020562
0.020695
0.020940
0.020962
0.021140
0.026125
