611	406	614	331
621	410	598	355
597	401	638	365
576	400	620	370
557	403	592	349
522	408	616	335
511	417	586	304
488	408	525	302
463	395	520	312
444	369	501	344
421	358	488	327
405	345	494	359
387	358	515	339
390	370	483	320
382	364	476	320
384	366	444	317
389	370	416	317
376	342	417	359
371	346	401	358
404	352	338	349
415	343	275	359
416	307	260	395
424	274	228	419
412	219	277	461
397	226	307	436
368	230	296	435
336	198	285	451
367	247	245	408
419	312	219	379
452	330	190	371
463	349	178	357
458	355	162	331
446	355	160	320
444	347	149	323
445	339	148	306
458	321	136	305
465	320	134	284
458	312	139	280
450	309	135	277
448	300	138	286
462	299	118	267
470	285	111	268
475	276	104	266
471	281	105	252
467	298	109	227
459	298	114	226
454	293	107	223
426	285	121	213
428	276	113	208
446	280	100	182
462	287	99	201
444	296	131	182
456	298	128	178
441	270	110	189
413	266	122	176
394	234	142	192
389	208	154	196
412	186	194	219
407	178	232	221
398	176	240	195
369	166	271	232
308	144	286	260
248	135	324	259
238	136	305	237
214	130	293	229
202	130	280	219
194	125	259	221
201	129	245	209
191	132	256	215
191	134	247	219
198	143	251	218
196	136	230	253
210	139	172	271
208	154	162	275
212	166	154	277
204	180	172	270
196	195	182	265
212	195	170	277
219	199	180	285
217	209	187	329
224	218	189	351
227	230	192	380
225	254	209	369
239	271	194	381
241	278	203	377
241	271	217	416
278	316	227	420
331	340	245	385
359	371	198	326
369	387	186	332
