0.563778
0.017095
0.017060
0.016735
0.017865
0.017752
0.018888
0.016863
0.016913
0.017165
0.018331
0.018619
0.018661
0.018591
0.021225
0.019629
0.017531
0.021093
0.020807
0.021032
0.021975
0.021202
0.017532
0.019004
0.017757
0.019026
0.019021
0.019058
0.019122
0.019077
0.021649
0.021450
0.021588
0.021683
0.021429
0.021336
0.021582
0.021492
0.021937
0.021736
0.026962
0.019508
0.019544
0.020319
0.021823
0.021772
0.020155
0.021758
0.021873
0.021835
0.021982
0.022099
0.022227
0.022123
0.020701
0.022101
0.022149
0.022348
0.022147
0.022529
0.027562
0.020898
0.022376
0.022543
0.020187
0.022737
0.021197
0.022931
0.021482
0.019086
0.023252
0.021704
0.019254
0.020780
0.019232
0.020655
0.019338
0.023923
0.023248
0.023445
0.026846
0.021832
0.023349
0.023520
0.022065
0.019732
0.019789
0.023761
0.021712
0.021656
0.023287
0.023233
0.023044
0.022020
0.022133
0.023596
0.023812
0.022178
0.023382
0.021898
0.026914
