0.560003
0.016288
0.015615
0.015772
0.015676
0.015623
0.016690
0.016912
0.017071
0.017031
0.016941
0.016872
0.017073
0.017080
0.017709
0.017359
0.017455
0.017489
0.017415
0.017313
0.019460
0.017273
0.026864
0.017477
0.017502
0.017419
0.017302
0.017630
0.017791
0.017778
0.017754
0.017735
0.017786
0.017868
0.018152
0.018224
0.018260
0.018041
0.017941
0.017949
0.022702
0.025435
0.017954
0.017995
0.018507
0.018260
0.018108
0.027677
0.018355
0.018287
0.018578
0.018634
0.019019
0.019628
0.019438
0.019271
0.019108
0.019250
0.019701
0.019221
0.024543
0.020218
0.020324
0.020624
0.018982
0.018811
0.020497
0.020733
0.020493
0.020391
0.020366
0.020254
0.020518
0.020212
0.020233
0.020316
0.020494
0.020602
0.020517
0.020861
0.025585
0.020619
0.020686
0.020791
0.020889
0.020859
0.020826
0.020607
0.020935
0.021372
0.021155
0.020958
0.020998
0.020906
0.020962
0.020777
0.020855
0.020891
0.021388
0.021183
0.026236
