0.559898
0.017874
0.017555
0.018571
0.017587
0.017563
0.018344
0.018451
0.018559
0.019721
0.018533
0.018644
0.018737
0.019944
0.018747
0.018788
0.018761
0.018831
0.018929
0.018941
0.021161
0.018918
0.018936
0.018998
0.019155
0.019137
0.019236
0.019336
0.019396
0.019368
0.019667
0.020932
0.019689
0.019620
0.019789
0.019939
0.020094
0.022202
0.018583
0.022394
0.025676
0.020408
0.020304
0.020208
0.021447
0.020292
0.021438
0.020376
0.020249
0.021616
0.020267
0.020235
0.021082
0.021076
0.019833
0.021171
0.021071
0.020100
0.020081
0.021361
0.025136
0.020096
0.020312
0.020124
0.020123
0.020241
0.020422
0.020597
0.020603
0.020619
0.020570
0.020590
0.020683
0.020758
0.020651
0.020740
0.020733
0.020899
0.020844
0.020990
0.026020
0.021024
0.021101
0.022322
0.020999
0.020882
0.022160
0.021268
0.022493
0.022520
0.021358
0.021576
0.021345
0.021246
0.021232
0.022756
0.022756
0.021636
0.021740
0.023034
0.026699
0.021703
0.021715
0.021722
0.021827
0.021890
0.021987
0.022053
0.022112
0.022215
0.023653
