0.554207
0.016787
0.016101
0.016027
0.015934
0.016063
0.017621
0.017231
0.017110
0.017277
0.017374
0.017416
0.017465
0.017387
0.017310
0.017356
0.019265
0.017429
0.017411
0.017449
0.019724
0.017565
0.017551
0.017556
0.017579
0.017701
0.017783
0.017736
0.017862
0.017812
0.017830
0.017903
0.017923
0.017965
0.017934
0.018039
0.018106
0.018245
0.018135
0.018145
0.023182
0.018397
0.018737
0.020503
0.018524
0.018493
0.018492
0.018607
0.018529
0.018644
0.018697
0.018773
0.018828
0.018798
0.028333
0.018938
0.020891
0.019057
0.019134
0.019177
0.032870
0.019303
0.019333
0.019460
0.019447
0.019481
0.019520
0.019556
0.019563
0.019555
0.019616
0.019631
0.019708
0.019758
0.019857
0.019847
0.019864
0.019964
0.019845
0.020025
0.025973
0.020052
0.020098
0.020163
0.020153
0.029707
0.029666
0.020221
0.023371
0.020414
