188	227	404	360
172	240	435	361
175	241	430	373
175	236	400	362
179	236	396	359
182	244	382	364
177	242	396	364
174	249	342	361
175	259	339	354
179	274	308	332
175	262	278	338
179	267	263	338
192	265	249	349
178	265	246	345
189	263	214	348
187	256	220	363
187	265	203	352
180	268	196	354
179	266	196	355
167	263	212	364
164	260	230	370
170	261	205	373
173	259	203	375
168	265	197	371
173	271	189	368
168	279	202	365
172	278	212	369
157	282	262	370
150	276	276	379
150	285	298	374
150	299	294	350
149	276	311	374
154	277	301	382
159	311	258	343
144	306	261	349
139	282	252	364
183	279	223	361
223	304	195	348
220	302	202	325
231	285	197	315
234	294	193	303
260	291	189	297
285	278	230	345
290	272	250	391
306	294	229	356
306	290	219	364
298	290	216	374
307	297	203	374
324	291	177	371
331	289	167	366
336	295	162	359
334	300	165	331
331	289	158	351
329	285	157	358
322	299	161	346
314	295	151	326
307	276	164	339
302	287	171	315
298	300	178	322
288	312	176	292
296	317	163	274
292	301	179	306
293	258	174	337
296	260	169	346
297	284	164	324
297	298	161	299
314	305	152	289
313	278	154	314
313	265	157	333
315	285	146	317
309	311	152	295
305	327	134	286
302	318	145	285
304	335	153	280
298	350	150	271
299	359	136	271
300	322	113	301
300	336	116	287
301	354	119	249
281	343	147	244
