455	376	107	183
445	373	134	180
459	377	93	180
476	365	105	188
475	375	127	180
475	375	127	180
490	353	101	202
490	355	98	188
495	363	74	178
486	361	74	169
473	356	109	177
467	366	91	162
459	368	92	162
452	358	106	174
461	347	82	175
462	337	66	180
450	334	65	178
428	342	77	179
411	344	90	165
403	356	88	164
399	359	80	148
392	366	96	134
392	364	104	143
387	357	107	173
372	356	119	189
351	364	119	199
330	373	125	199
328	371	126	197
336	364	118	204
343	355	102	214
342	370	121	222
336	372	123	242
319	337	139	248
282	322	167	261
255	315	215	273
225	359	265	222
187	372	287	191
195	379	320	202
248	387	265	196
255	381	237	197
268	375	224	206
241	365	236	213
242	363	225	212
260	361	198	207
279	358	162	203
269	368	165	210
248	356	187	202
226	359	199	210
203	367	228	203
203	344	247	221
203	335	256	231
204	320	259	248
194	353	259	214
206	353	254	218
166	360	289	213
125	375	320	213
155	377	291	206
181	375	274	203
204	375	238	202
197	379	236	206
202	383	239	221
225	383	216	218
244	398	211	196
285	388	183	222
305	386	175	209
306	392	187	193
308	392	234	192
317	358	272	219
358	320	241	248
366	304	270	275
385	295	261	285
403	293	251	269
391	290	265	273
379	316	233	251
390	315	218	249
380	318	236	258
375	309	263	264
369	312	300	298
361	322	309	301
356	328	342	289
350	330	367	286
349	330	456	279
345	312	513	317
314	278	614	371
302	269	713	392
282	200	734	443
286	193	736	451
279	216	746	431
271	202	753	464
247	191	775	485
318	172	699	516
273	186	741	502
270	156	711	545
242	151	645	550
268	141	610	535
269	175	562	502
254	203	549	464
228	231	542	444
216	235	524	426
203	260	553	445
212	186	536	495
