0.560900
0.015896
0.015755
0.016698
0.015690
0.016596
0.017726
0.017668
0.016696
0.016719
0.016850
0.016853
0.018151
0.018004
0.018089
0.016814
0.016971
0.016948
0.017025
0.017052
0.020644
0.017313
0.018257
0.018286
0.017406
0.018496
0.017338
0.018456
0.018528
0.018450
0.018509
0.018488
0.018560
0.017383
0.017410
0.017443
0.018759
0.017727
0.018865
0.018911
0.023900
0.018890
0.018963
0.017857
0.019132
0.017896
0.017911
0.019030
0.019413
0.018039
0.017921
0.019195
0.018178
0.019245
0.019394
0.019472
0.018368
0.018340
0.018359
0.018323
0.023393
0.018406
0.018461
0.019613
0.019727
0.019731
0.019330
0.020121
0.018846
0.019926
0.018715
0.019947
0.018866
0.018638
0.019959
0.018752
0.020097
0.020246
0.020376
0.018916
0.025185
0.019001
0.019104
0.020295
0.019143
0.019248
0.019175
0.020652
0.019121
0.019322
0.019306
0.020632
0.019403
0.020847
0.020889
0.020763
0.020882
0.019535
0.019584
0.019463
