190	189	60	112
188	192	66	116
193	195	60	114
191	200	65	112
186	209	75	104
181	205	81	113
175	214	91	111
176	221	89	105
169	226	105	98
164	223	111	98
158	217	120	104
168	224	116	98
173	219	114	104
168	220	120	101
167	232	123	95
167	228	123	98
168	228	125	96
167	230	128	95
161	229	139	99
156	226	149	105
152	221	153	108
156	224	150	105
156	229	143	97
169	238	132	92
167	241	138	94
178	239	131	95
180	239	133	98
173	235	147	103
167	239	152	104
142	240	174	107
141	237	178	111
160	244	160	108
158	238	164	108
159	242	166	105
161	240	164	110
169	239	152	109
173	238	144	106
185	246	133	106
190	243	130	109
196	235	121	116
199	242	118	111
202	247	116	109
201	240	120	114
195	233	129	126
191	242	142	117
195	248	137	111
193	241	143	111
195	240	143	123
188	244	160	118
180	242	167	115
188	232	162	130
180	235	172	125
181	236	181	125
183	232	178	128
180	224	191	143
176	235	200	129
176	232	203	128
156	238	230	125
156	253	243	109
147	254	256	110
127	258	281	106
112	262	296	103
115	266	304	102
139	247	285	119
127	263	301	105
140	262	300	104
145	244	311	125
117	265	337	103
112	245	353	122
113	234	354	136
126	250	346	120
141	245	348	128
142	249	364	122
137	256	376	112
134	266	386	109
146	238	385	131
167	243	379	127
157	260	406	113
171	254	397	115
176	252	403	114
170	265	413	111
181	256	414	112
171	261	439	115
174	260	435	110
165	269	461	104
170	256	458	116
184	259	449	118
173	260	467	117
175	262	468	110
177	255	466	118
180	264	466	112
