0.503904
0.029192
0.053661
0.032416
0.036077
0.036748
0.031839
0.030064
0.034437
0.030487
0.034220
0.030289
0.033369
0.029583
0.029191
0.028852
0.034123
0.031041
0.029731
0.029489
0.030509
0.029742
0.030786
0.032526
0.032128
0.031999
0.032070
0.045347
0.038884
0.030716
0.031556
0.031462
0.032830
0.034000
0.032731
0.032883
0.030772
0.033257
0.032430
0.031842
0.031363
0.037311
0.030376
0.032232
0.031005
0.031992
0.046924
0.034806
0.030429
0.033017
0.032048
0.038815
0.033182
0.030410
0.031439
0.031254
0.031678
0.031290
0.030043
0.031741
0.053142
0.031526
0.031081
0.031459
0.030895
0.030706
0.031969
0.030321
0.031249
0.033071
0.031649
0.032846
0.032485
0.031109
0.030809
0.031865
0.032995
0.031030
0.033080
0.033301
0.031614
0.031425
0.056655
0.032684
0.033272
0.032469
0.031700
0.038129
0.031189
0.031551
0.032201
0.035424
0.035227
0.031522
0.031404
0.033554
0.031909
0.032807
0.031014
0.031648
0.054011
0.033465
0.032655
0.031132
0.034685
0.046680
0.040800
0.044974
0.032688
0.032394
0.032776
