0.521044
0.042776
0.031223
0.030670
0.046889
0.030525
0.030916
0.046752
0.039600
0.030370
0.039517
0.029902
0.034299
0.029288
0.029336
0.029642
0.029619
0.028997
0.030955
0.032302
0.030298
0.030248
0.029828
0.028214
0.029637
0.027901
0.029048
0.038310
0.028120
0.028808
0.029357
0.028593
0.032266
0.034645
0.050074
0.031508
0.029776
0.028888
0.030940
0.028787
0.051156
0.029094
0.029636
0.029071
0.029346
0.028976
0.029291
0.030154
0.034924
0.030250
0.027637
0.030027
0.030100
0.029195
0.030744
0.039393
0.029943
0.030105
0.029605
0.032971
0.031244
0.031211
0.030469
0.030143
0.031084
0.032216
0.031872
0.055217
0.029117
0.039186
0.030492
0.030695
0.031928
0.030982
0.030795
0.030875
0.034426
0.046880
0.032723
0.032398
0.032193
0.030437
0.031833
0.031606
0.029505
0.030159
0.029904
0.037978
0.032531
0.032602
0.032067
0.031695
0.036681
0.031466
0.030267
0.030660
0.029846
0.043256
0.031733
0.032342
0.034191
0.031818
0.031317
0.030460
0.031447
0.045644
0.031397
0.032613
0.031912
0.030993
0.029273
0.029490
0.031806
0.032017
0.031433
0.031739
0.041224
0.030785
0.032477
0.030465
0.029839
0.029508
0.029580
0.031045
0.030016
0.028831
0.029839
0.030132
0.030378
0.032404
0.031075
0.030138
0.030597
0.030919
0.030394
0.030325
0.030688
0.029073
0.029854
0.030097
0.056585
0.030035
0.030610
0.031410
0.030067
0.029628
0.031065
0.030111
0.030372
0.030241
0.029640
0.028963
0.031843
0.030922
0.029110
0.029727
0.030981
0.029814
0.029695
0.030663
0.030360
0.030450
0.028929
0.030329
0.030585
0.029514
0.028865
0.043662
0.029652
0.029598
0.028684
0.030067
0.029768
0.028265
0.031071
0.029582
0.030162
0.030036
0.027850
0.031262
0.029670
0.029386
0.030327
0.029947
0.030328
0.027849
0.028337
0.028125
0.036638
0.037206
0.030187
0.030656
0.028581
0.029134
0.030466
0.030209
0.029792
0.061952
0.030177
0.029927
0.030858
0.030649
0.028831
0.028490
0.036803
0.027698
0.029862
0.050592
0.030316
0.028259
0.028490
0.028385
0.029092
0.028369
0.029732
0.029609
0.028431
0.029877
0.028743
0.029601
0.028825
0.031035
0.030845
0.030777
0.029207
0.031368
0.034524
0.028858
0.028630
0.030154
0.028809
0.028640
0.028450
0.029073
0.029051
0.027839
0.028071
0.027934
0.029343
0.027435
0.028795
0.028514
0.029842
0.028886
0.030308
0.028543
0.028723
0.028804
0.029994
0.028835
0.028967
0.028223
0.028047
0.028982
0.028818
0.028035
0.027817
0.028125
0.040784
0.028151
0.029643
0.028815
0.030063
0.044737
0.028821
0.029124
0.029558
0.029227
0.040780
0.028762
0.029933
0.029453
0.028305
0.030282
0.029918
0.028629
0.028756
0.043518
0.029145
0.031210
0.028091
0.029540
0.030937
0.029144
0.028030
0.031899
0.027931
0.029656
0.028536
0.030132
0.037852
0.038167
0.028702
0.030798
0.031048
0.036059
0.028751
0.028866
0.031492
0.029112
0.028375
0.028480
0.029681
0.035092
0.031945
0.030592
0.028056
0.029897
0.044497
0.038780
0.028122
0.029883
0.027597
0.029096
0.062724
0.029876
0.030035
0.031895
0.043406
0.030730
0.040040
0.030794
0.035461
0.029515
0.036447
0.053285
0.029746
0.038260
0.032005
0.030235
0.030437
0.030680
0.029280
0.031154
0.050444
0.030435
0.038866
0.032646
0.042493
0.030340
0.029014
0.030424
0.029947
0.031542
0.032793
0.048871
0.030814
0.030352
0.034172
0.033496
0.043515
0.031200
0.029358
0.029393
0.029555
0.029809
0.030110
0.028190
0.029786
0.029791
0.030412
0.028876
0.029499
0.030288
0.029333
0.029210
0.028560
0.029759
0.029187
0.030089
0.031368
0.028483
0.029346
0.029446
0.028919
0.028182
0.030461
0.029728
0.060311
0.029711
0.029010
0.030068
0.028792
0.041146
0.027545
0.028017
0.027607
0.027955
0.030231
0.027794
0.029067
0.027708
0.028324
0.029180
0.028586
0.028640
0.032819
0.027358
0.027170
0.028184
0.028441
0.028504
0.027729
0.028388
0.028414
0.029961
0.029267
0.028305
0.029732
0.030361
0.028764
0.028797
0.029296
0.028425
0.028521
0.028949
0.029521
0.027940
0.029598
0.029135
0.029461
0.030015
0.028333
0.028956
0.028137
0.029170
0.028565
0.029151
0.029210
0.048711
0.037947
0.028242
0.028154
0.038184
0.029543
0.031035
0.028286
0.030962
0.031136
0.030417
0.028806
0.029454
0.041861
0.029878
0.031035
0.028964
0.028409
0.030047
0.030756
0.029593
0.032640
0.030070
0.029594
0.028701
0.028590
0.038051
0.028706
0.029849
0.030221
0.030965
0.038763
0.029831
0.030675
0.028426
0.028605
0.029744
0.029181
0.031414
0.032434
0.043090
0.030493
0.029918
0.031298
0.029794
0.030661
0.029681
0.037396
0.030553
0.028872
0.028548
0.030701
0.030830
0.029943
0.030526
0.029124
0.040293
0.028470
0.029341
0.028850
0.038959
0.030697
0.029072
0.031582
0.031117
0.039592
0.036945
0.029763
0.030433
0.029602
0.027884
0.028452
0.030758
0.030126
0.028554
0.028386
0.030250
0.028785
0.036630
0.029099
0.028857
0.028877
0.028678
0.032552
0.050657
0.028687
0.028616
0.031059
0.028806
0.053643
0.030824
0.035014
0.028830
0.029926
0.030459
0.031794
0.029890
0.028830
0.031329
0.029690
0.031829
0.029808
0.030195
0.031185
0.028841
0.038766
0.048088
0.030785
0.030728
0.029516
0.030798
0.055655
0.031067
0.029201
0.030853
0.047221
0.028677
0.029018
0.037565
0.033864
0.031183
0.040746
