4.031026
0.029061
0.033907
0.031476
0.038062
0.033850
0.031687
0.034333
0.032301
0.033051
0.031605
0.034196
0.031688
0.032566
0.033616
0.033500
0.051597
0.033988
0.031844
0.033512
0.032918
0.032049
0.040766
0.031994
0.033028
0.033089
0.034487
0.034821
0.042763
0.032190
0.033655
0.033959
0.043196
0.032958
0.033247
0.031440
0.032881
0.032374
0.034447
0.032390
0.033507
0.032576
0.032998
0.031712
0.031824
0.032777
0.033310
0.034539
0.033835
0.032622
0.032407
0.033529
0.033591
0.042560
0.032400
0.032862
0.032368
0.044834
0.034747
0.034072
0.032256
0.032439
0.029730
0.032053
0.032931
0.034504
0.034708
0.029730
0.031322
0.038912
0.031542
0.029468
0.031346
0.039080
0.031671
0.031192
0.034111
0.032277
0.040687
0.031002
0.034396
0.034350
0.030923
0.030241
0.034134
0.030883
0.035203
0.032153
0.032493
0.033641
