0.505049
0.036116
0.031132
0.065595
0.029780
0.030483
0.029426
0.030628
0.030088
0.030052
0.030158
0.030174
0.030326
0.030745
0.030159
0.030034
0.030245
0.029640
0.030910
0.030019
0.030022
0.030374
0.029058
0.029638
0.030632
0.029205
0.030032
0.032326
0.029665
0.030595
0.030362
0.029159
0.030290
0.030351
0.031284
0.030709
0.030604
0.030992
0.031498
0.031410
0.029987
0.030146
0.035065
0.030165
0.029000
0.030742
0.031191
0.031270
0.030490
0.030210
0.031962
0.031638
0.031774
0.030334
0.031268
0.030122
0.030045
0.030075
0.031403
0.053863
0.030504
0.030749
0.030381
0.030290
0.030436
0.030829
0.031320
0.030744
0.029997
0.030527
0.030457
0.030273
0.030607
0.062744
0.032097
0.031716
0.030705
0.031007
0.031126
0.029551
0.032154
0.031217
0.032355
0.032776
0.032195
0.030627
0.030903
0.032623
0.032291
0.032400
0.031573
0.032165
0.031514
0.031648
0.030861
0.031731
0.030959
0.031880
0.031819
0.029255
0.031430
