0.484815
0.036682
0.027885
0.034185
0.053466
0.025956
0.025501
0.026018
0.026357
0.025645
0.025446
0.025752
0.027338
0.025588
0.027232
0.028233
0.026481
0.027289
0.026208
0.027098
0.024931
0.026056
0.027699
0.029852
0.029054
0.027158
0.030161
0.034640
0.027672
0.033423
0.028368
0.029661
0.031093
0.030807
0.029387
0.028466
0.028747
0.028034
0.028246
0.028591
0.032487
0.029305
0.027565
0.028838
0.027493
0.026291
0.043579
0.026446
0.027638
0.027371
0.028239
0.027904
0.026413
0.027778
0.028138
0.027322
0.027290
0.028156
0.027688
0.027698
0.027299
0.027820
0.026276
0.026684
0.026614
0.026052
0.027362
0.026164
0.028581
0.029070
0.028250
0.027687
0.027271
0.028491
0.027431
0.032676
0.026650
0.030631
0.026817
0.027119
0.039132
0.025395
0.025106
0.025609
0.026455
0.027376
0.027252
0.026910
0.027811
0.026996
