0.509379
0.026506
0.029622
0.029432
0.029649
0.030339
0.049449
0.029607
0.030716
0.031523
0.031086
0.030726
0.046773
0.030601
0.030552
0.030432
0.031808
0.030491
0.062057
0.064640
0.029439
0.053707
0.029776
0.060420
0.031707
0.031932
0.031742
0.030944
0.054884
0.031172
0.030891
0.035422
0.030853
0.051393
0.030276
0.030435
0.036404
0.030343
0.048510
0.046344
0.029782
0.028835
0.029527
0.028400
0.039350
0.038767
0.029638
0.028508
0.028530
0.027530
0.030857
0.028478
0.028787
0.030122
0.030606
0.029950
0.029492
0.038997
0.029030
0.029165
0.062111
0.070110
0.028939
0.062429
0.037725
0.029708
0.028885
0.028924
0.029726
0.056435
0.061772
0.029749
0.027248
0.058795
0.030049
0.050603
0.036467
0.030557
0.051660
0.031745
0.038814
0.042507
0.030748
0.034808
0.029129
0.028128
0.029901
0.030074
0.029138
0.052647
0.031504
0.031712
0.057118
0.030342
0.030746
0.028791
0.034883
0.032203
0.028953
0.039216
0.044093
0.028982
0.029471
0.042421
0.030001
0.029435
0.030254
0.028582
0.029519
0.029253
0.059713
0.031837
0.028768
0.033067
0.028497
0.057418
0.034697
0.030445
0.062282
0.029355
0.064236
0.033574
0.029211
0.045971
0.029853
0.029527
0.029264
0.030141
0.031283
0.031137
0.029473
0.029789
0.028538
0.030509
0.028925
0.043430
0.057817
0.029625
0.030837
0.029527
0.029894
0.029152
0.030274
0.029974
0.030638
0.059537
0.041734
0.029989
0.051844
0.032608
0.028505
0.029273
0.029496
0.029281
0.029499
0.043338
0.039302
0.053038
0.029206
0.028941
0.035455
0.030427
0.029119
0.029423
0.029182
0.029609
0.028470
0.028839
0.044437
0.030212
0.030461
0.028304
0.028987
0.029571
0.030139
0.030660
0.029247
0.029200
0.028813
0.038124
0.029809
0.059498
0.028786
0.046273
0.029439
0.029830
0.029406
0.029730
0.029593
