0.538546
0.028816
0.029466
0.033147
0.031836
0.031813
0.030694
0.036230
0.031300
0.037843
0.030610
0.031265
0.058101
0.030402
0.030753
0.030871
0.031445
0.039178
0.030654
0.030508
0.039066
0.029845
0.030357
0.029835
0.028445
0.028683
0.030844
0.031492
0.030089
0.037749
0.029974
0.030205
0.030373
0.031006
0.030018
0.038868
0.030022
0.029267
0.029247
0.028584
0.028843
0.028841
0.029985
0.029552
0.028520
0.028846
0.029281
0.028972
0.027747
0.030335
0.030615
0.030374
0.028857
0.029056
0.039430
0.030265
0.030185
0.030155
0.029291
0.028348
0.027904
0.027973
0.036380
0.029696
0.029220
0.029291
0.028481
0.030705
0.037788
0.039902
0.030155
0.032160
0.030058
0.031512
0.030491
0.037828
0.028413
0.033963
0.029719
0.029630
0.029033
0.031252
0.029681
0.029882
0.029953
0.031158
0.029865
0.033863
0.039935
0.029310
0.029576
0.030356
0.039940
0.028960
0.031090
0.029995
0.031283
0.034971
0.032080
0.031226
0.029021
0.029630
0.030039
0.029909
0.031363
0.039670
0.029906
0.035909
0.031766
0.040325
0.031358
0.030783
0.031199
0.038298
0.054310
0.046777
0.030356
0.030915
0.030164
0.030803
0.033408
0.040290
0.040161
0.029690
0.028271
0.029186
0.031579
0.031542
0.038587
0.029078
0.030396
