2.293556
0.119315
0.130847
0.139338
0.133355
0.092098
0.076711
0.071470
0.096366
0.110255
0.117480
0.121870
0.120914
0.124352
0.131488
0.131640
0.077264
0.109406
0.034059
0.112500
0.115638
0.123641
0.133868
0.133514
0.137347
0.140693
0.119576
0.034859
0.116666
0.031454
0.125227
0.118906
0.137324
0.136086
0.125049
0.128219
0.111107
0.048471
0.105620
0.034410
0.115114
0.112919
0.123852
0.124227
0.126682
0.120464
0.124893
0.120132
0.070541
0.109233
0.035816
0.029001
0.028369
0.027052
0.028371
0.027249
0.028103
0.028515
0.028773
0.028535
0.030906
0.029631
0.029550
0.029104
0.031696
0.031611
0.030542
0.028816
0.030427
0.031015
0.029666
0.031658
0.030984
0.030330
0.032549
0.029483
0.028964
0.030646
0.028833
0.031051
0.029715
0.029745
0.029788
0.030015
0.029491
0.028460
0.029540
0.029980
0.030475
0.033090
0.029902
0.032508
0.030697
0.028114
0.031252
0.028120
0.028671
0.027613
0.028980
0.028617
0.027903
0.027723
0.028421
0.028055
0.029482
0.030310
0.029846
0.027668
0.027231
0.027032
