0.529205
0.027351
0.035003
0.054373
0.031345
0.028713
0.028204
0.028934
0.029192
0.028369
0.029456
0.029302
0.055255
0.028425
0.028911
0.029650
0.041502
0.030063
0.030771
0.029845
0.055225
0.029735
0.029895
0.031291
0.059249
0.029501
0.030080
0.031306
0.029235
0.029628
0.029772
0.030004
0.054531
0.030200
0.029539
0.030413
0.042375
0.029759
0.028674
0.029323
0.027498
0.027908
0.028387
0.027611
0.028870
0.029017
0.028901
0.029159
0.029263
0.029476
0.029355
0.030252
0.029201
0.029488
0.029770
0.029135
0.031093
0.029733
0.029432
0.029249
0.029596
0.030157
0.029098
0.029845
0.030679
0.030530
0.029502
0.037740
0.030257
0.029547
0.029893
0.030464
0.029602
0.030509
0.029728
0.042749
0.031147
0.040422
0.029612
0.029503
0.030862
0.029276
0.029850
0.031524
0.029742
0.029244
0.029271
0.029478
0.029088
0.030442
0.030859
0.030899
0.030437
0.031941
0.029622
0.030040
0.029591
0.030432
0.030377
0.030190
0.030023
0.030130
0.030643
0.030201
0.029731
0.029322
0.029868
0.029639
0.029877
0.031637
0.061073
0.030782
0.030578
0.062593
0.030029
0.030843
0.030972
0.029282
0.030635
0.031211
0.030722
0.031696
0.029314
0.030692
0.031402
0.031170
0.030864
0.031308
0.032662
0.030664
0.031088
0.031917
0.034719
0.031149
0.042850
0.029359
0.031158
0.030799
0.040850
0.030333
0.029312
0.031272
0.031055
0.029220
0.043239
0.030397
0.030798
0.034086
0.031420
0.030607
0.030042
0.030339
0.053405
0.031625
0.031222
0.043650
0.030612
0.030534
0.032316
0.031353
0.032517
0.030660
0.032181
0.030909
0.040707
0.031205
0.030523
0.043419
0.031140
0.031274
0.030862
0.032646
0.031401
0.031775
0.032645
0.031465
0.032421
0.031365
0.041381
0.031201
0.031981
0.030541
0.031133
0.031129
0.040549
0.030662
0.030414
0.030156
0.030710
0.031152
0.029785
0.030092
0.031530
0.030939
0.031406
0.031571
0.031459
0.031398
0.067237
0.030656
0.030655
0.031312
0.030856
0.031150
0.031008
0.030349
0.034988
0.029269
0.037734
0.031701
0.055256
0.054711
0.033130
0.045957
0.031475
0.048908
0.029590
0.031364
0.035446
0.043243
0.030154
0.028885
0.048738
0.029757
0.044069
0.030603
0.034936
0.032644
0.030713
0.031085
0.031838
0.031250
0.031020
0.031033
0.059579
0.048398
0.031233
0.028617
0.040043
0.029905
0.030498
0.039902
0.029906
0.030404
0.029973
0.048547
0.033748
0.029799
0.027481
0.027098
0.029755
