2.763756
0.044761
0.025964
0.026860
0.038010
0.042059
0.029363
0.026032
0.026500
0.029335
0.027233
0.026815
0.050057
0.031519
0.029022
0.051373
0.026715
0.030182
0.029341
0.031761
0.029135
0.029090
0.027285
0.027376
0.026837
0.034700
0.030972
0.041691
0.024683
0.026594
0.026914
0.042852
0.025308
0.028342
0.027982
0.038170
0.027606
0.028322
0.027479
0.046191
0.026616
0.026919
0.042461
0.039514
0.030411
0.027794
0.026209
0.026470
0.026038
0.025963
0.026682
0.063458
0.037993
0.042735
0.026465
0.031394
0.032497
0.040367
0.028568
0.028858
0.028489
0.030902
0.028547
0.044294
0.028258
0.044059
0.027561
0.029779
0.028627
0.029666
0.026935
0.026961
0.026588
0.026505
0.027069
0.026561
0.028432
0.037995
0.027839
0.027070
0.026743
0.027457
0.025296
0.026596
0.028502
0.026337
0.028511
0.027443
0.026926
0.025661
0.027900
0.027678
0.027221
0.027326
0.028636
0.027433
0.025578
0.027047
0.031143
0.031639
0.027173
