0.507860
0.036972
0.032047
0.033209
0.031727
0.031892
0.055047
0.034396
0.031623
0.033705
0.028719
0.028730
0.045144
0.031663
0.029102
0.029202
0.028903
0.031182
0.047709
0.039143
0.035240
0.030208
0.030613
0.030674
0.042399
0.030444
0.054710
0.029773
0.030247
0.029947
0.028986
0.029481
0.042434
0.033576
0.029479
0.028988
0.031947
0.032420
0.031124
0.029823
0.033845
0.030483
0.029805
0.030053
0.031032
0.029786
0.030657
0.035603
0.036225
0.031866
0.030936
0.030794
0.030402
0.032877
0.029860
0.028399
0.030533
0.113851
0.121430
0.138119
0.136468
0.140823
0.125875
0.123335
0.117967
0.129905
0.131018
0.140303
0.137455
0.135625
0.143111
0.133669
0.057623
0.114773
0.118348
0.121390
0.142908
0.138076
0.124445
0.139209
0.134885
0.087251
0.056794
0.030091
0.128603
0.141486
0.139987
0.136123
0.136522
0.108285
0.123530
0.125420
0.124608
0.134567
0.134855
0.136142
0.116722
0.127601
0.115663
0.125910
0.136385
0.137996
0.134269
0.126987
0.117548
0.031427
0.033087
0.034509
0.031116
0.030776
0.033481
0.034337
0.030187
0.031329
0.032174
0.031805
0.032393
0.031013
0.030189
0.030218
0.031133
0.030850
0.031011
0.031760
0.033336
0.032469
0.031974
0.034752
0.033679
0.034132
0.034135
0.033977
0.033100
0.034535
0.031568
0.030894
0.030649
0.031243
0.030716
0.031000
0.037259
0.030973
0.033621
0.031921
0.031457
0.031666
0.029933
0.031038
0.030804
0.034476
0.031996
