0.543591
0.026799
0.027646
0.026880
0.026599
0.027313
0.025572
0.025676
0.026760
0.028301
0.032089
0.032329
0.026880
0.027438
0.032297
0.027611
0.028665
0.027207
0.026669
0.026565
0.027151
0.027013
0.027348
0.025378
0.025479
0.026006
0.026387
0.026580
0.025616
0.025743
0.025234
0.025928
0.026197
0.027857
0.025686
0.025560
0.025799
0.025806
0.025805
0.025851
0.026041
0.027081
0.026814
0.027142
0.026486
0.027858
0.029282
0.027901
0.028052
0.030273
0.029726
0.029709
0.030523
0.029275
0.029056
0.028419
0.030069
0.031680
0.029106
0.029769
0.030537
0.030243
0.029660
0.029675
0.029207
0.028621
0.029621
0.028580
0.029985
0.028713
0.030012
0.028865
0.028466
0.029803
0.030236
0.028863
0.028562
0.027527
0.027229
0.028925
0.028535
0.028033
0.029567
0.030180
0.033059
0.032722
0.033212
0.029347
0.031741
0.028731
0.030658
0.028110
0.029857
0.027840
0.026968
0.025581
0.026638
0.027370
0.027962
0.028166
