0.523547
0.041708
0.027067
0.036862
0.026705
0.034611
0.025083
0.024930
0.030815
0.041792
0.037669
0.052315
0.050422
0.030571
0.030524
0.050750
0.030473
0.030571
0.042250
0.028820
0.031480
0.054912
0.050207
0.028603
0.028740
0.038474
0.041350
0.037725
0.031306
0.028938
0.032067
0.030879
0.028805
0.028595
0.030105
0.028163
0.038754
0.034489
0.028592
0.030604
0.030249
0.032250
0.030442
0.031445
0.030702
0.029415
0.028554
0.043144
0.029074
0.028754
0.028632
0.041375
0.038121
0.057990
0.049817
0.046655
0.058149
0.030607
0.047819
0.030177
0.029944
0.029741
0.028275
0.042093
0.035276
0.029749
0.028964
0.030437
0.030274
0.029373
0.030981
0.029895
0.031149
0.049562
0.027721
0.028125
0.028032
0.031866
0.029994
0.037905
0.028057
0.028067
0.029550
0.031070
0.034709
0.030379
0.030025
0.029140
0.033005
0.029818
0.029838
0.029454
0.029793
0.029632
0.029747
0.052918
0.038042
0.066574
0.040348
0.028929
0.056146
0.056398
0.036886
0.030895
0.031126
0.031420
0.034465
0.040298
0.044638
0.041482
0.029334
0.032684
0.031343
0.038637
0.044985
0.043766
0.030804
0.040454
0.029585
0.056650
0.030340
0.031527
0.031380
0.041311
0.031316
0.038501
0.031207
0.047041
0.030148
0.029008
0.029609
0.030782
0.030020
0.039196
0.029999
0.030619
0.038752
0.031135
0.028390
0.029914
0.029803
0.031641
0.030593
0.030401
0.030304
0.028849
0.028890
0.028221
0.028419
0.028050
0.028389
0.028543
0.028170
0.028311
0.028172
0.028780
0.028709
0.036976
0.030339
0.037917
0.029632
0.028432
0.030300
0.029190
0.028708
0.029791
0.037946
0.028157
0.029015
0.028232
0.028399
0.028605
0.028141
0.035529
0.029619
0.028157
0.035767
0.030274
0.029772
0.039203
0.028805
0.029643
0.029149
0.030488
0.028438
0.029792
0.030267
0.031605
0.031058
0.044289
0.037637
0.028350
0.027930
0.029794
0.029884
0.028425
0.027621
0.028629
0.027792
0.035420
0.034999
0.028871
0.027412
0.030152
0.028501
0.027337
0.028005
0.029272
0.029323
0.027386
0.027335
0.030124
0.035918
0.029447
0.029603
0.029043
0.030121
0.030730
0.029688
0.031643
0.028552
0.028266
0.029322
0.028496
0.033528
0.029937
0.030814
0.030110
0.033113
0.029057
0.054669
0.052719
0.031233
0.030951
0.031781
0.032242
0.031809
0.032857
0.039928
0.029579
0.029685
0.030912
0.033924
0.029067
0.063093
0.029860
0.031196
0.030932
0.030688
0.030775
0.030693
0.029763
0.031430
0.031106
0.030175
0.029626
0.029753
0.029637
0.030287
0.028266
0.030550
0.030394
0.031924
0.030267
0.030099
0.030337
0.029811
0.047284
0.031006
0.045019
0.028293
0.043149
0.043865
0.028331
0.029863
0.029517
0.029027
0.031882
0.053877
0.047400
0.036828
0.031485
0.029563
0.029269
0.029198
0.029947
0.028905
0.030696
0.031068
0.028383
0.029183
0.028315
0.028588
0.029892
0.028301
0.029228
0.029512
0.030086
0.027963
0.028164
0.028111
0.027927
0.028462
0.028852
0.028278
0.028522
0.028256
0.028395
0.028486
0.030052
0.030390
0.031932
0.029570
0.027633
0.028617
0.029715
0.027281
0.030050
0.030217
0.029950
0.029592
0.029389
0.029249
0.028114
0.028486
0.028927
0.029530
0.027454
0.030304
0.029408
0.030156
0.027207
0.028904
0.029647
0.029452
0.030180
0.030795
0.031254
0.028420
0.028692
0.028553
0.030632
0.029452
0.029014
0.029397
0.029700
0.029770
0.028888
0.028230
0.028297
0.028188
0.029341
0.029051
0.028606
0.028217
0.029155
0.028588
0.028631
0.029310
0.028630
0.032949
0.028853
0.028699
0.029168
0.027807
0.028268
0.028509
0.027779
0.028980
0.030212
0.030366
0.029518
0.027812
0.028201
0.027244
0.028918
0.031236
0.029857
0.030176
0.030622
0.030665
0.030114
0.038653
0.028026
0.033888
0.031009
0.030036
0.029531
0.028249
0.031685
0.031631
0.046162
0.029581
0.034993
0.030603
0.046229
0.030780
0.030425
0.036514
0.033460
0.037545
0.052443
0.054142
0.064344
0.029253
0.029150
0.031775
0.038434
0.029839
0.030628
0.038124
0.030343
0.044837
0.031282
0.052655
0.034843
0.029452
0.030571
0.036074
0.048799
0.029940
0.036660
0.049149
0.033020
0.035202
0.042573
0.033886
0.040986
0.028270
0.030326
0.028658
0.039097
0.036007
0.053715
0.040511
0.053202
0.031124
0.029631
0.030105
0.037975
0.034539
0.029498
0.030784
0.050856
0.054167
0.030448
0.036549
0.043364
0.042053
0.029604
0.046930
0.028558
0.040413
0.031678
0.030011
0.031697
0.030139
0.031370
0.031893
0.031248
0.037005
0.056462
0.031842
0.029287
0.041362
0.047385
0.032778
0.044888
0.035411
0.029727
0.029978
0.035154
0.052264
0.035261
0.036099
0.057421
0.030627
0.029107
0.028190
0.029792
0.031388
0.034872
0.030573
0.032652
0.028261
0.029689
0.038008
0.030127
0.030439
0.028937
0.028870
0.036669
0.029437
0.029003
0.041127
0.029466
0.028646
0.027813
0.029786
0.029893
0.030354
0.039254
0.038854
0.031272
0.034445
0.038824
0.030459
0.041964
0.047581
0.028937
0.028386
0.048441
0.029899
0.029406
0.031244
0.043901
0.030952
0.029241
0.031100
0.032037
0.046096
0.030610
0.029065
0.042122
0.034283
0.045321
0.031139
0.040527
0.050727
0.030175
0.039981
0.030686
0.035526
0.031500
0.049899
0.035199
0.032929
0.030515
0.042678
0.051234
0.046658
0.028742
0.028698
0.031539
0.058389
0.034181
0.051777
0.054474
0.030524
0.038591
0.029948
0.032933
0.030126
0.030118
0.059484
0.043931
0.030302
0.032995
0.030732
0.030395
0.029134
0.031967
0.031652
0.030062
0.032076
0.031375
0.049715
0.029753
0.031216
0.034535
0.030259
0.035660
0.028841
0.029356
0.031141
0.028832
0.031493
0.031132
0.030396
0.030446
0.030240
0.028660
0.028858
0.031060
0.030360
0.029866
0.038268
0.029358
0.041373
0.029737
0.030682
0.031148
0.039149
0.030295
0.028709
0.028908
0.028853
0.030001
0.030452
0.030757
0.028921
0.042246
0.029398
0.030496
0.028388
0.030569
0.028597
0.028767
0.028674
0.031746
0.032728
0.031599
0.056216
0.044433
0.047536
0.037503
0.029045
0.030593
0.040625
0.041513
0.029271
0.030815
0.031246
0.033543
0.029740
0.029772
0.030241
0.030707
0.031376
0.032397
0.032621
0.032583
0.029839
0.029997
0.030944
0.032945
0.032443
0.036119
0.032891
0.031234
0.032541
0.121001
0.133276
0.146861
0.138001
0.124279
0.127812
0.121907
0.085914
0.116822
0.118418
