0.497640
0.027227
0.031870
0.033980
0.064084
0.033674
0.029119
0.029516
0.028495
0.028856
0.028522
0.028648
0.028322
0.029234
0.029247
0.029817
0.029595
0.029655
0.032159
0.029959
0.029329
0.028014
0.029437
0.034548
0.058268
0.031809
0.029972
0.028755
0.029686
0.029225
0.030194
0.029028
0.028887
0.031388
0.031363
0.032795
0.042005
0.032548
0.030725
0.028909
0.032783
0.032430
0.030244
0.028681
0.028559
0.030616
0.033410
0.029928
0.029609
0.028622
0.030415
0.031755
0.030492
0.030764
0.028289
0.030391
0.030381
0.035628
0.029634
0.029798
0.030571
0.029478
0.028604
0.029949
0.028969
0.032569
0.029227
0.030174
0.028110
0.030303
0.028304
0.029664
0.030740
0.029460
0.030469
0.028794
0.029498
0.028455
0.029558
0.029822
