0.511421
0.028573
0.027908
0.026965
0.028507
0.027016
0.027080
0.036714
0.110514
0.108315
0.118892
0.121150
0.125048
0.117081
0.121449
0.115170
0.052263
0.114733
0.110194
0.105615
0.122046
0.120066
0.126252
0.118368
0.119232
0.121331
0.065571
0.112967
0.108073
0.107622
0.126445
0.135219
0.132344
0.134761
0.132227
0.125936
0.124558
0.126223
0.128926
0.139817
0.125902
0.122481
0.125428
0.049078
0.117897
0.126109
0.123588
0.136422
0.137591
0.136587
0.137969
0.087150
0.124066
0.126601
0.125742
0.139080
0.136269
0.137082
0.126898
0.124251
0.079650
0.115100
0.029612
0.028863
0.030936
0.034359
0.031106
0.029610
0.029648
0.028646
0.029499
0.029508
0.031381
0.030541
0.036272
0.031326
0.030511
0.029547
0.031685
0.030579
0.032679
0.032724
0.031611
0.029581
0.031508
0.032515
0.032588
0.032622
0.031734
0.032141
0.032443
0.032127
0.032427
0.031747
0.029438
0.031458
0.031062
0.031505
0.029902
0.031192
0.030786
0.029351
0.030227
0.037380
0.028616
0.029827
0.031498
0.030774
0.032305
0.031894
0.030928
0.031062
0.030000
0.029660
0.029186
0.030071
