0.500021
0.033319
0.026543
0.031747
0.031355
0.033140
0.048874
0.030982
0.035025
0.033472
0.029464
0.047647
0.028987
0.029710
0.039018
0.028616
0.029439
0.028785
0.029855
0.036478
0.028926
0.029610
0.029514
0.030427
0.030235
0.028651
0.028730
0.030341
0.029511
0.047822
0.030545
0.054925
0.029208
0.029011
0.029533
0.039194
0.047106
0.030666
0.028729
0.028639
0.029236
0.030082
0.030289
0.033015
0.030988
0.029883
0.030222
0.030088
0.032706
0.052474
0.030271
0.030020
0.032494
0.037480
0.031574
0.032134
0.032229
0.030426
0.040387
0.041633
0.031865
0.031208
0.030377
0.031833
0.029872
0.029678
0.029856
0.031863
0.030597
0.029489
0.029698
0.028757
0.039762
0.030011
0.038720
0.031241
0.030478
0.030041
0.031945
0.031163
0.031106
0.031912
0.030521
0.033693
0.030407
0.030568
0.028719
0.028963
0.029583
0.030135
0.030287
0.029882
0.029529
0.029476
0.029253
0.029996
0.052389
0.033735
0.038442
0.029564
0.029389
0.031370
0.029809
0.029290
0.029806
0.030771
0.033288
0.031077
0.030034
0.030864
0.030047
0.029468
0.029392
0.030684
0.029656
0.028744
0.029758
0.029276
0.032919
0.029335
0.030469
0.030441
0.029553
0.028830
0.029664
0.028566
0.030174
0.031515
0.037117
0.030060
0.030179
0.030767
0.032463
0.028892
0.038223
0.029013
0.033387
0.030488
0.029986
0.029738
0.028595
0.028800
0.028389
0.035901
0.033481
0.029159
0.029589
0.032979
0.031362
0.032109
0.031008
0.045858
0.030904
0.032703
0.030756
0.031329
0.030949
0.029452
0.032018
0.040751
0.031485
0.030217
0.038580
0.031216
0.036800
0.032843
0.031076
0.030549
0.031042
0.031410
0.030686
0.030462
0.030019
0.031131
0.031943
0.028819
0.030956
0.030660
0.030705
0.029790
0.030616
0.031354
0.029372
0.029950
0.031631
0.031165
0.030295
0.031140
0.030084
0.029390
0.028670
0.028416
0.029046
0.031631
0.029929
0.031897
0.030791
0.028976
0.029332
0.028009
0.028296
0.029907
0.030888
0.028790
0.027815
0.029270
0.029766
0.029969
0.029979
0.031664
0.039597
0.027693
0.028010
0.028060
0.037274
0.035684
0.028003
0.027548
0.029253
0.029072
0.029472
0.028087
0.030090
0.028719
0.036035
0.029798
0.029685
0.029342
0.028320
0.029912
0.028779
0.029474
0.028785
0.028214
0.027997
0.029103
0.027314
0.028122
0.040371
0.039925
0.030410
0.029401
0.028866
0.028584
0.031230
0.029994
0.037715
0.028424
0.028215
0.028991
0.028847
0.031361
0.028322
0.047465
0.030861
0.031054
0.028885
0.029333
0.037664
0.029577
0.027650
0.029557
0.029593
0.030103
0.028854
0.028975
0.029900
0.029562
0.030021
0.030955
0.028754
0.029828
0.028401
0.029063
0.028655
0.028522
0.028941
0.029005
0.031479
0.028508
0.028229
0.030918
0.028310
0.030339
0.028963
0.029841
0.028962
0.029986
0.029309
0.035832
0.028849
0.029495
0.029765
0.029162
0.038206
0.029305
0.030849
0.029979
0.029844
0.030005
0.029181
0.030797
0.030193
0.030595
0.031029
0.030825
0.028953
0.030841
0.029219
0.028853
0.029429
0.029053
0.038797
0.029258
0.028996
0.029257
0.029444
0.031179
0.029141
0.032087
0.028992
0.029509
0.038587
0.028249
0.028835
0.028225
0.036023
0.029306
0.028016
0.028345
0.028745
0.029545
0.028115
0.030119
0.028492
0.029267
0.033600
0.031817
0.029771
0.030118
0.030115
0.028847
0.036321
0.030378
0.030030
0.029073
0.029413
0.028644
0.030417
0.028271
0.031610
0.030342
0.039952
0.028651
0.028492
0.029873
0.030726
0.030809
0.029121
0.028080
0.036505
0.028891
0.029863
0.028915
0.029883
0.029620
0.029676
0.036009
0.028208
0.030185
0.031992
0.032457
0.030744
0.029064
0.032614
0.030924
0.027905
0.030318
0.029040
0.029856
0.029802
0.028940
0.032913
0.029226
0.030611
0.036441
0.034541
0.031406
0.031180
0.030890
0.031214
0.030068
0.031061
0.030232
0.037389
0.028939
0.029799
0.029291
0.028967
0.029534
0.028964
0.029292
0.028712
0.029865
0.030721
0.029886
0.031896
0.029639
0.028818
0.029279
0.030590
0.031137
0.029348
0.030592
0.028510
0.030072
0.029183
0.030366
0.031317
0.030016
0.032695
0.031607
0.031500
0.032606
0.029713
0.031067
0.031040
0.030378
0.030609
0.031167
0.033271
0.036595
0.031903
0.030732
0.029944
0.029262
0.104621
0.121256
0.117970
0.124548
0.122530
0.133057
0.050713
0.112534
0.115542
0.135683
0.134764
0.136766
0.137400
0.122688
0.040939
0.112338
0.115599
0.120291
0.126412
0.124991
0.136588
0.128733
0.123523
0.077678
0.119197
0.119144
0.112120
0.121988
0.126176
0.122079
0.122386
0.123170
0.114804
0.031825
0.031194
0.029590
0.032712
0.062706
0.117280
0.049770
0.125485
0.130107
0.137343
0.125055
0.135473
0.127096
0.120982
0.056489
0.029572
0.030264
0.030096
0.075008
0.067538
0.117641
0.124448
0.135214
0.133365
0.133211
0.123549
0.124814
0.035820
0.119404
0.029496
0.029427
0.029196
0.030078
0.030897
0.028600
0.028079
0.029364
0.029818
0.027943
0.032598
0.030139
0.028166
0.028310
0.030502
0.034843
0.031058
0.031065
0.030653
0.029811
0.029715
0.030633
0.030140
0.030176
0.031374
0.031513
0.030409
0.029466
0.030339
0.031649
0.029912
0.032313
0.029989
0.031456
0.032323
0.032511
0.032125
0.031898
0.033639
0.031828
0.031623
0.032209
0.030682
0.030616
0.031019
0.034275
0.032135
0.033593
0.051688
0.029871
0.031069
0.030988
0.030758
0.031445
0.031539
0.030734
0.030374
0.035631
0.029484
0.030201
0.031531
0.037972
0.029840
0.031626
0.030690
0.031466
0.032310
0.030447
0.032851
0.031507
0.034051
0.030310
0.030622
0.030769
0.029338
0.030277
0.029963
0.029313
0.028280
0.028636
0.028597
0.030754
0.030606
0.031465
0.028776
0.029523
0.030738
0.030269
0.029601
0.029892
0.028302
0.047493
0.029371
0.028953
0.027997
0.038699
0.028143
0.027926
0.033553
0.029493
0.030760
0.029282
0.028169
0.029567
0.028997
0.028666
0.029548
0.028530
0.032831
0.029256
0.029109
0.056258
0.027925
0.027390
0.029059
0.035753
0.029031
0.038647
0.030507
0.030254
0.028926
0.029661
0.040069
0.028537
0.029440
0.029505
0.038388
0.028774
0.028590
0.030528
0.029928
0.038606
0.030063
0.029416
0.029529
0.029295
0.027585
0.028990
0.028970
0.029597
0.031839
0.034248
0.027743
0.028908
0.027669
0.028963
0.028451
0.030346
0.030407
0.029907
0.027565
0.028229
0.028010
0.028455
0.030015
0.028566
0.037441
0.028164
0.028524
0.030349
0.039757
0.028837
0.037879
0.030823
0.027834
0.028510
0.027782
0.029999
0.030589
0.028723
0.029273
0.029217
0.028970
0.028429
0.056684
0.028028
0.028310
0.028556
0.028416
0.038826
0.028981
0.027884
0.036955
0.029863
0.028161
0.030052
0.028471
0.028710
0.028006
0.027613
0.027668
0.028601
0.028533
0.028843
0.034729
0.027763
0.029941
0.030324
0.029295
0.028093
0.029389
0.029114
0.028760
0.030041
0.029020
0.028027
0.028186
0.036837
0.028335
0.028189
0.029794
0.027552
0.027923
0.030129
0.028468
0.037687
0.029150
0.036292
0.036742
0.029765
0.030597
0.028998
0.027806
0.027717
0.036294
0.040329
0.027903
0.029100
0.027983
0.027697
0.029654
0.028265
0.028619
0.028378
0.028065
0.048308
0.029135
0.030542
0.029412
0.028819
0.042228
0.039405
0.029506
