0.513876
0.050083
0.032406
0.033987
0.040995
0.033149
0.038051
0.041278
0.032416
0.030972
0.032557
0.054388
0.029153
0.038984
0.030824
0.031342
0.040182
0.040961
0.030248
0.033426
0.029974
0.032858
0.032144
0.040332
0.031886
0.031004
0.030850
0.032132
0.032780
0.030031
0.036203
0.032373
0.032223
0.031913
0.031470
0.030370
0.030141
0.031594
0.033224
0.031834
0.031436
0.031767
0.031518
0.032616
0.030438
0.034321
0.030880
0.033539
0.032466
0.030428
0.032102
0.028172
0.028515
0.049845
0.033510
0.031026
0.030055
0.029909
0.028528
0.031673
0.029494
0.028867
0.032884
0.038117
0.029713
0.028603
0.029456
0.029992
0.029799
0.036463
0.032132
0.031316
0.028478
0.028459
0.028658
0.028999
0.038863
0.030356
0.039045
0.029253
0.030379
0.030467
0.032831
0.035120
0.029323
0.030101
0.028566
0.028766
0.028107
0.030493
0.029713
0.029933
0.030490
0.029468
0.030444
0.030392
0.032537
0.031939
0.035141
0.042138
0.034908
