0.512530
0.028380
0.064766
0.030366
0.029569
0.031075
0.029563
0.063845
0.030832
0.032063
0.032142
0.033295
0.038478
0.032603
0.031802
0.030416
0.032040
0.031522
0.041247
0.031574
0.032024
0.030758
0.033117
0.031464
0.030184
0.032596
0.032458
0.031752
0.030044
0.030129
0.031610
0.031144
0.030145
0.031824
0.032213
0.029963
0.029870
0.031767
0.030947
0.031140
0.047303
0.031899
0.031421
0.029616
0.031182
0.031721
0.030654
0.030612
0.031364
0.032104
0.031152
0.034648
0.031205
0.031170
0.031131
0.029853
0.031511
0.031453
0.035392
0.043611
0.032919
0.030830
0.032033
0.030771
0.031046
0.032631
0.031241
0.030614
0.031470
0.031294
0.034515
0.030772
0.031423
0.031930
0.032446
0.031999
0.030809
0.049455
0.032217
0.030575
0.031796
0.031061
0.031064
0.031066
0.032109
0.030607
0.030961
0.036723
0.031893
0.031903
0.031686
0.032207
0.032146
0.032010
0.030468
0.042394
0.030985
0.031413
0.032121
0.030711
