0.553319
0.031093
0.031938
0.028367
0.026423
0.025734
0.025288
0.026669
0.026357
0.042063
0.044854
0.031425
0.032792
0.030568
0.030181
0.033149
0.030887
0.061164
0.029617
0.029850
0.056673
0.030084
0.030475
0.039030
0.040151
0.042824
0.033970
0.032917
0.031390
0.042977
0.031523
0.030946
0.030289
0.030744
0.034275
0.032692
0.033511
0.033271
0.033209
0.032859
0.038528
0.032205
0.043809
0.032214
0.031971
0.031013
0.035357
0.032804
0.031827
0.033152
0.032015
0.032644
0.031763
0.031946
0.032367
0.031898
0.040293
0.031600
0.039156
0.032314
0.032162
0.032507
0.031699
0.032381
0.032329
0.031682
0.034107
0.030842
0.032126
0.030888
0.038838
0.032911
0.032013
0.031763
0.030037
0.031018
0.036652
0.031806
0.032191
0.030435
0.031363
