0.573124
0.027221
0.027186
0.027191
0.026737
0.027058
0.031319
0.031665
0.031465
0.031538
0.031516
0.031176
0.031271
0.031172
0.031511
0.031807
0.031480
0.031551
0.031523
0.028383
0.030687
0.028443
0.028595
0.028720
0.028276
0.028371
0.028926
0.029068
0.029221
0.029372
0.028692
0.028956
0.028890
0.029238
0.029157
0.029135
0.029291
0.029211
0.029237
0.029536
0.034365
0.029608
0.029272
0.029399
0.029474
0.029587
0.029665
0.029361
0.029136
0.029731
0.029754
0.029980
0.029681
0.029510
0.030025
0.030016
0.029826
0.029905
0.029923
0.029881
0.034964
0.030118
0.029925
0.029987
0.030027
0.030310
0.030310
0.030619
0.030497
0.030161
0.030308
0.030160
0.030357
0.030661
0.028797
0.030375
0.030590
0.030677
0.030798
0.030397
0.035743
0.030735
0.030831
0.030800
0.030446
0.030655
0.030747
0.031093
0.030701
0.030828
0.031099
0.031039
0.030804
0.030942
0.031201
0.031200
0.031147
0.031188
0.031140
0.031412
