0.557453
0.018079
0.017506
0.017867
0.017549
0.017725
0.019883
0.020440
0.019963
0.018914
0.020161
0.020517
0.017966
0.017948
0.019036
0.017034
0.020575
0.019471
0.020795
0.019414
0.021365
0.019457
0.019160
0.018452
0.020829
0.019660
0.020870
0.019909
0.020770
0.019654
0.019161
0.019522
0.019171
0.019671
0.020683
0.019615
0.020730
0.021115
0.019656
0.021518
0.024559
0.020124
0.019695
0.020084
0.021006
0.020166
0.021374
0.020561
0.021494
0.020517
0.021573
0.020482
0.021378
0.020582
0.020318
0.020844
0.019533
0.019714
0.019798
0.019722
0.023604
0.019922
0.020707
0.021118
0.020046
0.019984
0.018708
0.020052
0.020120
0.020164
0.018861
0.020524
0.020422
0.020580
0.020478
0.020655
0.019214
0.020915
0.019354
0.020607
0.025428
0.020767
0.020677
0.020730
0.019596
0.021183
0.020918
0.021106
0.020750
0.020949
0.020905
0.020802
0.019578
0.019696
0.019771
0.021144
0.021215
0.021299
0.021116
0.021201
0.026030
