0.555567
0.014935
0.015696
0.015636
0.015717
0.015709
0.016860
0.016823
0.015688
0.016871
0.016971
0.016994
0.016962
0.017083
0.017163
0.017128
0.017244
0.017167
0.017183
0.017198
0.019460
0.017518
0.017493
0.017414
0.017331
0.017631
0.017594
0.017598
0.017635
0.017340
0.017560
0.017582
0.017534
0.017609
0.017554
0.017638
0.017786
0.017781
0.017797
0.017739
0.022899
0.017901
0.018002
0.017991
0.018076
0.018069
0.018211
0.018275
0.018191
0.018475
0.018215
0.017150
0.018332
0.018399
0.018457
0.018581
0.018576
0.018713
0.018730
0.017516
0.023785
0.017403
0.017424
0.018880
0.017494
0.018723
0.018663
0.018875
0.018877
0.018762
0.018988
0.019070
0.018976
0.019001
0.019093
0.019078
0.019293
0.019281
0.019208
0.019322
0.024238
0.019672
0.018023
0.018003
0.019343
0.019352
0.019631
0.019767
0.019865
0.019774
0.019868
0.019915
0.019917
0.019850
0.018542
0.020021
0.019751
0.019860
0.018596
0.019918
0.024851
