0.595577
0.019773
0.019334
0.017191
0.017193
0.018357
0.019213
0.018339
0.019241
0.018208
0.018214
0.018080
0.019263
0.019428
0.019425
0.019594
0.018491
0.019646
0.018757
0.019871
0.022295
0.019026
0.019121
0.020046
0.019850
0.019858
0.020127
0.019984
0.020088
0.020206
0.020265
0.019277
0.019279
0.020338
0.019392
0.019560
0.020728
0.020764
0.020879
0.019645
0.026039
0.021222
0.021082
0.021285
0.019772
0.019778
0.019443
0.019504
0.019504
0.020684
0.020670
0.019650
0.020744
0.019711
0.020848
0.019857
0.019697
0.019854
0.019990
0.021067
0.026039
0.020100
0.020102
0.020187
0.020352
0.020161
0.020037
0.021436
0.020163
0.020323
0.020319
0.021483
0.021329
0.020646
0.020416
0.020522
0.020518
0.020468
0.021838
0.020469
0.025645
