420	151	87	320
414	158	96	314
415	152	99	315
419	156	89	319
404	149	114	324
402	150	107	330
389	151	112	327
376	156	116	328
366	160	114	329
366	154	91	332
345	160	87	315
349	165	74	318
331	167	84	317
313	159	97	315
305	157	118	321
314	156	101	322
319	156	112	320
339	154	91	326
347	152	96	302
356	162	97	308
361	163	111	304
375	161	104	312
386	161	94	309
390	157	102	310
394	158	97	314
397	159	102	319
398	158	102	323
396	152	102	322
398	153	113	330
408	153	104	331
415	148	105	322
422	153	107	327
431	149	108	323
438	146	98	326
433	153	104	317
425	152	106	327
419	154	103	327
414	148	105	318
404	153	112	321
404	148	105	317
407	155	107	323
416	154	97	327
432	155	84	312
442	161	90	315
445	155	101	311
459	160	91	309
460	160	98	308
462	157	101	305
466	155	96	306
461	163	95	307
454	156	100	296
448	161	101	302
443	158	89	302
433	168	91	296
429	161	91	303
417	157	94	307
413	161	95	305
410	159	93	297
402	160	102	308
401	151	100	316
394	155	106	322
389	154	112	323
391	152	105	328
380	157	113	320
377	151	114	327
376	151	107	336
366	156	125	331
360	151	123	327
363	159	125	334
372	150	122	331
379	153	123	335
392	152	126	337
415	152	109	315
429	155	98	324
438	160	100	322
452	154	93	312
466	157	89	319
475	151	87	321
484	154	95	314
492	156	103	319
497	159	110	322
515	159	105	323
529	151	109	314
543	160	107	322
556	159	114	321
571	154	103	326
575	151	109	315
576	158	109	328
573	158	112	317
564	160	111	318
553	152	106	323
539	158	102	324
524	158	97	318
512	153	96	321
499	153	96	318
484	158	100	313
472	154	105	310
465	150	108	314
456	152	107	317
451	153	100	318
452	154	96	318
449	159	96	318
435	144	108	324
435	146	100	331
423	146	105	339
426	145	95	344
422	136	92	349
417	141	95	351
403	136	104	357
399	141	109	348
400	143	115	363
409	139	110	360
413	138	114	353
415	144	131	368
438	138	121	371
446	140	128	373
464	138	123	378
481	131	111	374
483	138	117	370
499	133	107	378
509	136	107	373
514	130	105	381
512	122	120	390
524	125	104	400
528	128	106	398
534	126	94	399
546	131	86	397
541	122	100	402
528	127	115	393
524	132	118	388
528	136	103	381
512	142	115	369
507	128	112	377
483	133	132	378
475	135	122	372
473	137	116	368
471	133	105	370
468	130	101	377
460	134	104	368
454	145	106	356
446	144	106	348
447	142	99	355
435	144	107	350
430	147	98	345
412	141	108	345
405	146	105	340
397	144	102	336
373	150	118	334
355	144	134	337
352	152	114	344
335	144	119	338
304	153	131	337
287	147	126	344
282	154	117	345
278	142	111	347
266	149	125	343
262	147	136	347
266	151	133	337
278	160	129	329
288	140	140	342
292	154	150	344
309	153	162	336
313	152	173	348
329	154	169	341
354	151	155	341
388	150	131	340
411	145	120	353
421	145	99	362
428	159	106	352
426	146	112	340
431	150	109	344
435	152	111	340
439	168	107	335
448	161	111	330
444	155	118	324
454	158	103	322
454	165	100	319
451	171	108	318
446	167	124	311
457	158	107	301
448	161	127	301
448	157	117	308
447	164	111	306
456	163	91	306
454	167	84	291
441	162	90	302
430	158	94	289
416	164	103	297
411	159	97	298
405	159	97	295
402	160	94	294
397	175	93	284
392	172	95	281
386	170	97	284
380	163	101	289
371	162	108	292
370	165	99	296
365	165	96	301
355	160	102	303
355	160	91	302
349	162	89	306
337	154	95	314
316	161	114	317
317	154	102	310
309	156	116	310
319	161	110	312
324	153	117	319
332	159	126	310
359	151	116	315
380	156	105	316
385	154	122	313
396	163	131	315
411	161	137	306
419	157	130	305
419	165	132	301
423	169	126	296
411	153	138	308
398	156	142	308
402	149	115	309
389	161	122	312
384	152	113	320
361	150	119	327
351	159	113	319
342	154	112	319
333	146	109	322
334	153	109	333
334	152	105	330
337	149	106	329
338	152	108	333
332	147	119	334
348	158	101	330
352	152	99	346
355	146	104	342
357	148	108	346
353	148	121	352
358	149	119	353
366	139	113	354
368	146	110	362
372	133	108	374
370	134	115	371
370	137	118	381
383	139	112	381
377	138	117	372
380	144	119	373
386	131	113	379
384	141	107	382
377	140	109	372
382	150	102	367
392	135	87	374
380	136	101	371
376	143	108	358
377	140	108	366
380	143	104	357
379	144	102	351
373	146	103	347
365	153	104	340
355	142	110	348
353	142	99	346
354	142	99	339
354	151	94	341
352	149	99	338
355	153	99	335
356	151	99	322
360	157	98	315
354	160	102	318
343	161	115	319
327	155	133	319
305	157	163	315
318	152	149	326
339	157	120	320
326	156	135	318
338	158	123	313
357	166	101	298
361	159	93	303
358	165	100	303
365	166	98	304
374	164	97	298
376	158	97	297
383	160	90	301
381	166	98	297
388	162	89	296
386	162	91	297
384	164	93	289
391	166	88	292
379	163	101	291
380	165	92	298
380	170	84	296
370	153	93	297
359	157	93	305
351	160	97	300
335	169	99	304
315	162	114	301
305	167	121	304
301	148	110	307
296	159	106	314
284	160	104	317
274	156	100	313
254	164	120	315
228	165	150	298
239	154	142	309
244	154	136	311
247	167	137	309
254	174	139	301
269	176	146	295
295	170	134	292
316	161	152	313
344	153	150	318
363	166	131	305
387	168	105	299
397	171	102	288
396	171	105	297
404	163	91	295
396	163	104	292
386	161	108	300
358	157	135	314
344	165	120	303
340	156	100	316
334	159	86	307
321	168	86	306
302	162	99	305
294	169	102	316
287	158	104	313
279	150	109	318
292	171	98	310
301	162	87	307
307	170	87	304
321	161	85	304
327	159	98	314
340	164	105	306
351	166	124	307
376	161	101	304
385	168	109	295
395	166	106	303
403	167	118	304
429	169	101	302
448	172	98	297
461	162	103	297
476	166	98	304
488	171	104	302
493	171	124	305
511	167	117	304
519	165	107	314
522	157	104	320
518	158	108	314
521	171	110	308
513	168	111	310
497	162	137	309
484	170	128	312
463	165	145	298
465	174	108	287
460	163	95	290
457	169	93	297
455	164	87	294
450	169	91	287
456	180	92	291
462	163	97	295
472	166	94	288
487	169	94	293
502	171	94	295
516	170	95	294
538	168	82	290
550	169	90	292
559	159	99	285
562	170	113	292
572	161	103	295
574	159	107	297
578	168	107	293
577	164	96	298
567	170	90	294
559	170	91	292
543	163	101	285
523	167	113	297
506	169	119	294
502	167	100	301
487	161	111	303
476	170	87	295
467	166	83	293
457	171	83	294
451	166	82	295
448	164	82	288
449	169	80	296
442	169	94	291
453	170	87	295
460	167	86	292
465	165	89	301
479	165	88	296
485	165	96	301
492	165	98	305
501	161	91	306
497	162	100	300
487	167	108	313
495	164	98	313
493	162	89	312
491	162	86	318
487	163	90	319
489	153	81	321
485	158	84	334
490	153	82	332
488	155	81	334
488	155	86	334
486	159	87	333
483	155	89	332
484	157	88	334
483	160	97	325
484	158	99	320
488	167	100	316
491	162	112	310
498	165	97	304
496	152	95	299
498	162	83	310
489	158	92	300
474	165	108	303
467	163	94	303
462	172	89	293
456	167	82	290
446	163	84	294
438	166	83	296
421	168	89	292
407	169	92	287
397	159	96	288
400	165	75	291
392	172	80	283
385	170	83	287
377	162	82	289
371	165	76	283
361	168	80	290
346	167	88	294
334	173	93	296
323	156	88	305
317	165	87	298
314	165	89	301
306	162	94	308
297	166	90	313
290	158	85	311
281	158	85	307
266	159	95	312
253	163	101	305
250	156	97	317
252	157	93	312
243	153	106	314
240	156	108	320
251	163	103	319
270	164	88	311
278	157	92	302
285	159	105	308
297	151	106	313
306	158	98	314
316	159	99	310
313	156	111	311
321	157	103	304
341	165	91	299
355	174	85	289
365	170	86	290
367	165	100	297
376	172	94	293
385	170	98	290
390	172	99	293
399	167	92	289
404	171	91	291
407	162	93	297
410	171	83	286
410	172	80	280
406	166	82	281
403	168	88	280
401	173	84	276
391	171	95	279
390	173	94	270
391	167	94	276
392	167	93	278
396	173	84	273
394	176	83	277
388	173	83	276
378	175	85	274
371	173	92	282
360	175	93	288
350	170	94	292
340	167	95	299
336	173	92	295
327	167	104	292
323	168	103	295
318	172	105	298
320	167	105	300
336	160	90	304
349	160	89	306
363	167	88	304
372	167	94	302
387	162	94	306
398	164	99	308
418	166	91	303
428	170	94	299
440	167	98	300
458	169	94	304
473	165	99	296
491	165	91	303
501	161	99	300
514	170	99	298
519	161	107	304
527	158	109	302
528	170	108	298
537	159	103	295
529	167	120	291
543	169	106	283
549	162	107	289
557	173	105	286
561	178	111	276
566	173	111	271
564	177	103	269
557	170	96	268
546	180	102	272
537	171	92	271
522	170	97	273
512	172	84	277
504	169	85	273
496	171	78	276
482	177	77	267
480	172	70	272
479	168	66	273
480	175	64	268
478	178	69	271
480	175	73	277
486	170	96	276
495	169	92	278
496	169	88	280
499	169	94	281
502	164	93	288
497	175	104	297
501	171	97	291
503	169	97	284
504	171	93	290
505	168	88	287
502	170	86	278
496	166	88	277
494	169	91	278
493	173	87	279
489	173	85	283
479	171	99	277
467	166	102	272
465	176	91	272
456	175	92	265
444	176	100	271
428	170	121	273
416	175	127	262
389	182	130	268
378	176	110	271
372	172	97	276
369	168	84	279
361	168	81	284
351	174	89	277
341	174	85	281
328	172	84	276
319	172	80	281
302	163	93	291
293	162	100	282
294	165	87	289
288	169	82	283
282	160	86	290
283	166	89	286
291	171	75	280
298	171	79	288
298	161	90	294
302	157	92	288
313	157	82	292
320	164	101	292
330	172	95	290
339	165	89	293
349	160	97	284
362	156	93	288
377	162	92	281
393	166	79	273
407	175	70	271
416	169	74	276
423	171	82	277
431	168	83	279
441	177	82	276
449	169	82	278
461	170	79	277
466	171	83	275
476	181	78	275
474	170	89	274
476	165	81	284
478	170	80	284
485	168	78	281
492	169	80	279
502	171	73	276
508	170	77	278
516	168	69	277
523	171	78	279
527	167	95	275
526	176	103	279
530	175	96	269
541	169	104	271
539	178	109	271
551	173	97	270
541	176	109	277
541	172	103	272
539	170	100	277
535	166	105	276
538	170	101	278
544	173	97	277
542	168	93	269
533	166	91	264
526	176	100	272
517	175	105	259
515	177	104	266
507	170	95	262
500	166	93	263
497	171	91	267
495	176	77	261
492	176	77	261
479	179	87	249
472	171	88	259
477	160	82	261
475	173	84	259
475	181	85	255
479	183	83	249
483	183	84	262
485	175	87	264
497	175	84	270
499	174	84	277
501	172	87	273
506	170	79	276
504	177	82	272
502	175	86	270
502	179	81	271
503	178	78	266
500	170	78	277
490	174	90	273
488	172	79	278
481	168	78	269
473	169	82	271
466	173	91	270
464	170	84	263
463	179	77	260
455	170	85	263
456	171	79	259
455	180	84	253
460	174	85	259
465	176	83	266
467	173	83	265
472	175	85	264
475	175	86	272
478	173	87	273
482	166	85	278
483	167	87	279
486	167	86	284
491	165	84	284
490	171	90	287
492	170	94	288
492	167	90	289
489	167	89	291
486	167	91	300
