603	281	160	287
628	291	129	287
642	293	118	273
653	296	94	268
651	293	97	268
659	294	87	276
662	297	86	270
660	294	87	273
654	294	91	269
645	292	105	272
627	282	126	283
645	286	113	283
635	280	124	288
643	288	106	285
624	283	127	293
614	300	130	273
611	289	130	282
624	289	117	281
633	285	100	277
628	287	106	291
637	285	98	285
633	285	107	298
631	275	111	298
640	291	103	289
644	293	102	278
647	287	100	275
644	293	105	271
641	289	102	266
647	295	92	269
650	291	90	270
654	293	90	264
637	295	105	272
649	290	91	267
649	288	91	269
644	286	93	278
632	287	111	276
632	292	107	270
628	292	108	275
626	294	108	267
618	283	114	274
613	289	113	270
598	281	131	275
584	286	143	277
573	292	154	267
599	292	125	264
587	301	137	257
598	299	126	251
604	298	123	248
613	301	116	256
615	286	115	269
606	305	127	250
615	305	121	247
628	292	107	230
634	290	109	264
634	281	111	269
644	286	104	253
648	295	105	254
649	284	109	283
639	283	109	268
643	289	105	263
639	297	102	257
636	289	103	275
634	301	104	260
626	290	110	271
627	284	106	262
611	284	125	278
602	289	130	272
590	292	140	266
583	299	157	267
588	303	148	256
585	295	152	263
611	307	122	235
618	307	117	252
620	295	114	259
610	293	125	253
607	296	136	250
622	290	117	245
625	288	120	266
637	292	111	263
648	296	108	227
653	293	103	239
644	289	116	257
643	286	116	256
641	290	117	273
641	291	119	263
654	288	108	256
651	289	115	279
654	287	108	272
650	281	117	270
638	293	127	271
643	293	121	272
649	293	115	271
657	292	109	269
663	292	110	268
669	288	108	271
685	285	91	273
690	289	87	263
701	289	85	245
699	299	93	257
707	292	97	268
700	286	114	251
709	291	119	267
696	290	148	263
692	295	158	261
699	295	165	272
721	275	138	293
724	289	148	265
724	288	157	279
730	299	157	263
729	295	158	270
731	291	152	278
732	288	135	282
729	288	127	265
722	292	133	267
718	280	134	287
712	289	128	292
708	298	126	283
708	292	111	283
695	282	110	285
685	282	115	288
688	288	111	290
694	278	107	295
702	274	110	297
683	269	143	295
673	275	169	304
695	277	127	307
681	278	154	301
687	283	168	312
683	291	151	294
683	286	157	305
688	266	155	324
698	282	149	310
700	280	148	310
711	289	129	318
702	282	127	307
701	279	141	311
675	281	178	305
685	282	161	310
676	288	178	297
687	281	157	301
701	288	144	291
712	287	132	292
698	298	156	283
700	307	149	271
712	307	131	261
702	293	140	280
707	295	120	272
706	287	126	278
716	288	119	279
705	293	128	268
713	291	115	275
710	295	114	251
709	298	113	246
713	300	108	252
711	292	101	255
711	290	94	253
712	294	95	247
714	289	91	255
716	291	90	265
705	285	107	255
715	294	96	234
706	297	111	261
692	291	134	269
683	291	141	274
687	288	126	284
704	279	115	288
710	282	109	285
711	284	107	285
701	284	124	278
700	286	125	280
699	281	113	286
703	279	102	276
706	274	98	288
693	275	109	294
678	284	120	280
674	285	107	276
666	286	101	270
661	287	103	267
658	279	106	274
667	283	97	280
678	283	93	273
684	288	87	260
688	289	92	266
687	289	104	257
700	290	101	255
708	289	113	264
707	294	125	247
710	290	134	256
724	295	131	260
731	286	116	257
725	294	120	270
728	288	111	271
729	284	109	273
720	287	119	278
725	284	109	278
717	279	111	287
706	280	118	276
692	281	136	276
683	276	140	281
686	274	116	289
675	282	108	273
661	288	115	270
657	279	116	274
659	276	116	270
640	281	137	281
641	278	135	285
657	281	116	277
671	283	105	268
682	282	121	275
684	279	131	285
691	279	126	281
691	279	139	284
713	285	118	262
729	291	114	281
726	278	146	285
737	284	146	273
747	279	149	277
740	290	163	268
736	289	164	274
739	279	154	275
745	285	143	268
745	281	143	282
731	279	154	292
727	274	142	297
716	284	123	285
700	288	127	278
686	279	140	275
680	276	139	285
675	274	126	294
652	279	129	278
648	282	114	277
645	282	106	274
639	281	102	269
632	278	109	282
622	273	114	284
603	284	128	262
591	284	116	268
570	289	114	273
552	285	124	274
527	288	137	275
498	289	163	285
486	288	153	272
463	295	162	276
461	287	136	288
451	280	144	281
446	279	132	294
433	280	129	292
420	282	136	296
403	287	137	280
387	285	148	286
378	270	147	302
383	280	136	299
393	291	119	292
387	282	120	298
378	281	127	296
375	303	126	282
375	289	118	281
364	274	110	304
348	289	114	293
342	290	113	286
334	297	116	284
334	285	103	292
323	288	107	288
314	288	109	284
303	294	116	274
307	287	96	276
299	286	106	284
309	280	101	285
313	287	97	284
318	290	96	287
324	287	98	288
339	285	90	285
339	293	101	283
348	286	88	283
349	287	83	285
347	295	90	284
351	285	87	290
341	286	100	285
351	285	96	291
350	287	96	291
352	287	91	289
346	283	100	301
354	288	93	302
345	282	99	304
351	284	91	296
355	288	84	283
351	289	84	281
352	289	87	277
343	292	95	275
336	290	104	279
333	291	107	271
343	299	99	275
360	291	84	270
372	284	82	274
367	296	96	274
379	293	92	277
388	297	90	267
398	293	88	266
397	289	99	263
396	296	107	259
402	293	94	263
405	297	95	262
414	291	83	266
418	291	84	270
419	299	83	263
405	301	102	253
394	302	123	252
409	291	115	273
425	288	103	278
440	299	85	263
442	301	86	263
438	309	89	257
440	300	88	271
440	301	98	268
454	294	88	270
464	292	81	272
464	297	87	262
461	301	107	269
471	292	106	273
483	296	106	267
495	303	114	260
493	301	146	258
506	296	135	257
498	287	151	264
509	294	139	267
492	292	158	258
483	295	157	260
487	296	153	262
467	302	164	259
476	301	131	259
473	300	107	263
469	299	105	253
470	314	82	242
465	307	82	254
446	304	84	257
432	300	91	264
420	306	91	261
414	296	97	275
404	294	104	274
373	288	134	278
358	288	110	283
342	289	118	273
337	292	112	280
332	301	100	261
329	308	91	252
318	302	89	247
304	295	96	268
289	303	114	262
284	301	110	263
288	307	101	252
294	299	96	261
302	298	90	260
297	298	106	260
301	303	114	262
311	304	118	268
338	296	97	259
352	299	100	267
358	291	102	263
359	297	118	254
372	296	114	259
375	304	117	262
377	292	106	266
370	302	101	258
367	289	100	267
364	295	101	273
360	284	103	284
354	287	99	283
337	299	112	268
333	313	108	263
336	303	92	262
316	293	104	274
310	300	104	267
307	294	97	272
302	297	100	269
307	309	89	259
292	301	113	264
310	298	92	265
314	297	93	263
313	294	105	267
320	296	96	257
321	312	106	249
323	309	103	249
321	301	120	253
331	315	115	251
339	301	113	256
349	303	100	265
342	292	113	266
351	296	94	265
351	298	100	270
345	295	108	281
342	289	107	284
345	303	96	263
334	296	109	273
338	296	101	271
336	291	105	270
323	294	122	264
333	291	111	271
332	294	107	277
337	293	100	272
344	290	99	282
346	286	101	287
348	295	101	272
350	286	96	282
346	291	107	274
361	303	91	256
366	299	93	264
372	297	91	266
377	301	92	256
381	303	94	248
383	303	89	254
385	300	85	252
376	295	91	254
373	295	91	261
361	290	108	273
354	290	113	270
360	297	100	263
357	298	104	258
356	293	99	277
345	287	104	288
343	278	98	293
342	293	97	285
325	299	116	264
331	292	101	280
329	284	103	291
309	289	126	293
314	282	116	297
307	280	120	304
302	273	116	319
291	286	125	303
306	274	91	314
315	280	86	320
305	272	100	326
296	268	107	326
287	274	109	335
286	267	118	332
292	259	112	340
283	260	121	346
269	263	136	344
244	252	159	358
257	266	127	353
248	267	135	349
258	274	123	342
253	281	118	340
231	274	138	349
241	271	128	352
238	282	121	343
235	281	120	341
226	267	125	348
212	262	150	362
194	256	166	375
204	245	141	382
190	246	150	383
175	245	163	379
182	263	157	397
180	256	152	380
169	256	158	390
187	250	143	395
188	254	144	396
202	245	139	391
195	237	157	392
193	245	177	395
186	251	186	390
215	250	172	374
231	257	143	372
246	248	137	374
249	240	147	379
225	250	187	386
240	242	157	378
247	248	151	381
245	256	150	373
250	249	150	370
252	253	156	375
249	246	168	373
245	254	177	367
230	250	200	377
232	252	176	365
239	259	152	360
234	258	145	384
230	265	138	392
218	258	130	379
202	252	135	382
191	241	141	389
179	251	156	380
174	258	172	371
163	243	169	383
160	240	174	374
168	258	160	378
171	249	152	360
159	264	165	357
161	257	149	359
143	251	169	370
145	262	153	365
135	261	167	345
148	259	164	362
164	270	159	352
187	251	139	357
198	262	135	355
207	252	143	358
226	269	133	359
249	276	126	322
257	268	127	340
278	272	115	328
285	265	129	345
290	257	140	345
290	267	146	346
309	292	116	329
304	275	114	335
298	265	116	336
289	262	127	340
290	267	121	336
283	272	148	335
289	271	124	309
291	276	128	317
306	286	108	292
307	277	104	308
306	277	99	310
300	273	106	312
295	274	114	320
301	272	119	321
290	276	123	310
283	277	124	323
273	263	129	328
284	280	109	323
267	277	125	322
265	276	125	325
266	268	122	341
252	265	137	344
233	273	149	338
252	294	123	325
245	283	127	321
246	269	120	342
226	263	137	353
226	267	129	361
215	264	132	377
193	260	151	352
181	262	164	376
165	260	186	366
177	262	162	377
158	228	173	391
176	244	131	409
168	241	143	400
157	239	157	408
137	246	198	395
152	246	182	384
154	259	173	396
174	254	153	386
181	246	142	392
188	247	141	391
192	253	146	372
197	246	133	369
210	245	121	374
203	264	137	366
212	260	131	344
211	271	153	343
223	260	135	348
211	255	170	365
240	250	141	361
252	252	141	374
274	242	128	373
280	247	137	378
292	248	138	377
286	237	134	385
291	240	120	398
288	245	119	392
266	249	139	390
251	244	144	398
248	234	135	389
223	254	150	394
218	252	137	372
179	238	164	398
176	241	153	391
172	261	150	388
157	254	159	370
165	254	157	387
169	244	160	384
174	246	161	389
189	239	140	383
192	245	149	376
214	246	138	383
225	246	144	369
239	245	137	380
234	242	165	394
248	236	174	379
277	247	156	384
300	252	152	366
306	246	177	369
290	244	228	372
300	239	236	373
284	241	241	377
300	240	211	370
298	243	206	382
294	240	232	379
277	239	239	387
263	241	255	372
251	249	255	364
233	256	224	363
212	270	145	354
202	247	131	367
169	256	157	366
158	262	162	363
155	263	160	346
161	272	151	357
149	248	164	366
146	242	169	372
148	260	174	361
164	260	160	362
186	265	143	357
205	251	139	359
223	256	148	369
237	251	149	367
245	244	161	386
271	233	158	400
300	250	148	383
308	245	181	379
328	249	187	376
328	253	180	374
349	251	172	375
365	254	169	381
370	251	175	390
375	239	182	383
418	241	162	377
396	245	209	372
415	240	254	380
441	240	238	376
482	246	211	364
523	254	185	367
531	242	178	375
551	239	173	383
569	242	172	363
570	242	180	374
593	245	179	382
617	235	168	369
636	247	162	367
655	235	164	370
673	245	151	365
674	249	168	362
691	246	161	359
712	262	146	356
705	253	157	358
723	256	153	351
720	246	156	359
741	240	144	376
760	238	140	376
761	246	160	353
783	251	142	370
784	245	165	366
801	240	183	371
819	238	184	379
819	244	188	401
811	223	204	392
842	237	152	374
859	227	127	386
847	224	133	386
846	232	131	385
840	229	127	392
821	235	147	379
816	244	144	365
833	233	123	379
830	238	124	369
819	235	144	371
807	240	139	366
814	237	130	371
814	238	134	371
809	233	137	372
816	231	135	376
814	238	135	367
808	242	144	365
823	240	133	362
827	241	123	366
833	235	137	379
832	230	155	406
841	223	154	409
842	226	162	395
830	229	184	414
836	226	159	409
834	216	156	416
826	222	169	416
830	221	153	416
816	210	155	427
790	223	181	408
782	225	197	427
779	224	188	417
802	224	144	423
807	222	148	423
775	222	178	423
793	222	148	421
774	220	151	419
760	221	158	410
740	230	176	405
732	227	172	403
715	229	182	393
732	233	146	383
730	229	139	393
730	225	131	392
717	242	146	375
718	226	140	384
720	256	138	385
683	242	167	371
703	244	133	376
677	232	156	376
669	249	167	377
644	236	190	381
636	238	161	385
620	239	156	376
607	246	150	380
595	229	164	390
578	250	176	391
573	238	177	393
573	242	177	374
599	258	146	395
614	245	140	376
625	236	149	388
643	245	151	381
649	229	158	400
672	251	145	383
687	234	144	372
690	250	157	379
700	237	169	383
727	246	161	382
749	231	151	387
772	241	142	384
793	237	134	373
804	234	148	386
820	220	179	408
837	228	178	404
860	217	172	414
881	231	162	408
900	221	156	406
915	221	137	419
915	223	169	404
928	230	177	395
949	228	167	383
943	228	172	388
952	226	164	398
941	223	169	409
942	224	160	418
903	228	201	402
884	220	183	404
862	227	198	409
855	213	156	408
859	225	141	400
