0.562515
0.015946
0.015511
0.016150
0.016206
0.016096
0.017246
0.017118
0.017386
0.027056
0.017532
0.018845
0.017617
0.017606
0.017633
0.017638
0.017700
0.017815
0.017863
0.017786
0.020122
0.017834
0.017940
0.017999
0.018101
0.018062
0.018033
0.018145
0.018241
0.018136
0.018321
0.018302
0.018386
0.018346
0.018372
0.018384
0.018536
0.018660
0.018602
0.018617
0.023463
0.018679
0.018668
0.018603
0.018705
0.018735
0.019071
0.018919
0.018968
0.028490
0.019027
0.019094
0.019138
0.019181
0.019317
0.019217
0.019321
0.019365
0.019643
0.019505
0.024548
0.019550
0.019594
0.019572
0.029127
0.019897
0.020114
0.030127
0.021027
0.020771
0.020603
0.020429
0.020424
0.020990
0.020418
0.020176
0.020233
0.020152
0.020023
0.022319
0.024965
0.019998
0.020076
0.020283
0.020231
0.020169
0.020334
0.020246
0.020294
0.020274
0.020371
0.020452
0.020616
0.020682
0.020702
0.020733
0.020632
0.020602
0.020800
0.020807
0.025696
