3.547923
0.023422
0.018882
0.018299
0.018532
0.018380
0.026178
0.020391
0.019364
0.019791
0.018724
0.020207
0.020502
0.020863
0.019233
0.019099
0.019120
0.019241
0.019550
0.017537
0.020008
0.019600
0.019622
0.021148
0.018888
0.017770
0.017672
0.017724
0.017787
0.021498
0.018993
0.019066
0.017985
0.019037
0.017575
0.018053
0.018141
0.019450
0.019432
0.018202
0.023261
0.018186
0.020089
0.019728
0.020835
0.021222
0.020228
0.021889
0.020468
0.020122
0.020055
0.020103
0.019716
0.019902
0.019912
0.019948
0.020084
0.021740
0.020325
0.020687
0.027090
0.021281
0.020643
0.020684
0.021648
0.021538
0.020105
0.020108
0.021323
0.021419
0.021277
0.021350
0.021458
0.020431
0.021832
0.020703
0.020646
0.022227
0.020937
0.021018
0.026205
0.021556
