339	163	92	113
346	158	79	123
342	159	69	128
332	154	71	139
321	160	80	135
293	170	99	139
290	171	88	136
280	171	89	145
269	172	97	151
253	185	108	142
246	190	123	130
232	196	132	129
221	201	136	119
208	215	124	106
196	222	112	95
186	229	102	81
172	228	105	81
156	222	99	87
147	213	85	102
140	211	84	111
139	209	78	120
143	213	82	111
144	212	76	106
144	203	65	122
143	209	64	138
135	217	82	138
134	215	81	148
136	211	68	141
132	214	63	138
132	217	68	136
130	215	72	115
136	218	69	115
141	217	62	112
150	229	62	115
153	230	67	100
149	228	64	105
144	230	62	101
142	232	58	109
144	229	66	106
151	227	59	114
151	228	58	112
152	234	54	104
156	232	59	97
163	231	60	102
169	232	57	99
172	236	59	95
176	235	52	86
182	229	51	95
182	227	58	93
179	232	58	94
181	227	52	94
184	219	50	84
184	220	50	94
178	227	51	98
181	230	50	94
185	221	48	99
184	220	49	100
179	229	59	95
182	225	57	92
183	215	52	97
182	212	48	105
178	221	53	97
183	223	48	90
187	216	46	92
184	210	53	104
188	214	56	96
184	217	57	96
188	212	58	88
189	210	50	75
185	211	52	73
182	212	52	71
176	211	49	83
169	210	54	91
165	210	53	97
161	216	57	97
164	210	54	93
164	208	53	91
161	208	55	96
156	212	62	97
161	211	54	94
158	205	53	102
154	206	55	103
149	214	59	97
156	211	58	98
161	206	55	99
167	208	58	101
171	211	58	97
177	212	54	95
181	206	53	100
177	204	56	106
174	209	62	100
171	213	60	101
168	217	61	92
165	210	56	97
160	215	59	101
155	223	65	98
160	215	60	103
155	217	64	97
155	218	65	96
155	221	63	93
165	220	63	89
176	215	60	94
181	213	59	95
181	219	62	89
185	220	57	90
191	218	56	91
192	215	57	99
190	220	56	91
186	224	60	89
184	217	56	99
179	215	59	92
173	220	60	94
170	223	63	88
169	219	66	86
169	216	57	94
164	211	64	97
162	217	61	92
168	213	59	88
168	212	60	95
164	213	60	97
160	218	61	93
165	217	62	86
163	215	62	91
167	210	59	95
163	215	63	97
170	214	63	96
174	209	55	98
168	206	57	101
162	208	59	99
157	214	65	90
158	214	60	97
155	211	63	95
152	222	62	93
150	225	66	90
151	226	64	84
148	219	65	88
145	216	63	93
143	223	67	87
151	221	65	75
159	214	62	85
157	215	64	88
157	227	72	87
158	226	74	89
164	219	66	93
164	219	68	93
167	221	69	87
178	207	61	94
184	202	58	97
180	201	59	99
173	207	71	99
178	208	68	91
179	201	68	98
186	202	54	98
178	205	62	98
173	210	67	93
178	200	63	101
181	197	61	104
176	203	65	94
177	207	72	98
181	205	70	100
183	204	69	100
181	206	69	108
174	216	82	97
179	213	81	95
178	210	79	102
169	213	71	101
165	217	73	102
163	220	83	97
169	215	72	103
169	213	70	102
163	215	76	105
166	219	81	100
172	217	76	100
173	213	72	104
171	214	74	105
165	218	89	100
169	214	88	93
178	203	78	99
180	203	73	102
174	213	83	94
174	211	91	94
186	203	76	98
194	201	69	100
182	208	81	100
177	211	91	100
189	204	69	111
188	198	66	107
182	205	75	101
174	206	90	96
180	200	86	99
179	193	86	102
173	190	82	106
171	196	90	104
171	198	99	99
174	199	92	88
170	200	79	93
160	198	89	96
159	193	93	105
161	195	106	99
161	183	82	105
159	185	77	104
153	193	100	99
162	190	108	101
167	179	90	104
168	185	81	99
157	199	96	82
153	198	101	86
164	195	90	82
171	204	79	74
168	201	87	87
169	185	84	103
175	186	80	94
182	186	63	89
170	193	77	86
159	188	90	97
172	200	71	86
184	193	70	78
186	187	66	75
191	194	69	59
193	197	64	60
194	188	58	69
202	179	51	69
199	179	57	65
192	183	59	64
179	182	71	71
177	172	81	70
186	166	88	72
191	172	101	62
194	174	108	69
205	178	102	70
218	175	93	69
225	175	86	84
226	176	76	89
224	174	62	83
221	172	61	80
220	185	65	68
215	182	72	80
217	181	72	87
221	180	64	84
224	186	71	79
234	183	63	76
238	173	58	83
235	171	61	81
233	178	69	73
231	182	68	71
236	184	62	70
234	182	63	76
238	186	67	68
237	190	67	67
239	193	71	72
235	191	75	78
