0.555393
0.017214
0.016885
0.016687
0.017002
0.016999
0.017856
0.018052
0.018178
0.018001
0.018335
0.018240
0.018193
0.018294
0.018275
0.018364
0.018249
0.018339
0.018438
0.018439
0.020672
0.018615
0.018642
0.017703
0.018895
0.018593
0.018841
0.018897
0.018896
0.018818
0.018912
0.018967
0.019105
0.019879
0.019608
0.018474
0.019654
0.018432
0.019627
0.018402
0.024625
0.019782
0.019638
0.020821
0.020942
0.019739
0.020858
0.020726
0.020818
0.020816
0.020771
0.020894
0.021000
0.019761
0.020983
0.021161
0.021373
0.020572
0.020745
0.020869
0.025730
0.021012
0.020359
0.020539
0.020471
0.020523
0.020502
0.020530
0.020553
0.021096
0.019793
0.021328
0.021339
0.021204
0.021156
0.021285
0.021396
0.021461
0.021282
0.021282
0.025810
0.021076
0.019891
0.021225
0.021314
0.021389
0.021164
0.021472
0.021533
0.021494
