0.555641
0.016998
0.016448
0.016526
0.016344
0.016528
0.017729
0.027151
0.017520
0.017901
0.017777
0.018465
0.018513
0.018483
0.018580
0.018455
0.018881
0.027726
0.018848
0.018565
0.019653
0.018915
0.017390
0.022886
0.018798
0.018774
0.019590
0.019042
0.019095
0.019107
0.019160
0.019272
0.019258
0.019114
0.019275
0.019711
0.019804
0.019686
0.019383
0.019686
0.024692
0.019557
0.019521
0.019852
0.018402
0.018440
0.018397
0.018395
0.018605
0.020029
0.018528
0.018792
0.018801
0.018717
0.018792
0.019106
0.019132
0.018605
0.018945
0.018943
0.026869
0.018708
0.018830
0.018803
0.018877
0.019059
0.019005
0.019118
0.019105
0.019037
0.019271
0.019188
0.019442
0.019544
0.019412
0.019649
0.019631
0.019708
0.019660
0.019647
0.024690
0.019490
0.019738
0.019869
0.019820
0.019931
0.019629
0.020055
0.020066
0.019911
0.020059
