0.570462
0.018086
0.017586
0.018598
0.017284
0.017416
0.019576
0.018417
0.019566
0.018714
0.019781
0.019022
0.018857
0.020141
0.019165
0.020379
0.019212
0.020467
0.019261
0.019203
0.022728
0.019247
0.020250
0.019224
0.020321
0.019348
0.019553
0.020563
0.020789
0.019332
0.020648
0.020755
0.019702
0.020951
0.019613
0.019670
0.020941
0.021196
0.020033
0.019922
0.024873
0.019965
0.019902
0.021016
0.019953
0.020097
0.020004
0.020067
0.020256
0.021482
0.020302
0.020440
0.021521
0.020295
0.020274
0.020153
0.020276
0.020326
0.020470
0.020493
0.025427
0.020509
0.020611
0.020554
0.021981
0.020665
0.022099
0.020700
0.020660
0.020633
0.020732
0.020759
0.022224
0.021051
0.021096
0.020927
0.021040
0.021072
0.022617
0.021204
0.026113
0.021225
0.021119
0.021209
0.021221
0.022722
0.022694
0.021527
0.021464
0.021514
0.021380
0.021330
0.021425
0.021386
0.021541
0.022858
0.022995
0.021727
0.023147
0.021838
