0.584838
0.015651
0.015067
0.025482
0.015013
0.017074
0.017310
0.016060
0.016086
0.016067
0.016334
0.017633
0.016380
0.016452
0.016434
0.016372
0.016471
0.016407
0.016569
0.017743
0.020089
0.016495
0.018245
0.017220
0.017324
0.017362
0.017346
0.018670
0.017459
0.017487
0.017497
0.017560
0.017600
0.017371
0.018926
0.017412
0.017682
0.017739
0.017645
0.017794
0.022876
0.017853
0.018909
0.017802
0.017839
0.018491
0.017393
0.017519
0.017517
0.017458
0.017464
0.018664
0.017618
0.017663
0.017679
0.018909
0.017609
0.018785
0.017701
0.018784
0.022621
0.018911
0.018920
0.017624
0.017873
0.019181
0.017954
0.017911
0.018068
0.019294
0.019327
0.018075
0.018179
0.019282
0.019489
0.019425
0.018231
0.019463
0.019565
0.018237
0.023145
0.019762
0.019729
0.019798
0.018561
0.018492
0.018594
0.018564
0.018605
0.019839
0.019854
0.018682
0.018773
0.018983
0.019085
0.020263
0.020467
0.019015
0.019089
0.019065
0.024182
