0.560746
0.018578
0.017329
0.017368
0.017349
0.017115
0.018041
0.019353
0.018307
0.018454
0.018436
0.019543
0.019745
0.018747
0.018666
0.018620
0.018507
0.018484
0.019902
0.018766
0.020945
0.018795
0.018919
0.018952
0.019174
0.018967
0.020083
0.020166
0.019097
0.019061
0.019263
0.019396
0.019384
0.019433
0.020748
0.019305
0.019317
0.019225
0.020386
0.019066
0.024032
0.019157
0.019134
0.019170
0.019360
0.020501
0.019539
0.019688
0.019731
0.019648
0.019650
0.019686
0.019703
0.019768
0.020986
0.019821
0.021010
0.019669
0.020840
0.019691
0.024733
0.019766
0.019828
0.019763
0.019798
0.019884
0.019884
0.019787
0.019947
0.020038
0.021195
0.019993
0.021365
0.020124
0.021362
0.020231
0.020161
0.020302
0.020334
0.021534
0.025333
0.020393
0.020452
0.020532
0.020712
0.020642
0.020600
0.020680
0.020784
0.021001
0.022207
0.022379
0.021011
0.020972
0.021005
0.022198
0.021035
0.021142
0.021144
0.021042
0.027459
0.022490
0.021228
0.021324
0.022642
0.021432
0.022646
0.022732
0.022761
0.021644
0.021626
