537	225	199	422
569	219	167	448
575	219	146	460
577	223	151	455
582	230	140	442
585	220	146	464
580	226	156	437
585	224	148	438
585	220	139	440
583	229	140	431
579	222	150	445
580	221	150	437
574	212	158	439
550	220	183	420
561	214	174	423
553	216	179	410
567	223	164	412
554	204	156	414
570	225	145	406
576	222	137	401
566	221	153	384
554	234	172	363
561	222	173	370
552	215	178	376
546	212	171	389
563	228	156	387
549	236	182	356
579	243	168	356
605	244	141	349
618	230	118	346
605	240	131	339
608	233	123	322
595	233	135	331
578	231	142	338
564	225	151	336
564	231	146	333
546	229	170	345
542	232	160	333
543	227	158	346
515	236	176	341
490	235	173	350
475	238	164	343
463	249	164	336
411	234	188	349
397	234	185	340
353	233	208	340
354	220	197	361
346	224	190	346
349	230	174	348
341	228	162	348
332	225	166	352
332	224	145	365
322	214	153	357
304	224	142	349
306	228	135	358
295	226	151	354
276	218	189	359
302	224	160	324
312	222	159	331
328	225	157	341
327	219	180	361
345	229	175	358
363	239	131	343
393	228	115	345
403	227	136	339
409	237	157	335
419	238	168	340
435	234	168	334
456	235	157	327
489	230	139	345
511	227	142	341
537	241	135	327
552	237	132	342
564	237	152	335
570	250	166	331
567	221	194	363
580	220	189	353
626	212	143	363
654	217	104	355
661	216	108	359
661	221	136	353
662	220	155	364
655	214	165	370
667	216	173	393
664	229	184	397
675	218	162	400
681	219	147	399
690	209	129	405
693	232	122	390
699	229	128	412
691	224	152	447
687	219	148	453
688	226	166	428
690	228	146	434
694	225	141	443
696	227	137	444
692	231	153	446
700	243	159	439
700	243	165	437
719	240	142	449
726	223	162	477
736	220	169	484
753	215	177	480
757	217	200	483
739	200	228	499
740	211	212	499
711	216	241	501
692	213	245	504
667	218	222	502
657	203	209	512
652	215	232	477
620	229	235	479
615	214	235	495
615	224	227	489
606	214	209	492
604	231	251	472
611	218	237	477
635	221	220	464
635	214	249	464
637	223	228	451
656	210	198	453
656	219	241	453
654	225	220	451
657	233	168	448
651	214	168	460
632	227	158	447
603	216	177	468
612	220	168	485
621	213	154	477
643	220	128	487
640	213	146	466
653	225	140	456
667	221	136	467
677	209	137	464
696	224	119	438
694	217	143	440
689	226	155	428
684	226	168	430
685	229	166	420
680	227	181	399
682	226	157	375
688	230	158	370
690	233	138	378
698	225	121	380
691	218	119	372
691	231	132	338
686	237	158	346
673	237	147	321
671	238	131	324
658	237	140	325
647	239	131	325
637	235	128	319
626	230	124	329
616	232	137	334
620	239	126	329
621	247	120	328
630	244	122	333
641	241	98	340
652	240	91	330
656	238	92	343
655	233	107	338
655	240	113	345
653	241	113	333
657	237	105	323
647	246	107	317
631	238	117	318
605	236	135	326
598	231	130	327
591	226	124	323
571	224	158	343
554	227	170	356
546	227	173	343
562	235	154	356
563	223	149	361
557	230	175	351
576	220	139	375
588	229	136	366
604	233	134	378
617	229	127	369
625	229	114	374
634	228	113	371
645	223	116	376
654	228	112	375
660	223	116	374
659	224	126	374
668	217	135	380
679	220	147	370
690	231	156	372
713	224	200	370
747	226	187	351
774	229	162	354
778	230	142	353
791	223	147	362
796	224	162	376
806	219	180	384
812	223	188	377
838	222	153	389
837	219	156	379
830	222	174	366
836	216	159	367
834	213	158	380
834	217	158	383
845	218	137	380
833	228	151	376
802	233	179	381
792	231	180	376
778	221	184	377
769	212	178	387
749	223	189	378
705	228	215	382
688	221	206	390
684	226	181	389
685	224	207	380
675	228	210	373
640	219	199	372
626	235	173	365
584	227	187	353
577	232	174	347
569	240	150	345
553	238	158	346
526	240	169	350
517	234	158	353
501	239	173	342
493	241	154	322
495	240	153	347
495	230	137	347
513	228	122	347
506	237	138	348
509	240	134	346
514	229	122	365
510	233	143	366
525	226	120	381
523	248	143	360
529	233	144	392
531	242	137	411
532	237	125	422
524	229	134	431
518	228	130	426
523	226	136	442
518	224	137	443
493	223	161	442
502	224	173	448
513	225	171	452
522	212	157	463
529	209	143	461
527	216	149	473
522	221	147	464
519	225	146	465
520	230	147	457
514	221	155	453
512	222	149	461
511	223	151	443
518	219	147	457
531	226	141	452
536	220	146	433
543	221	137	427
538	209	150	432
541	219	154	432
551	203	146	432
559	221	146	425
549	222	159	393
553	219	164	386
568	227	140	369
551	221	166	377
578	247	132	348
560	239	161	362
577	258	151	338
568	233	165	351
589	226	162	350
606	227	124	332
605	225	129	344
614	220	129	355
616	217	138	342
624	225	129	345
633	226	122	337
643	231	126	331
638	230	150	346
652	234	142	334
672	240	140	336
674	249	153	325
695	245	162	332
722	243	153	330
734	227	189	351
747	230	205	351
766	239	207	341
790	224	204	336
789	221	205	341
806	231	197	342
828	228	189	340
857	235	161	333
877	218	152	351
887	225	146	350
907	229	140	348
912	233	147	330
931	235	150	318
957	236	137	333
977	243	126	327
988	239	133	316
1005	256	134	315
1013	246	135	322
1038	238	122	341
1039	245	140	349
1041	248	156	351
1041	266	150	331
1029	248	146	335
1025	248	137	353
1014	242	140	360
1002	237	134	370
977	232	142	376
948	241	148	364
927	241	147	347
911	244	152	339
897	240	156	343
883	237	163	343
864	244	179	331
872	258	157	327
887	241	140	339
885	236	156	343
900	231	144	358
897	238	145	355
874	246	159	346
876	231	148	356
873	237	136	345
854	226	152	356
832	232	165	338
811	236	164	329
798	236	156	338
786	238	146	333
775	232	138	337
745	234	153	339
723	231	149	352
709	236	146	352
698	241	131	333
681	249	137	324
652	240	159	326
637	241	156	343
602	237	169	334
579	239	165	343
574	235	150	342
566	248	162	335
553	250	135	339
528	249	141	339
512	246	135	351
514	238	121	357
508	234	127	357
522	233	121	354
516	234	124	357
513	233	136	357
525	237	123	348
517	240	127	334
520	247	124	322
515	245	126	319
507	249	134	303
496	247	143	311
456	248	161	317
443	245	167	323
420	232	180	350
440	225	151	365
458	231	144	344
450	236	153	348
453	230	161	349
449	234	153	368
442	240	193	347
463	232	202	352
508	230	161	356
511	228	176	364
527	237	162	359
549	238	158	368
575	237	164	349
610	253	129	332
607	240	131	345
604	231	146	348
610	235	139	354
606	232	148	358
626	235	132	355
621	233	134	368
623	233	121	342
620	232	124	345
620	240	131	347
615	230	127	344
608	229	139	327
617	242	142	316
605	235	132	313
610	241	111	323
616	240	114	311
620	243	104	308
624	249	96	281
620	250	93	266
617	250	105	276
617	252	96	281
618	248	90	285
607	241	97	288
618	249	93	284
624	239	87	290
625	245	95	277
628	245	99	270
625	250	106	275
616	239	119	286
609	225	116	284
616	236	110	298
618	236	101	310
626	236	96	315
629	239	95	327
633	230	97	327
625	237	107	328
604	236	151	323
601	236	135	333
610	224	117	354
618	226	99	357
606	238	107	356
593	238	135	347
594	247	132	342
600	246	138	358
622	236	121	389
624	237	139	384
645	232	125	406
651	220	138	398
659	220	152	406
654	219	173	418
665	222	176	402
674	232	184	405
709	223	149	401
723	219	152	395
732	221	162	391
751	233	181	377
765	244	218	369
774	239	234	367
801	232	233	378
849	225	195	384
885	222	169	378
897	226	174	382
918	228	168	383
930	225	161	387
948	238	149	360
957	232	140	371
973	240	135	368
980	232	137	376
979	237	156	366
984	245	147	360
986	233	142	371
987	226	135	388
981	219	135	392
969	214	138	396
960	223	150	392
953	219	139	393
943	219	130	394
922	222	140	390
899	216	144	388
865	222	164	370
848	219	162	382
814	228	187	375
791	228	189	382
770	221	182	372
755	218	182	366
735	217	190	363
727	227	177	358
693	227	208	378
678	238	218	357
651	246	225	354
646	238	162	364
642	223	135	363
631	222	125	371
621	216	118	379
610	214	114	380
601	220	114	371
595	229	135	359
600	226	125	368
589	228	133	367
590	226	145	355
590	229	136	366
569	235	179	345
568	249	158	343
555	254	149	327
557	256	137	311
541	247	178	329
554	238	173	322
546	237	189	309
541	248	188	286
542	244	206	282
545	243	201	286
542	247	206	289
531	249	195	279
533	248	175	276
533	255	176	265
541	253	182	272
520	248	186	268
526	259	197	251
520	256	211	248
525	249	243	256
532	240	247	274
510	251	275	255
518	251	314	250
499	249	324	265
521	254	328	264
529	249	347	262
514	247	339	269
549	256	314	260
581	254	287	275
612	252	259	266
646	238	207	298
636	249	208	287
603	247	256	286
604	257	236	288
583	254	249	276
573	258	278	290
585	256	286	276
580	250	282	286
586	242	261	299
593	240	252	306
598	238	243	309
614	248	216	310
623	243	200	308
619	250	221	302
610	245	208	312
609	239	179	317
603	237	139	322
583	231	136	318
574	232	129	324
568	233	127	329
574	231	115	328
579	225	107	340
565	226	116	346
542	229	149	361
555	225	142	369
563	223	132	370
559	230	133	367
549	227	138	373
566	228	115	389
556	217	130	400
547	222	140	397
519	239	180	396
511	230	202	400
550	225	164	417
569	212	149	434
583	226	136	427
590	215	145	430
585	218	160	433
589	228	160	402
605	248	140	377
580	241	161	378
571	234	159	374
549	244	169	368
542	240	154	358
536	236	165	358
536	244	151	361
521	236	160	363
524	231	165	369
527	231	154	386
548	247	139	365
539	239	169	382
555	236	159	378
583	225	129	390
594	219	128	389
596	222	146	386
614	238	128	376
607	231	148	366
617	218	135	375
599	233	150	379
601	228	146	366
617	234	130	369
624	237	119	327
607	235	137	329
632	241	110	324
631	229	98	333
627	229	100	323
623	240	110	320
621	240	111	319
610	244	119	329
601	245	114	322
597	240	105	329
575	242	113	318
546	233	124	339
517	233	133	332
485	236	137	336
459	235	148	337
438	230	152	348
412	230	174	358
408	233	171	345
382	227	189	347
384	233	149	352
379	233	134	353
356	226	156	346
344	234	167	347
343	224	175	361
341	223	170	372
342	221	152	359
342	232	157	338
342	226	158	341
349	241	150	331
354	230	161	333
373	227	164	346
403	225	136	346
423	226	137	328
448	231	130	344
456	226	149	343
464	227	158	354
488	224	147	357
510	235	144	333
522	234	142	350
520	227	174	347
540	230	176	355
552	233	188	370
593	233	152	342
616	237	136	352
624	247	161	339
641	234	175	354
660	245	176	350
668	246	156	333
652	230	168	352
685	238	138	354
691	242	157	341
679	250	150	330
663	260	133	294
667	259	110	306
665	247	108	311
668	247	97	315
653	245	104	307
660	249	94	309
653	253	97	297
658	248	92	301
650	245	100	302
651	248	103	293
649	244	106	293
650	240	110	289
653	245	113	291
673	246	111	288
672	240	124	290
660	246	115	276
664	246	108	260
669	257	92	258
664	253	88	247
667	254	84	252
677	257	78	248
679	258	87	251
682	248	88	254
687	243	92	265
695	250	85	272
694	246	92	273
697	244	90	268
689	244	110	281
684	231	119	294
687	220	127	318
682	234	145	309
685	224	136	325
683	233	141	321
689	232	126	325
682	222	128	332
681	230	137	345
674	231	143	351
664	240	167	342
660	229	184	358
648	222	238	359
640	225	255	349
606	220	297	362
582	217	320	375
614	219	291	392
623	221	235	352
632	222	264	374
640	212	214	400
629	223	140	364
628	215	131	358
