0.555812
0.016038
0.017130
0.015992
0.017053
0.016963
0.018095
0.018149
0.016914
0.018257
0.018131
0.018292
0.018289
0.016982
0.018227
0.017042
0.018661
0.018421
0.017303
0.018443
0.020731
0.018495
0.018414
0.018454
0.018469
0.018754
0.018671
0.018801
0.017473
0.018761
0.018886
0.018706
0.017687
0.017553
0.019046
0.018845
0.019126
0.019093
0.019169
0.017939
0.024182
0.019203
0.019522
0.018169
0.019282
0.019382
0.019473
0.019576
0.019711
0.019683
0.019792
0.018577
0.019680
0.018561
0.020030
0.019979
0.019851
0.018513
0.019816
0.018671
0.024667
0.020235
0.020077
0.020013
0.020417
0.020380
0.019003
0.020466
0.020693
0.019160
0.020901
0.020583
0.020792
0.019324
0.020663
0.020816
0.020850
0.020795
0.020952
0.021214
0.025945
0.020158
0.018734
0.018968
0.020428
0.019008
0.019089
0.019105
0.020480
0.019144
0.020560
0.019249
0.020435
0.020520
0.019228
0.019222
0.020645
0.020544
0.020670
0.019611
0.025811
0.019632
0.019566
0.019558
0.019623
0.019738
0.019829
0.019870
0.019772
0.021134
0.019717
0.019928
0.019897
0.019868
0.019721
0.020043
0.020005
0.020098
0.019998
0.020019
0.026323
0.021524
0.020283
0.020186
0.020164
0.020335
0.020300
0.020360
0.020235
0.020499
0.020482
0.020584
0.020275
0.021681
0.020355
0.020509
0.020395
0.020510
0.021956
0.020590
0.026719
0.022025
0.020672
0.021078
0.020940
0.020998
0.021010
0.020973
0.021059
0.021093
0.021193
0.021089
0.021166
0.021118
0.021194
0.021261
0.022540
0.021328
0.021312
0.022923
0.026339
0.021435
0.021502
0.021407
0.022948
0.021545
0.022999
0.021580
0.022952
0.021692
0.023218
0.021917
0.021760
0.021862
0.021852
0.023259
0.023183
0.021972
0.023385
0.023285
0.026982
0.022122
0.022030
0.022898
0.022951
0.024420
0.022814
0.024467
0.024629
0.023660
0.023917
0.023942
0.024207
0.022671
0.022499
0.022667
0.022691
0.024103
0.022815
0.022720
0.027731
0.022883
0.022909
0.022928
0.022809
0.023602
0.025170
0.023547
0.025177
0.022970
0.022977
0.023071
0.022976
0.023042
0.023107
0.024563
0.024564
0.025033
0.023613
0.023322
0.028202
0.025000
0.023439
0.023597
0.025047
0.023579
0.023468
0.024802
0.025005
0.023678
0.025244
0.023800
0.023767
0.023791
0.024503
0.025258
0.023847
0.023936
0.023837
0.024131
0.029616
0.025349
0.024737
0.026407
0.024755
0.024909
0.026485
0.025006
0.026493
0.026405
0.026556
0.024827
0.026334
0.025040
0.026433
0.026477
0.026473
0.026382
0.026559
0.026687
0.031532
0.026489
0.026580
0.026744
0.026836
0.026808
0.025461
0.026978
0.026851
0.026731
0.026944
0.026983
0.027062
0.025199
0.026854
0.026690
0.026947
0.026730
0.025758
0.025694
0.030715
0.027037
0.025784
0.027241
0.025908
0.027324
0.027183
0.027196
0.026100
0.027281
0.027277
0.027287
0.025919
0.027258
0.027252
0.027531
0.027675
0.027613
0.030609
0.030201
0.035475
0.030786
0.028590
0.028531
0.028604
0.028645
0.028798
0.027839
0.027899
0.028083
0.028125
0.028202
0.027736
0.027973
0.059330
0.028972
0.028861
0.028855
0.028117
0.028337
0.033263
0.028360
0.028178
0.028126
0.027086
0.028402
0.027144
0.028653
0.027122
0.028627
0.028530
0.028869
0.028789
0.029024
0.027337
0.028793
0.028957
0.028923
0.027758
0.029152
0.033775
0.028996
0.028849
0.029017
0.029363
0.029160
0.029067
0.029017
0.028932
0.030066
0.029294
0.028131
0.029552
0.029494
0.028191
0.029558
0.029538
0.029540
0.028553
0.028625
0.033583
0.029640
0.029832
0.028625
0.028620
0.028590
0.029836
0.029922
0.030017
0.030227
0.028851
0.030413
0.030430
0.028889
0.030312
0.030352
0.030529
0.028942
0.028822
0.030409
0.035372
0.030340
0.030453
0.030511
0.030807
0.029246
0.030739
0.030665
0.030754
0.031067
0.030872
0.029488
0.031094
0.031094
0.031054
0.030918
0.030922
0.031091
0.031254
0.030401
0.036522
0.031432
0.031373
0.031450
0.031475
0.031431
0.031507
0.031560
0.031482
0.031507
0.031482
0.031873
0.031862
0.031894
0.031940
0.031939
0.030369
0.031017
0.031019
0.031036
0.037383
0.032204
0.032033
0.032073
0.032215
0.032516
0.029974
0.029881
0.029910
0.031399
0.032188
0.032279
0.032533
0.032392
0.031058
0.030853
0.032259
0.032404
0.032818
0.031084
0.037364
0.030886
0.032414
0.032519
0.032989
0.032784
0.031477
0.032950
0.031432
0.032976
0.031264
0.032694
0.033080
0.033165
0.033034
0.031609
0.033319
0.030874
0.033160
0.033303
0.037962
0.033049
0.031522
0.031709
0.032082
0.031821
0.033446
0.033311
0.033412
0.033560
0.033751
0.032123
0.033863
0.033740
0.032200
0.034187
0.033762
0.031404
0.032829
0.033779
0.037408
0.033906
0.033698
0.033869
0.033894
0.034125
0.032634
0.033766
0.033719
0.033969
0.033612
