0.568704
0.016497
0.017352
0.016251
0.017352
0.016687
0.016551
0.016504
0.016617
0.016668
0.017252
0.018561
0.017282
0.017231
0.018628
0.016923
0.016733
0.016943
0.017570
0.018781
0.019939
0.018271
0.017069
0.017815
0.019362
0.017887
0.018396
0.017280
0.017244
0.018568
0.017248
0.017381
0.017407
0.017354
0.017466
0.017386
0.018884
0.017540
0.018874
0.017722
0.022607
0.018716
0.017752
0.018381
0.018594
0.018388
0.018617
0.018654
0.018712
0.019887
0.018746
0.020310
0.018881
0.020083
0.020097
0.020079
0.020252
0.018898
0.020343
0.020483
0.023909
0.019717
0.019753
0.018311
0.019656
0.018454
0.018549
0.018520
0.018622
0.018587
0.018672
0.018687
0.018707
0.018650
0.018759
0.018779
0.019512
0.019505
0.021059
0.019586
0.025216
0.019046
0.018956
0.019085
0.020551
0.019090
0.019239
0.019083
0.019243
0.019309
0.019231
0.020469
0.019423
0.020067
0.021698
0.020173
0.020309
0.020913
0.020854
0.019475
0.024589
0.021770
0.020389
0.020962
0.019753
0.019800
0.019796
0.021106
0.021023
0.020018
0.019993
0.020086
0.021266
0.020291
0.020238
0.020157
0.021653
0.020233
0.021575
0.020212
0.025377
0.020387
0.020375
0.020514
0.020358
0.021861
0.020452
0.021914
0.020607
0.021839
0.020816
0.020854
0.020547
0.021960
0.020716
0.020810
0.020868
0.020797
0.020772
0.020810
0.025789
0.020884
0.022361
0.022258
0.021185
0.021005
0.020946
0.021103
0.021070
0.022755
0.021234
0.030582
0.021243
0.022153
0.021415
0.021465
0.021476
0.021569
0.021590
0.021585
0.026671
0.021636
0.021663
0.021283
0.021473
0.021971
0.021791
0.022027
0.021721
0.021748
0.021808
0.021799
0.021732
0.021940
0.023328
0.021996
0.022066
0.022077
0.021986
0.022136
0.026952
0.022105
0.022077
0.022221
0.022846
0.024578
0.024376
0.023065
0.024703
0.024732
0.024686
0.024627
0.024729
0.023076
0.024733
0.024951
0.026022
0.023251
0.025140
0.025533
0.028578
0.025115
0.025501
0.024481
0.024545
0.024574
0.024569
0.024667
0.023228
0.023200
0.023205
0.023326
0.023432
0.023384
0.023493
0.023371
0.023510
0.023433
0.023485
0.023436
0.028565
0.023636
0.023705
0.023634
0.025121
0.023595
0.023910
0.023796
0.023777
0.023902
0.023909
0.023924
0.023830
0.024065
0.025609
0.024203
0.023986
0.024299
0.025651
0.024252
0.029302
0.025942
0.025751
0.026094
0.026023
0.024586
0.024633
0.024542
0.026159
0.026004
0.025874
0.024644
0.024711
0.024673
0.026071
0.024658
0.024690
0.024838
0.026305
0.024693
0.029622
0.025264
0.025154
0.024960
0.027515
0.026640
0.026570
0.025242
0.025161
0.025224
0.025322
0.025433
0.025231
0.026095
0.027756
0.026260
0.027592
0.027691
0.027599
0.027659
0.032554
0.026224
0.026252
0.027385
0.026164
0.027816
0.028326
0.027980
0.026664
0.028047
0.026581
0.026740
0.027293
0.025997
0.027285
0.026130
0.027321
0.026904
0.027533
0.026320
0.031238
0.026047
0.026372
0.027483
0.027943
0.028011
0.026493
0.028019
0.027786
0.027231
0.027314
0.028756
0.028867
0.028893
0.028089
0.026725
0.026741
0.027558
0.028950
0.028876
0.032349
0.026719
0.028067
0.028474
0.027726
0.027837
0.029127
0.029248
0.029311
0.028387
0.028496
0.029417
0.028587
0.028808
0.027312
0.028210
0.028092
0.027936
0.029643
0.028311
0.034027
0.027871
0.027420
0.029177
0.029076
0.028945
0.029045
0.029302
0.029237
0.029598
0.030220
0.029947
0.030104
0.030168
0.028693
0.028514
0.030158
0.030333
0.028739
0.030076
0.035157
0.030048
0.030288
0.028922
0.029606
0.030478
0.029557
0.030532
0.030846
0.030446
0.030576
0.030790
0.030311
0.028627
0.030941
0.028619
0.029211
0.029277
0.030727
0.029289
0.035986
0.030675
0.030894
0.031105
0.029405
0.031432
0.031017
0.031239
0.031420
0.031190
0.031274
0.029304
0.031410
0.031412
0.031484
0.031492
0.029911
0.031359
0.030113
0.031617
0.036600
0.031863
0.029780
0.030131
0.031494
0.030850
0.030383
0.029742
0.030261
0.031737
0.031789
0.030643
0.031150
0.030428
0.031996
0.031805
0.031763
0.031874
0.031444
0.032268
0.037217
0.032038
0.031927
0.031969
0.032399
0.030800
0.032192
0.032270
0.032390
0.032411
0.032330
0.032593
0.032673
0.032884
0.031230
0.032703
0.033001
0.033028
0.031192
0.032992
0.037032
0.032055
0.032608
0.033605
0.031660
0.032309
0.030676
0.033456
0.062056
0.032426
0.033599
0.033584
0.033016
0.033212
0.031762
0.033328
0.033379
0.031935
0.033388
0.031796
0.038199
0.033930
0.031971
0.033744
0.032065
0.032068
0.034020
0.032333
0.032294
0.033886
0.033582
0.033777
0.034150
0.033664
0.034080
0.032357
0.034034
0.032719
0.034188
0.034617
0.038959
0.034348
0.034545
0.034381
0.032756
0.032446
0.034297
0.034327
0.034635
0.032688
0.034624
0.034455
0.034393
0.034755
0.034692
0.034716
0.034523
0.033830
0.033778
0.032584
0.040242
0.032582
0.033190
0.033180
0.034805
0.034992
0.035482
0.035579
0.035196
0.033323
0.034977
0.035040
0.034859
0.033556
0.035460
0.035334
0.035556
0.035424
0.035462
0.035142
0.040369
0.035500
0.035273
0.035878
0.035865
0.034021
0.035924
0.034089
0.035746
0.035685
0.035757
0.035880
0.034188
0.035880
0.034360
0.034216
0.036050
0.036035
0.035980
0.034298
0.041263
0.033781
0.035466
0.033736
0.036623
0.036089
0.036139
0.036958
0.036601
0.036533
0.036224
0.036698
0.036348
0.036955
0.036794
0.034780
0.036570
0.036811
0.036714
0.036724
0.041988
0.035262
0.035202
0.035286
0.036903
0.037191
0.035388
0.037343
0.036890
0.036748
0.035254
0.035470
0.037043
0.036887
0.037065
0.037354
0.037153
0.037089
0.035510
0.037297
0.042027
0.037366
0.037254
0.035690
0.037218
0.037408
0.037370
0.037517
0.037931
0.037972
0.037678
0.036301
0.036261
0.038138
0.037551
0.036183
0.038299
0.036413
0.038212
0.036522
0.042938
0.038087
0.038201
0.037986
0.038253
0.038232
0.038540
0.038093
0.038397
0.036748
0.038261
0.038034
0.038112
0.038062
0.038022
0.036894
0.037086
0.038882
0.038424
0.038462
0.043361
0.036691
0.038754
0.038728
0.039068
0.038548
0.038482
0.039951
0.037295
0.037104
0.038772
0.039216
0.038884
0.039106
0.039309
0.037536
0.037256
0.038970
0.039037
0.039137
0.044411
0.039129
0.039323
0.039694
0.037895
0.037650
0.039213
0.037958
0.039814
0.039759
0.039611
