0.554922
0.015481
0.015729
0.015700
0.015686
0.015576
0.017930
0.016932
0.016418
0.016724
0.016729
0.016810
0.016419
0.017545
0.018073
0.016856
0.017612
0.018141
0.017065
0.016785
0.020126
0.016898
0.016802
0.018686
0.018666
0.017289
0.018365
0.017404
0.017369
0.017448
0.017002
0.017214
0.017189
0.018260
0.018347
0.017364
0.018526
0.017463
0.018369
0.018636
0.022362
0.017528
0.017933
0.017675
0.017598
0.017702
0.017569
0.017909
0.017888
0.017827
0.017720
0.017912
0.019131
0.017798
0.017874
0.019275
0.019219
0.018223
0.018001
0.018583
0.024227
0.018217
0.018137
0.019374
0.018215
0.018173
0.019504
0.019640
0.018479
0.018437
0.018281
0.018444
0.018881
0.018550
0.018472
0.018635
0.018507
0.018723
0.019007
0.019962
0.024902
0.018858
0.018812
0.018904
0.018918
0.018998
0.018809
0.020157
0.019074
0.020290
0.021002
0.019284
0.019383
0.019472
0.019373
0.019510
0.019468
0.020647
0.019341
0.019523
0.024413
0.019449
0.019347
0.019855
0.019831
0.019742
0.019685
0.020382
0.021871
0.022094
0.021957
0.021988
0.021823
0.020533
0.022145
0.021445
0.021308
0.021497
0.021102
0.019953
0.025278
0.020111
0.021647
0.020314
0.021791
0.020363
0.020464
0.020554
0.020449
0.020720
0.021858
