0.568565
0.017803
0.017458
0.017165
0.017291
0.017408
0.018974
0.019001
0.018889
0.017222
0.017239
0.017346
0.017344
0.017205
0.019295
0.020672
0.026994
0.018538
0.018596
0.018719
0.021092
0.018915
0.018941
0.019265
0.018800
0.018977
0.019454
0.027711
0.019286
0.019177
0.019363
0.019059
0.019072
0.019111
0.019080
0.019023
0.019088
0.019060
0.019099
0.019153
0.024226
0.019233
0.019112
0.019163
0.019229
0.019208
0.019243
0.019110
0.019222
0.019284
0.019307
0.019145
0.025505
0.019384
0.019884
0.019403
0.019510
0.019472
0.019608
0.019667
0.024579
0.019747
0.019657
0.019712
0.029071
0.019682
0.019820
0.019847
0.019862
0.020652
0.018587
0.019877
0.020013
0.020120
0.020185
0.020936
0.020322
0.020352
0.020376
0.020521
0.025463
0.020444
0.020453
0.020645
0.020689
0.020612
0.020661
0.020738
0.020664
0.020752
0.020868
0.020952
0.020864
0.020932
0.020970
0.021021
0.021118
0.021145
0.021178
0.021255
0.026110
0.021184
0.021280
0.021329
0.021341
0.022961
0.021309
0.021383
0.021410
0.021362
0.021497
0.030920
0.021574
0.021562
0.021654
0.021628
0.021820
0.021761
0.020215
0.021610
0.026833
0.021652
0.021679
0.021777
0.021992
0.021913
0.021894
0.021791
0.022014
0.021972
0.021946
0.022107
0.022101
0.021979
0.022178
0.021990
0.022216
0.022186
0.022195
0.022204
0.027147
0.021041
0.022328
0.021356
0.022470
0.022701
0.021525
0.022619
0.022627
0.022773
0.022938
0.022834
0.023024
0.022791
0.022960
0.032476
0.022996
0.024764
0.023078
0.023312
0.028364
0.023348
0.023377
0.022024
0.023441
0.023546
0.023522
0.023515
0.023549
0.023672
0.023780
0.023841
0.024007
0.023917
0.023914
0.024164
0.024175
0.024048
0.024235
0.024287
0.029364
0.024430
0.022834
0.022985
0.023067
0.023093
0.024250
0.024230
0.024339
0.024543
0.024642
0.022987
0.024494
0.024652
0.025074
0.023221
0.024553
0.024722
0.024985
0.025385
0.029799
0.024920
0.025269
0.025560
0.025579
0.029484
0.025054
0.025236
0.025162
0.024850
0.025123
0.025295
0.025257
0.024926
0.025028
0.025424
0.025152
0.024777
0.023317
0.024719
0.029789
0.027918
0.024920
0.024863
0.025040
0.025225
0.025321
0.025436
0.025423
0.025643
0.025815
0.025677
0.025672
0.027747
0.025726
0.025559
0.025560
0.024192
0.025786
0.025708
0.029400
0.025668
0.025578
0.025552
0.025743
0.025621
0.025624
0.025738
0.024573
0.026007
0.026143
