0.565113
0.015710
0.016191
0.016105
0.015000
0.015115
0.017025
0.017019
0.017081
0.017257
0.017220
0.017239
0.017108
0.017417
0.017632
0.017435
0.017337
0.017315
0.026841
0.017395
0.020090
0.017842
0.017381
0.017894
0.017978
0.017957
0.018596
0.018052
0.018306
0.025957
0.018275
0.018444
0.018568
0.018239
0.018548
0.018203
0.020126
0.018456
0.018649
0.018398
0.022392
0.018740
0.018484
0.018644
0.018725
0.018615
0.018584
0.018783
0.018759
0.018750
0.018973
0.018973
0.018748
0.018969
0.028275
0.019546
0.018972
0.028684
0.019092
0.019123
0.023932
0.019217
0.019131
0.019235
0.019180
0.019214
0.019124
0.019491
0.028906
0.019386
0.019644
0.019674
0.021555
0.019640
0.029452
0.019948
0.019541
0.018854
0.018773
0.021234
0.033911
0.020049
0.019945
0.019613
0.020098
0.019802
0.019995
0.029374
0.020170
0.020105
0.018614
0.018769
0.028128
0.020298
0.020221
0.020187
0.020149
0.020058
0.020306
0.020303
0.034824
0.020498
0.020582
0.030897
0.020652
0.020474
0.020445
0.020639
0.019455
0.019433
0.019579
0.019527
0.019562
0.019413
0.019921
0.020086
0.020093
0.020258
0.020205
0.020157
0.025121
0.029649
0.020438
0.021626
0.021624
0.023252
0.021540
0.021577
0.021681
0.031153
0.021816
0.021887
0.021926
0.022259
0.022111
0.022139
0.021953
0.022104
0.022027
0.022188
0.027930
0.022356
0.022055
0.022313
0.022192
0.022148
0.022078
0.022220
0.025061
0.022235
0.022507
0.031997
0.023258
0.022573
0.022304
0.022266
0.024450
0.022517
0.022726
0.022734
0.027588
0.022656
0.022549
0.022695
0.023246
0.022536
0.022707
0.022697
0.022744
0.022631
0.022664
0.022853
0.029941
0.022837
0.023082
0.023062
0.023018
0.025442
0.023102
0.023072
0.027927
0.022960
0.023092
0.023144
0.023277
0.021611
0.023137
0.023316
0.023228
