0.553623
0.015510
0.015326
0.015342
0.015251
0.015275
0.017369
0.016443
0.017509
0.017504
0.017461
0.017503
0.016696
0.017741
0.017779
0.016700
0.016736
0.016669
0.016656
0.017864
0.020475
0.017852
0.017848
0.018037
0.017903
0.016995
0.018010
0.018139
0.017064
0.017428
0.018571
0.017367
0.017423
0.017492
0.018639
0.018796
0.017492
0.018545
0.019000
0.017903
0.023650
0.018943
0.018742
0.019256
0.017570
0.018802
0.017739
0.018960
0.017728
0.018900
0.017690
0.017757
0.018119
0.019484
0.017918
0.019484
0.018258
0.017969
0.018302
0.018460
0.023359
0.019528
0.018021
0.019773
0.018519
0.019736
0.018612
0.019517
0.018175
0.018664
0.018627
0.018761
0.018698
0.020135
0.018814
0.019170
0.018541
0.020001
0.018925
0.020089
0.025191
0.019198
0.018861
0.018780
0.018834
0.018905
0.020231
0.020355
0.019263
0.019380
0.020852
0.020763
0.019219
0.019274
0.020424
0.020627
0.020506
0.019457
0.019394
0.019535
0.024441
0.020962
0.021128
0.019603
0.020731
0.019619
0.019568
0.019754
0.019517
0.021017
0.019695
0.021177
0.021166
0.019850
0.019850
0.021128
0.019810
0.021351
0.021364
0.019897
0.024741
0.019936
0.021463
0.021490
0.020293
0.021527
0.020335
0.020384
0.020400
0.020324
0.020399
0.021827
0.021682
0.021897
0.020539
0.022164
0.021987
0.022220
0.022220
0.020705
0.025615
0.022173
0.020723
0.021138
0.021158
0.022666
0.022509
0.021206
0.021276
0.022744
0.021271
0.021266
0.022812
0.021167
0.021465
0.021408
0.022724
0.021497
0.022814
0.022137
0.027245
0.021589
0.021652
0.023001
0.022930
0.022933
0.023479
0.023166
0.023427
0.023287
0.023455
0.022989
0.021770
0.023606
0.023679
0.023239
0.022258
0.022127
0.022147
0.022289
0.028760
0.023744
0.024017
0.023828
0.023840
0.023907
0.024081
0.024206
0.022185
0.023691
0.022342
0.023627
0.022724
0.024182
0.022448
0.022522
0.022554
0.022489
0.023860
0.022470
0.028986
0.022545
0.024014
0.023057
0.022650
0.022815
0.022757
0.024395
0.022956
0.022950
0.024647
0.023414
0.024652
0.024810
0.024679
0.024940
0.024621
0.024561
0.024770
0.025196
0.029978
0.023171
0.024606
0.025122
0.025603
0.023986
0.025167
0.023830
0.025316
0.025400
0.023882
0.024059
0.025313
0.025408
0.025416
0.052744
0.025765
0.025283
0.025932
0.025399
0.030513
0.024135
0.025677
0.024276
0.025870
0.025460
0.025567
0.025543
0.024327
0.025613
0.024430
0.025789
0.024398
0.024563
0.026151
0.025804
0.025823
0.026123
0.025532
0.024576
0.029583
0.026098
0.026050
0.026469
0.024876
0.025249
0.026047
0.025182
0.024773
0.024943
0.025248
0.025254
0.025256
0.026557
0.025301
0.025228
0.026858
0.026830
0.025354
0.025512
0.030473
0.025451
0.025477
0.025187
0.025325
0.025236
0.025297
0.025285
0.025417
0.025323
0.025717
0.025884
0.027037
0.025815
0.025915
0.025996
0.026111
0.026094
0.026123
0.025845
0.030850
0.025967
0.026163
0.026218
0.026133
0.026391
0.026141
0.026299
0.026258
0.027873
0.026462
0.026528
0.026438
0.026462
0.026236
0.027577
0.026568
0.026464
0.026685
0.026711
0.031762
0.026808
0.026825
0.026772
0.028310
0.026514
0.026936
0.026971
0.027046
0.028588
0.027199
0.027142
0.028414
0.027152
0.028576
0.027241
0.027214
0.026918
0.027017
0.028898
0.032264
0.027300
0.027234
0.027430
0.027533
0.027560
0.027489
0.027614
0.027628
0.027486
0.027709
0.027670
0.027643
0.027616
0.029131
0.027864
0.027874
0.027694
0.029365
0.027931
0.032920
0.027528
0.028865
0.028943
0.028989
0.027793
0.027765
0.027870
0.027905
0.027921
0.028288
0.029809
0.028379
0.030031
0.028460
0.028484
0.028543
0.029651
0.028524
0.028540
0.033353
0.028582
0.028622
0.029964
0.030103
0.028492
0.028750
0.029310
0.029360
0.031046
0.029418
0.030981
0.030889
0.031072
0.031135
0.029606
0.029535
0.030999
0.030536
0.028896
0.035115
0.029700
0.031224
0.031411
0.031475
0.029201
0.030783
0.029399
0.031124
0.030711
0.029439
0.029469
0.030763
0.030967
0.029649
0.029611
0.029799
0.029791
0.029532
0.029587
0.034591
0.029646
0.029807
0.029621
0.030931
0.029618
0.031379
0.029788
0.029694
0.029779
0.029970
0.030016
0.030085
0.029929
0.030324
0.030396
0.031692
0.031922
0.031475
0.030425
0.036970
0.030680
0.030465
0.030703
0.032145
0.032448
0.030801
0.030770
0.030466
0.030505
0.030706
0.030414
0.030592
0.030408
0.032027
0.030677
0.032482
0.031112
0.032541
0.031007
0.035900
0.031333
0.031271
0.031307
0.032983
0.031137
0.032769
0.031365
0.031555
0.033028
0.031516
0.031191
0.031686
0.031623
0.031618
0.031320
0.031142
0.031179
0.033172
0.031268
0.037714
0.032912
0.033337
0.031857
0.033389
0.031947
0.033435
0.032011
0.032068
0.031790
0.031880
0.031971
0.033572
0.032030
0.031816
0.033478
0.031660
0.032037
0.032027
0.032069
0.036943
0.033515
0.033523
0.033522
0.034427
0.033875
0.032269
0.032531
0.033870
0.033931
0.033655
0.034002
0.033825
0.034202
0.034128
0.032344
0.034539
0.032949
0.034676
0.033080
0.037966
0.032931
0.033123
0.034992
0.033169
0.033164
0.033259
0.033311
0.033234
0.033356
0.034634
0.033061
0.034765
0.033029
0.034885
0.034745
0.033265
0.033238
0.034912
0.033833
0.038243
0.033485
0.034785
0.035337
0.034924
0.033854
0.034956
0.034827
0.034835
0.034253
0.033745
0.033812
0.035525
0.035683
0.035333
0.034227
0.034285
0.034154
0.035199
0.036064
0.039152
0.035913
0.035901
0.035572
0.035830
0.034390
0.034341
0.034386
0.036079
0.036234
0.034539
0.034609
0.036016
0.035972
0.036464
0.036610
0.036792
0.034596
0.035891
0.034646
0.040017
0.034992
0.034976
0.036088
0.036539
0.034812
0.035031
0.036840
0.036826
0.035177
0.035388
0.035020
0.037134
0.035131
0.036778
0.035363
0.036625
0.035529
0.035597
0.035492
0.041966
0.035481
0.035437
0.035743
0.037214
0.035664
0.037029
0.035534
0.035894
0.035428
0.037483
0.037689
0.035986
0.035841
0.037553
0.037369
0.038327
0.037500
0.038478
0.036946
0.043261
0.038456
0.036746
0.038870
0.036028
0.038008
0.036225
0.036304
0.037608
0.038823
0.038422
0.038448
0.038335
0.038265
0.038450
0.038338
0.037052
0.039067
0.039233
0.037005
0.043926
0.038252
0.038198
0.036647
0.038422
0.038551
0.038862
0.037057
0.037114
0.037021
0.036690
0.036829
0.038973
0.036901
0.038583
0.037064
0.038530
0.036976
0.038740
0.037441
0.042468
