0.558088
0.019218
0.019511
0.016606
0.015697
0.015693
0.017723
0.016485
0.017496
0.016581
0.016766
0.017822
0.016882
0.016708
0.016881
0.016872
0.016935
0.016908
0.017984
0.016985
0.019172
0.017060
0.018253
0.018100
0.017243
0.017128
0.018419
0.017189
0.018432
0.017276
0.018553
0.018561
0.018500
0.017581
0.018631
0.017714
0.018783
0.017791
0.018954
0.018945
0.022582
0.017659
0.018976
0.017906
0.018023
0.018956
0.019163
0.019118
0.019021
0.019243
0.019117
0.018157
0.019159
0.019393
0.017935
0.018162
0.018169
0.018132
0.019211
0.019487
0.024425
0.018127
0.018356
0.018580
0.018372
0.018618
0.019459
0.018575
0.019798
0.019845
0.018635
0.018681
0.020387
0.018822
0.018680
0.020151
0.018967
0.018835
0.018869
0.018871
0.023953
0.018940
0.020487
0.019120
0.020607
0.019245
0.020665
0.019241
0.019313
0.020667
0.019177
0.019419
0.019392
0.020678
0.020729
0.019536
0.019554
0.019599
0.019602
0.019623
