0.551652
0.016046
0.017121
0.017240
0.015937
0.017217
0.018125
0.018458
0.018165
0.018264
0.018398
0.017010
0.018161
0.017194
0.018561
0.017125
0.018452
0.018722
0.018540
0.018461
0.020844
0.017310
0.018738
0.017439
0.018665
0.018546
0.017648
0.017454
0.018756
0.017738
0.018726
0.018869
0.017818
0.019784
0.017839
0.019006
0.019355
0.019062
0.017857
0.019065
0.024076
0.018079
0.019413
0.018313
0.019417
0.019363
0.019661
0.019498
0.019585
0.018314
0.019737
0.019943
0.018370
0.020129
0.020093
0.020035
0.020012
0.018433
0.018419
0.019942
0.024821
0.018687
0.019847
0.019934
0.020110
0.020084
0.020468
0.020368
0.020266
0.020602
0.020572
0.020617
0.019117
0.020281
0.020720
0.020841
0.019997
0.021067
0.019764
0.020899
0.023734
0.019004
0.018935
0.019146
0.019269
0.018992
0.018871
0.019309
0.019324
0.020555
0.019272
0.019262
0.019280
0.019222
0.019217
0.019281
0.019294
0.019372
0.020798
0.019570
0.025885
0.019644
0.019547
0.019686
0.019620
0.019603
0.021131
0.021246
0.019835
0.021423
0.021277
0.019863
0.021459
0.020063
0.020045
0.019994
0.020070
0.020088
0.021425
0.019990
0.026411
0.020057
0.021567
0.020101
0.021700
0.020409
0.021774
0.020304
0.020164
0.020262
0.020622
0.020640
0.021689
0.021821
0.021621
0.020415
0.020402
0.021819
0.020394
0.021915
0.025451
0.020500
0.020553
0.020476
0.022368
0.021111
0.021089
0.021128
0.021249
0.022769
0.022718
0.021297
0.021250
0.021186
0.021240
0.022648
0.022877
0.021424
0.021348
0.022795
0.026292
0.022819
0.023222
0.022931
0.021492
0.021413
0.023031
0.021690
0.021494
0.023143
0.021813
0.023299
0.021605
0.022031
0.023259
0.021677
0.021972
0.023445
0.021981
0.021752
0.028325
0.023240
0.023339
0.023515
0.022654
0.024431
0.022679
0.022652
0.024649
0.023731
0.022373
0.023869
0.022462
0.022158
0.022702
0.024167
0.024144
0.022450
0.024009
0.022614
0.027917
0.023091
0.024752
0.022968
0.025054
0.023295
0.023399
0.023302
0.025172
0.025396
0.024508
0.023108
0.024520
0.023074
0.023078
0.023187
0.024696
0.023252
0.023501
0.023338
0.029747
0.023258
0.024867
0.023360
0.024856
0.023483
0.024850
0.024681
0.024816
0.023419
0.025293
0.023574
0.023633
0.025340
0.023729
0.025238
0.025172
0.023631
0.026324
0.025354
0.030235
0.023917
0.026169
0.024503
0.024548
0.024539
0.026363
0.024787
0.026055
0.026105
0.026361
0.026103
0.024906
0.026083
0.026206
0.024836
0.026357
0.026350
0.024888
0.024904
0.031230
0.024885
0.026572
0.026534
0.025086
0.026739
0.026444
0.026435
0.026448
0.025441
0.026823
0.026749
0.025264
0.026585
0.026846
0.026796
0.026517
0.025576
0.026539
0.025484
0.031621
0.026935
0.026717
0.025750
0.026999
0.025650
0.026860
0.027245
0.027276
0.025667
0.027202
0.026956
0.026887
0.027094
0.027246
0.026122
0.025889
0.030171
0.028429
0.026179
0.035091
0.030060
0.028423
0.028409
0.028437
0.030190
0.028517
0.026337
0.027808
0.028006
0.028034
0.026501
0.027744
0.027544
0.059355
0.030337
0.030564
0.030622
0.028010
0.028085
0.033151
0.028107
0.028136
0.028147
0.028034
0.028029
0.028143
0.031071
0.028286
0.027128
0.029233
0.027182
0.028489
0.028514
0.028628
0.028790
0.029070
0.027270
0.028853
0.028972
0.033742
0.028915
0.027447
0.027361
0.028759
0.028802
0.028899
0.028839
0.030095
0.030130
0.027771
0.029042
0.027584
0.029068
0.029306
0.027903
0.028076
0.027915
0.029388
0.029396
0.034184
0.029427
0.029747
0.029433
0.029442
0.028375
0.029588
0.029976
0.029822
0.029631
0.029594
0.030205
0.028529
0.030007
0.028657
0.030269
0.030259
0.030067
0.030233
0.030720
0.035121
0.030153
0.030240
0.028870
0.030247
0.028757
0.030220
0.030288
0.030586
0.030538
0.030630
0.030606
0.030448
0.030636
0.030638
0.030857
0.030780
0.029403
0.030909
0.031071
0.034668
0.031176
0.030948
0.030919
0.031109
0.030910
0.031226
0.031293
0.029868
0.029680
0.031580
0.029653
0.029639
0.031368
0.029866
0.031618
0.031434
0.030910
0.029597
0.029559
0.034453
0.031937
0.030149
0.032171
0.030393
0.031275
0.032417
0.031338
0.031117
0.031013
0.031000
0.030922
0.031801
0.032270
0.030335
0.032206
0.030437
0.032080
0.032210
0.030559
0.036954
0.030687
0.032281
0.030840
0.032419
0.031647
0.032302
0.030401
0.032604
0.031188
0.032813
0.032848
0.031027
0.032690
0.032595
0.032567
0.031202
0.031892
0.031261
0.031270
0.037723
0.031311
0.033027
0.030814
0.033061
0.031412
0.033345
0.033192
0.031656
0.033206
0.033383
0.031784
0.033926
0.033910
0.033621
0.031775
0.033510
0.032750
0.032979
0.034342
0.038563
0.032150
0.033472
0.031978
0.033801
0.032195
0.032225
0.033684
0.032168
0.033613
0.033393
