358	144	40	97
358	149	41	93
348	153	50	87
345	160	54	82
345	164	55	77
344	166	53	77
339	164	57	80
330	158	62	91
324	160	65	91
329	170	58	87
315	174	66	82
308	178	69	81
297	176	79	85
287	168	87	93
288	173	83	93
289	170	80	101
298	172	67	116
298	176	63	114
302	188	56	105
300	186	56	111
303	189	53	108
296	195	57	101
288	196	56	105
282	210	59	97
284	220	51	87
282	229	51	76
273	228	56	86
262	227	68	96
251	241	74	86
250	249	75	79
247	253	75	71
238	253	79	71
236	247	81	79
229	242	79	83
221	234	81	93
212	227	80	97
223	242	61	89
224	246	58	88
219	258	58	77
213	260	62	75
206	259	60	74
192	252	67	85
183	248	70	94
178	239	71	104
176	239	66	101
171	245	69	90
161	245	78	99
152	244	87	109
150	241	79	140
141	236	85	147
135	235	86	153
125	237	92	152
108	236	98	148
113	251	96	130
124	265	96	116
131	276	102	105
139	278	123	103
133	288	140	91
143	291	138	87
146	286	131	97
161	280	116	97
167	275	120	105
172	270	132	112
169	269	144	110
176	279	145	100
198	285	130	94
209	281	137	100
228	292	128	86
248	295	129	82
262	297	124	80
281	299	121	79
282	299	127	76
299	297	117	78
304	296	118	76
317	294	109	83
315	292	116	85
316	293	122	79
315	290	126	87
325	288	119	88
329	293	116	80
328	295	116	87
333	296	113	88
324	299	121	86
318	304	119	96
304	307	119	87
304	310	104	84
299	314	104	83
281	305	116	95
278	302	117	104
278	306	111	96
278	304	94	83
278	301	100	89
285	297	88	97
290	303	76	91
285	299	65	91
276	299	74	99
267	299	82	89
256	289	81	96
247	281	59	113
251	275	52	112
244	266	59	111
