190	189	60	112
190	195	64	112
192	196	62	113
191	203	64	110
186	211	75	102
183	216	80	101
179	227	87	95
177	232	90	91
175	234	99	89
175	232	101	88
163	223	117	98
168	218	115	104
171	219	115	103
168	220	121	104
165	224	123	102
161	232	132	93
157	226	137	100
150	231	148	96
155	227	147	103
158	227	146	104
154	219	152	111
164	222	140	107
159	225	142	103
157	229	146	102
169	239	141	96
176	232	135	105
171	242	143	94
176	234	140	103
185	247	133	95
184	248	127	95
194	250	121	92
190	249	129	96
180	249	141	96
184	243	139	101
190	243	133	101
196	239	121	108
194	241	119	108
194	244	123	105
195	242	121	111
200	241	116	113
197	232	122	121
206	240	108	113
198	243	125	112
190	245	136	115
195	246	133	116
188	247	145	110
190	247	145	110
185	245	155	115
184	238	160	118
185	232	164	124
183	231	171	131
177	240	180	119
177	235	185	129
183	233	180	126
174	225	197	139
175	248	202	117
158	233	225	131
156	238	232	126
128	230	271	136
117	237	281	130
124	259	282	105
123	256	288	110
130	255	287	110
135	261	291	105
128	260	308	108
140	257	300	111
134	260	309	109
118	256	344	113
114	244	355	123
122	216	349	153
118	232	360	135
141	244	341	123
143	243	357	126
145	258	362	115
152	246	367	125
161	247	367	120
171	254	375	116
173	252	383	119
176	260	391	107
182	244	387	123
186	259	396	115
182	260	412	108
180	264	445	108
180	253	438	118
177	261	440	118
175	262	457	109
168	262	469	111
172	265	469	109
178	257	466	115
183	258	462	116
179	255	468	120
