0.562552
0.016740
0.016337
0.016172
0.016197
0.025995
0.017619
0.017452
0.017559
0.017646
0.017724
0.017999
0.018178
0.018353
0.018450
0.018497
0.018250
0.018713
0.018585
0.017063
0.019177
0.017267
0.017000
0.017094
0.017090
0.018927
0.028612
0.019202
0.017618
0.018914
0.018997
0.018930
0.018941
0.019193
0.019522
0.028662
0.019281
0.019404
0.019334
0.019409
0.024363
0.018084
0.019399
0.019697
0.018203
0.018104
0.018197
0.018106
0.018256
0.018481
0.018423
0.018438
0.018488
0.018603
0.018670
0.018968
0.018733
0.018930
0.019127
0.018624
0.023561
0.019101
0.019222
0.019383
0.019254
0.018727
0.018774
0.018805
0.018843
0.018970
0.019221
0.019151
0.019093
0.019193
0.019233
0.019382
0.019262
0.019644
0.019348
0.019480
0.024472
0.019480
0.019597
0.028967
0.019598
0.019668
0.019710
0.019759
0.019715
0.019910
0.019789
