455	88	61	170
453	86	69	179
455	91	70	178
456	86	67	179
454	88	72	166
455	85	66	164
457	80	62	166
451	79	69	165
450	82	74	172
448	83	84	177
457	91	79	167
460	94	80	178
461	93	79	164
460	91	82	167
464	87	83	170
470	87	78	182
470	89	77	182
471	89	79	190
474	93	83	200
472	94	85	189
472	97	83	177
475	98	78	181
477	97	80	188
477	99	71	182
485	107	61	193
484	108	62	196
484	110	68	206
488	116	65	191
494	117	58	190
494	117	58	186
500	110	56	191
501	108	54	199
504	113	55	200
509	111	51	203
516	120	48	197
519	119	47	201
517	122	53	201
517	122	55	211
517	122	58	201
518	129	55	198
519	128	55	217
522	131	50	211
524	142	48	206
527	146	49	208
525	149	51	204
524	148	56	219
526	155	54	208
526	159	58	212
528	166	54	222
529	168	58	224
534	178	57	226
537	180	57	230
547	185	55	229
556	193	54	216
563	194	61	215
567	198	68	219
579	201	76	238
589	203	73	263
605	211	68	257
615	212	64	257
623	218	61	258
628	219	62	243
640	232	62	225
649	235	64	228
663	228	68	248
673	236	69	248
692	246	62	260
700	250	63	269
709	253	70	300
720	262	68	285
726	266	74	270
730	271	79	263
736	265	75	261
738	270	79	266
744	276	88	281
754	277	84	280
761	278	84	302
760	277	83	291
766	276	79	274
771	278	74	246
773	270	78	238
770	266	78	231
773	262	75	240
767	264	83	251
780	248	68	279
773	235	75	255
773	226	72	237
770	217	72	214
767	200	72	221
763	195	76	226
760	201	78	225
759	186	78	221
759	194	70	216
763	208	63	208
763	207	60	198
764	192	60	199
761	177	60	201
760	168	60	202
757	166	58	202
752	146	60	216
746	134	69	218
