0.564150
0.016470
0.015823
0.015901
0.015832
0.015860
0.016821
0.016982
0.017122
0.017258
0.017172
0.017102
0.017215
0.017411
0.017959
0.017832
0.017767
0.017642
0.017859
0.017497
0.019946
0.017797
0.017673
0.017801
0.017857
0.027130
0.017553
0.017728
0.018024
0.018088
0.018051
0.018023
0.018070
0.018171
0.018319
0.018554
0.018508
0.018269
0.018217
0.018115
0.022144
0.017250
0.017369
0.017683
0.019228
0.018641
0.018555
0.019124
0.019231
0.019524
0.019656
0.019658
0.019931
0.020251
0.020262
0.018274
0.018206
0.027613
0.018601
0.018491
0.027763
0.019420
0.018739
0.017757
0.017597
0.020380
0.018937
0.018913
0.018772
0.020079
0.018687
0.018677
0.018637
0.018697
0.018592
0.018694
0.018766
0.019001
0.019064
0.018998
0.025136
0.020326
0.020375
0.020312
0.020619
0.020835
0.020457
0.020411
0.020662
0.020772
0.020761
0.020609
0.020637
0.020577
0.020307
0.020367
0.020478
0.020524
0.020562
0.020561
0.025474
