420	151	87	320
409	158	104	314
417	156	96	318
411	158	100	313
407	153	108	318
397	150	114	326
388	154	115	332
375	152	119	331
363	148	119	341
353	145	111	331
347	163	90	332
326	166	102	317
306	177	108	309
315	160	95	309
314	162	99	319
309	155	101	321
324	156	98	317
335	155	97	314
337	167	119	312
353	151	105	308
362	153	104	311
373	163	106	316
381	156	102	316
388	153	102	313
396	152	101	313
398	159	102	327
397	149	100	324
394	154	108	323
393	154	119	327
406	153	104	331
412	155	116	326
422	156	107	332
431	153	108	326
436	146	100	320
433	158	107	324
428	151	106	326
420	153	105	330
410	155	108	320
415	158	94	323
413	145	93	319
405	152	106	320
417	152	95	321
432	156	88	312
440	162	92	313
446	154	99	314
455	159	98	321
460	158	98	311
464	156	94	309
472	154	90	303
456	164	100	301
456	166	98	302
453	161	93	300
442	167	91	289
436	162	89	294
427	162	93	298
416	157	96	306
416	157	92	307
407	162	98	301
402	153	101	309
399	152	104	321
397	152	100	320
391	156	111	321
393	153	103	321
387	161	111	322
371	154	125	324
371	151	114	335
364	154	117	327
362	154	119	334
364	153	126	328
369	156	125	325
378	151	126	334
393	145	126	333
418	156	107	321
434	153	95	328
436	151	98	321
451	160	100	320
465	155	89	312
474	157	90	310
484	160	98	309
491	150	103	315
504	154	102	319
516	158	105	321
528	160	113	314
545	158	103	318
559	153	104	320
571	154	99	316
571	165	113	318
575	159	112	312
569	153	128	314
559	168	170	317
539	158	143	324
533	158	114	308
527	156	95	329
509	149	99	321
502	157	95	322
485	154	96	314
477	150	98	311
462	155	109	318
462	151	97	315
454	155	102	315
447	160	102	325
439	154	108	321
442	150	97	330
436	139	99	335
431	146	95	343
427	141	96	347
420	140	99	351
418	138	91	363
405	135	105	355
402	147	105	346
396	147	122	357
406	135	115	356
404	135	127	367
400	129	149	371
432	143	124	370
447	134	124	368
473	141	105	366
475	131	118	379
490	138	109	370
500	134	103	372
509	134	105	380
511	131	109	378
512	127	117	383
518	129	114	401
525	117	104	398
530	132	101	391
543	129	95	396
538	122	100	400
534	123	106	402
525	136	117	388
518	134	121	373
517	140	108	373
506	125	116	377
489	130	125	379
475	137	121	379
477	127	106	377
475	129	99	372
471	128	97	380
457	136	113	368
454	138	104	356
455	148	97	347
443	140	103	354
432	144	112	349
427	151	101	351
416	137	105	343
413	147	93	343
402	144	97	333
378	151	114	339
367	145	110	344
352	152	114	347
324	143	138	342
303	144	130	354
282	133	128	357
277	152	128	342
277	137	113	348
278	133	109	358
270	146	122	350
268	145	131	348
277	155	132	348
296	145	130	343
299	149	144	338
302	146	167	342
310	151	181	353
330	150	177	346
356	147	153	345
389	141	129	340
413	152	109	345
424	156	107	354
424	161	106	351
429	162	107	343
428	149	118	340
437	151	104	340
441	158	111	339
442	162	120	328
451	156	103	328
450	162	118	320
446	156	118	319
450	163	113	317
454	163	107	319
456	163	112	307
451	154	114	313
456	163	104	311
456	155	102	311
453	155	97	310
452	166	87	296
442	163	86	298
430	164	90	287
424	167	83	295
414	163	91	290
406	161	99	291
398	162	95	290
393	167	103	290
389	172	99	278
391	167	89	284
384	163	95	284
374	163	105	290
366	169	109	292
363	163	106	303
358	163	102	304
354	160	98	309
346	153	96	302
339	161	91	310
321	161	107	319
308	151	115	324
314	159	108	308
328	161	97	312
335	163	106	308
335	157	119	310
363	157	105	312
368	157	132	312
390	161	111	312
403	155	122	323
416	156	126	311
420	163	130	303
420	161	130	291
414	164	134	306
412	165	136	302
397	163	143	304
398	158	120	314
390	147	117	319
387	161	101	315
367	161	110	313
345	157	120	318
341	157	115	319
336	146	104	325
334	154	108	329
337	149	105	328
334	152	108	328
337	146	109	340
334	155	114	336
346	143	100	338
351	153	98	350
357	143	101	355
352	141	116	349
357	138	107	358
360	142	111	355
365	146	116	354
362	142	114	364
364	132	111	368
372	136	110	373
373	135	118	379
381	138	115	379
379	140	118	378
383	131	117	385
382	132	117	383
373	139	125	374
373	143	114	384
384	138	104	375
389	133	94	372
383	136	98	371
378	140	106	369
373	142	110	368
379	141	108	355
377	142	105	354
371	143	106	353
361	143	115	351
355	147	108	342
354	147	104	336
356	153	98	340
353	138	98	343
352	154	99	339
351	156	105	330
361	152	87	325
359	158	97	320
338	159	126	318
335	163	126	305
323	167	137	307
336	159	132	312
330	167	138	307
327	157	139	312
337	159	121	312
335	162	125	309
306	158	156	306
344	157	115	306
326	159	133	313
349	165	116	306
372	164	92	295
379	162	97	297
382	158	93	292
384	159	92	304
388	164	89	297
390	166	85	298
391	156	86	298
388	164	91	292
381	169	99	294
372	162	103	296
380	156	79	302
370	165	90	294
362	166	91	290
351	162	93	297
342	171	93	298
333	164	94	298
314	165	108	299
305	157	106	308
296	150	104	307
275	162	114	311
246	165	139	316
237	167	142	305
229	162	153	310
229	157	148	306
226	158	158	314
243	172	137	304
263	174	128	292
286	176	126	292
295	170	132	300
311	164	160	305
338	160	161	308
368	167	123	301
391	172	103	283
394	178	108	288
401	170	101	294
397	168	103	295
396	157	102	303
388	159	103	311
368	164	111	313
347	156	116	305
342	155	95	323
335	158	86	309
325	166	82	309
301	165	100	302
298	161	88	313
291	160	97	315
289	158	92	315
294	170	89	310
307	162	80	305
308	164	84	313
320	160	85	312
327	165	101	304
339	169	109	306
365	167	95	304
378	162	97	298
393	160	94	305
409	166	83	295
416	174	96	293
435	168	90	302
453	163	89	301
461	168	98	304
470	169	126	309
485	169	108	303
493	167	121	312
508	171	121	300
520	159	115	308
517	160	120	321
528	151	93	322
523	171	106	310
513	167	110	314
506	166	111	313
491	163	113	310
479	170	96	301
468	176	98	290
462	175	90	288
458	162	90	297
451	169	89	298
447	174	95	292
457	167	91	286
467	170	88	294
472	168	93	287
481	168	108	297
491	167	115	307
513	165	102	291
541	164	80	297
551	169	90	294
556	166	107	289
561	167	113	292
571	161	107	300
577	162	104	295
578	169	103	293
573	170	106	298
563	159	99	295
552	173	100	287
540	163	106	293
520	161	116	304
499	169	127	300
502	171	102	299
490	165	101	308
473	167	102	302
455	171	108	288
452	170	93	293
446	169	88	291
446	162	83	287
448	167	81	292
449	171	84	293
449	176	91	292
461	160	83	297
470	167	82	299
481	164	82	303
487	163	92	303
493	157	95	306
501	166	91	301
498	158	93	305
491	163	103	311
489	159	106	309
486	156	97	319
496	161	82	318
489	160	85	318
486	155	83	322
483	157	84	330
485	155	88	331
487	162	82	333
484	156	90	333
481	157	93	333
483	159	90	330
483	162	90	326
481	158	98	321
484	163	98	323
486	164	107	314
498	163	98	310
494	164	111	302
499	161	92	300
498	165	83	295
491	168	91	296
482	175	87	295
467	173	92	293
461	170	86	286
458	167	78	292
445	164	85	294
433	169	89	288
415	175	98	285
404	165	99	289
393	167	99	283
397	167	83	293
395	168	78	286
388	172	79	284
378	169	81	285
373	161	76	288
362	174	79	291
351	164	80	291
335	162	92	301
318	159	110	300
321	169	84	312
317	156	83	299
309	163	86	310
294	162	97	308
284	161	96	304
280	168	88	311
261	158	103	313
261	156	92	314
257	162	89	310
249	157	96	312
244	156	105	317
240	152	106	307
252	161	98	307
273	161	83	298
276	160	95	304
283	156	110	309
298	151	102	312
308	158	97	317
320	160	92	305
312	161	116	308
323	153	99	300
335	169	102	297
356	176	84	299
365	171	88	296
372	169	87	287
376	169	97	293
386	175	99	293
392	173	92	291
401	165	90	292
406	168	88	288
407	168	89	288
409	168	89	283
411	169	82	279
404	169	88	279
405	163	87	274
405	173	84	276
398	174	85	270
391	173	94	273
392	165	95	269
394	175	93	266
399	167	81	275
386	177	91	276
384	167	91	280
379	173	83	283
373	174	89	285
363	174	88	286
352	175	89	289
340	174	94	290
329	171	104	290
320	165	110	303
327	165	98	300
315	167	111	303
316	161	106	302
337	163	91	307
341	166	104	295
350	169	115	300
372	161	93	311
387	160	93	307
396	168	103	308
411	164	99	307
421	171	106	301
439	164	98	301
459	169	91	303
471	163	108	299
487	171	105	296
499	166	108	303
514	161	107	306
521	160	106	306
528	164	102	308
526	166	118	295
534	168	110	297
534	163	114	289
546	167	98	293
549	163	105	289
554	174	109	287
554	176	123	276
573	170	97	277
570	174	98	268
566	168	83	271
548	176	100	271
526	181	115	263
510	168	118	267
512	174	88	283
502	168	98	275
487	171	92	278
477	171	89	278
475	174	78	272
476	169	71	269
475	176	69	266
477	176	72	268
476	178	73	277
480	171	107	270
491	163	100	280
494	170	96	289
499	166	92	278
497	169	99	293
507	164	88	290
501	170	98	287
504	161	92	289
504	171	93	290
506	168	88	292
506	168	80	282
498	166	86	279
497	174	83	282
493	173	88	273
486	165	89	283
476	171	104	276
470	165	92	278
466	171	91	274
455	178	95	270
450	174	87	269
436	173	110	273
422	179	117	260
403	178	112	263
383	177	97	276
376	172	89	273
363	163	91	274
356	170	90	285
354	172	81	282
341	166	88	284
324	167	93	285
313	162	89	283
313	164	77	283
299	167	88	285
296	163	87	291
284	170	90	288
281	165	89	285
287	167	85	288
285	171	83	281
292	175	90	281
299	163	89	289
304	163	88	283
312	164	85	289
323	162	90	286
326	170	99	290
341	169	88	292
346	162	102	287
360	163	97	285
373	166	97	275
389	171	85	276
405	173	76	275
415	168	74	277
423	170	81	281
430	174	84	276
435	171	90	282
447	171	88	276
460	173	81	277
469	163	79	277
476	174	78	277
471	163	90	275
480	165	73	288
480	171	74	278
483	169	81	278
494	173	74	275
499	171	78	279
509	166	72	279
516	169	71	279
520	168	83	281
529	176	89	275
524	171	108	274
532	175	94	269
539	169	108	262
543	178	104	268
550	171	96	267
543	172	104	280
543	172	103	268
536	176	106	270
536	166	105	276
539	174	102	274
535	167	109	275
537	166	101	272
537	176	83	268
531	171	85	260
523	176	97	270
522	172	91	260
510	172	89	268
507	170	74	265
499	175	82	264
491	176	82	259
490	177	81	258
483	173	77	254
477	174	80	263
477	168	80	261
475	173	82	257
472	180	91	256
479	185	80	250
481	186	87	252
488	180	89	264
495	175	83	267
501	171	83	276
502	169	85	280
505	171	80	272
507	177	75	268
508	179	75	271
507	171	74	274
501	174	84	276
499	167	78	281
492	175	87	271
486	174	84	275
479	174	85	269
469	168	86	271
462	168	99	269
464	173	84	260
458	180	84	261
457	175	80	265
457	175	77	258
461	176	76	262
461	182	81	258
463	176	86	262
465	178	87	261
466	172	93	268
473	176	89	276
481	170	82	275
480	169	86	279
483	164	87	282
489	169	83	283
489	168	86	287
493	167	89	286
490	166	95	290
489	164	93	291
486	169	90	296
484	167	92	301
