302	105	76	291
300	106	77	301
298	99	77	294
298	100	77	283
300	101	73	280
301	96	73	278
297	86	74	283
294	81	71	287
293	88	70	268
294	78	70	273
290	66	75	283
292	63	68	284
291	43	73	306
292	44	74	321
295	47	68	327
296	36	67	335
290	38	84	305
294	45	71	276
292	41	74	280
290	35	76	286
295	34	68	293
292	28	73	300
293	23	68	303
294	19	69	311
293	21	69	308
293	23	67	318
292	32	70	299
293	37	66	285
293	46	72	271
292	43	70	278
289	45	86	296
289	52	84	274
288	56	90	269
290	56	77	262
291	46	74	269
293	41	70	285
291	33	69	297
289	34	71	292
294	32	68	295
296	30	62	297
295	21	62	292
291	13	65	298
287	11	69	302
283	16	73	299
278	31	83	282
276	40	83	270
270	50	87	256
264	49	95	273
259	57	94	276
258	62	97	293
251	75	106	290
250	78	106	283
243	71	111	294
243	74	110	284
239	65	113	286
237	47	110	309
227	28	122	316
223	33	122	311
218	16	123	345
217	28	130	331
211	52	133	324
210	59	134	316
213	68	129	313
213	81	131	290
218	82	134	304
225	89	131	280
223	103	133	259
225	109	129	254
216	111	140	244
223	128	131	211
223	137	128	201
214	137	135	205
212	146	131	209
210	154	134	211
205	164	134	211
201	175	142	209
194	182	147	207
191	190	143	207
192	202	133	197
189	199	138	206
183	208	146	189
177	200	149	200
176	193	133	211
171	195	136	202
169	200	134	198
161	198	139	196
155	203	139	194
152	211	136	184
140	194	148	204
140	195	142	201
144	181	136	220
143	191	132	207
138	182	133	216
139	186	126	208
131	189	137	201
125	184	139	202
115	184	147	202
116	176	143	212
115	171	145	222
95	175	150	216
101	162	143	231
