0	225	134	220
4	207	168	229
7	217	192	214
5	221	221	223
-9	225	261	223
-5	217	254	224
-1	217	270	232
-6	207	270	268
0	210	273	254
-7	224	273	239
4	217	336	265
1	220	386	246
10	211	373	248
9	215	399	245
1	211	414	264
14	233	347	242
9	233	365	242
7	228	360	249
7	219	394	263
12	234	451	249
2	232	468	264
-1	230	483	274
4	228	480	272
9	224	495	273
20	228	467	271
31	235	480	280
24	235	500	271
46	224	495	286
50	227	485	283
79	240	447	284
96	250	447	267
86	245	444	272
106	252	430	264
122	264	410	259
111	264	431	262
106	257	440	276
120	273	430	257
123	274	419	254
131	270	405	264
136	275	401	257
113	263	419	265
157	271	371	265
183	280	341	252
155	275	374	276
140	278	396	266
157	288	385	270
187	270	349	289
180	268	331	285
191	285	328	271
209	278	283	288
195	283	293	291
209	284	292	292
208	283	292	289
204	279	286	292
208	289	266	272
211	291	277	275
203	289	284	280
189	285	290	287
189	283	293	284
186	289	276	279
178	294	281	278
165	290	284	265
172	291	271	275
157	291	282	279
136	283	309	290
109	278	323	292
95	278	342	299
80	286	386	293
83	270	364	321
78	270	375	323
75	267	371	316
77	271	383	316
61	272	378	308
54	285	395	295
56	284	397	299
47	281	423	309
48	272	417	303
35	264	442	329
17	279	460	299
29	291	454	297
9	278	466	305
11	279	464	312
9	284	496	305
18	277	451	314
2	284	510	309
9	277	518	313
0	279	517	307
17	289	548	293
4	274	531	320
35	281	493	317
