422	187	58	169
400	204	65	170
380	212	69	179
358	227	75	186
340	251	78	190
339	267	69	208
331	275	73	221
323	290	78	219
309	301	89	206
317	302	62	199
323	307	55	170
336	315	59	161
337	319	67	150
330	300	78	166
325	299	84	171
325	310	94	162
312	313	117	159
315	309	109	168
314	312	100	168
316	321	73	163
318	319	69	151
328	317	63	141
338	319	62	142
341	330	78	150
354	341	66	153
358	338	73	177
368	338	71	172
380	341	68	170
394	353	61	165
407	356	55	179
413	360	59	186
422	358	60	189
428	357	69	187
434	372	79	176
442	372	97	176
464	379	91	166
487	382	70	170
503	382	63	180
514	383	61	179
524	380	59	185
533	373	62	191
539	374	66	189
546	356	77	201
547	378	104	175
558	394	115	155
563	396	141	150
581	382	126	173
571	379	105	186
552	357	119	206
541	349	119	196
539	355	104	186
535	360	88	156
527	343	84	174
509	343	78	177
504	338	72	180
487	329	78	181
464	350	95	164
450	374	104	146
445	372	82	157
434	369	67	167
426	368	66	146
420	376	58	138
410	378	59	140
400	383	66	143
391	390	73	137
391	395	77	138
385	395	89	152
389	396	93	157
408	399	78	144
423	400	65	148
426	413	65	138
425	418	70	138
432	420	70	139
435	415	68	147
453	410	60	150
463	404	55	163
468	412	67	150
475	421	66	145
482	421	76	137
494	403	74	143
505	397	70	156
518	398	67	152
523	385	73	158
539	396	63	138
556	396	65	134
569	398	66	126
579	394	69	131
592	388	58	129
599	382	49	125
598	381	65	122
582	385	77	137
571	377	78	155
541	375	87	172
520	374	90	170
499	369	98	166
491	374	106	172
491	391	99	161
505	418	68	150
502	441	73	140
503	467	69	126
504	475	67	117
