535	102	325	569
534	110	331	586
503	104	361	580
503	108	357	577
504	102	356	583
488	111	369	573
468	112	400	574
461	104	390	566
493	115	368	566
490	107	356	567
483	90	372	593
500	90	345	590
497	88	358	594
500	86	347	587
502	94	345	593
496	79	346	592
481	79	354	593
475	86	374	579
471	91	370	568
450	80	383	580
450	80	390	593
455	80	378	577
451	72	387	588
468	65	365	588
451	65	389	607
452	53	386	608
454	53	380	620
465	44	370	633
478	49	356	624
472	43	362	631
467	43	366	625
478	30	352	645
453	35	378	635
452	34	383	620
451	20	385	656
450	32	382	643
446	20	383	653
442	32	388	643
442	26	388	650
428	30	407	624
434	38	406	611
423	19	410	637
424	32	412	616
410	31	438	601
408	29	449	616
402	29	446	595
418	37	443	580
398	37	470	587
410	30	451	593
421	26	450	617
422	43	455	582
418	38	462	596
428	38	451	602
416	46	470	584
412	45	495	589
421	35	474	608
425	53	470	594
424	51	463	600
430	68	458	587
427	87	457	550
410	82	486	566
408	92	489	560
414	124	494	521
409	132	494	518
408	134	501	508
412	144	494	513
418	153	485	516
411	166	504	489
411	171	497	500
401	169	508	505
409	179	491	494
400	189	496	500
402	205	496	474
402	220	496	465
397	228	511	460
398	235	508	455
403	235	496	459
398	247	508	441
393	254	509	434
388	245	517	442
397	243	510	433
396	234	516	417
402	219	525	409
406	205	534	391
406	182	533	386
402	158	552	383
414	144	541	381
417	127	543	387
417	107	552	393
415	122	556	392
421	117	558	383
424	130	564	382
407	120	586	378
410	131	591	372
413	145	589	367
424	133	575	361
401	151	605	347
414	143	592	350
410	166	616	342
406	155	606	355
