0.559952
0.017406
0.016279
0.015873
0.017045
0.017327
0.018289
0.018298
0.017375
0.017589
0.018547
0.018454
0.017204
0.017534
0.016630
0.017418
0.017345
0.017255
0.017655
0.016431
0.020069
0.017917
0.016829
0.016622
0.016876
0.016747
0.016973
0.016840
0.016847
0.017088
0.018289
0.017305
0.018386
0.017177
0.017204
0.017235
0.018751
0.018538
0.017368
0.018670
0.022197
0.017624
0.019459
0.017932
0.019454
0.019517
0.019437
0.018045
0.019730
0.018949
0.017701
0.017793
0.018463
0.018868
0.017813
0.020049
0.019080
0.018061
0.018224
0.019212
0.022978
0.017943
0.018077
0.018157
0.018183
0.018260
0.018095
0.018610
0.018366
0.018243
0.018352
0.019947
0.018422
0.018490
0.019778
0.018621
0.019943
0.018687
0.018574
0.018680
0.023589
0.018705
0.020031
0.018690
0.018755
0.018775
0.018756
0.018886
0.018816
0.018939
0.018792
0.020122
0.019073
0.020250
0.019125
0.019115
0.019145
0.020539
0.019146
0.020517
0.024128
0.019130
0.021694
0.020734
0.019322
0.020622
0.019534
0.019508
0.020869
0.019578
0.019525
0.019444
0.021101
0.019695
0.020987
0.019577
