488	112	424	467
484	120	431	450
483	134	430	442
468	135	440	433
464	138	446	433
501	127	431	441
532	128	391	440
542	128	374	435
536	133	378	447
498	140	391	442
465	147	427	449
473	132	401	473
462	119	405	471
442	131	400	464
415	132	424	466
398	145	439	449
410	142	445	449
393	134	466	442
437	132	416	453
440	119	408	465
437	116	395	473
428	124	404	471
445	125	393	445
457	132	366	449
439	126	405	423
439	119	432	461
473	123	401	456
475	131	430	438
481	141	434	416
508	128	411	425
496	138	444	417
528	127	423	436
498	130	459	433
490	120	457	440
494	123	442	444
489	131	442	442
455	130	464	436
453	115	468	459
481	125	436	468
477	124	432	470
500	129	406	471
497	142	426	454
494	145	434	446
498	135	435	463
509	139	445	441
501	140	434	447
514	138	416	432
509	142	410	462
493	148	424	448
475	122	432	483
510	133	391	472
505	130	408	471
511	132	407	479
458	142	468	444
457	149	466	455
473	145	442	457
511	147	411	451
537	129	400	457
501	127	449	468
457	128	488	489
461	124	479	506
462	125	482	523
468	130	473	510
478	130	471	501
486	114	452	515
467	118	461	526
470	122	462	522
463	127	482	516
468	133	483	488
480	129	483	469
492	123	474	502
473	114	481	505
459	101	480	530
443	117	490	516
461	129	468	508
432	115	491	518
430	114	496	512
413	101	539	551
406	94	547	562
364	106	601	508
398	112	589	539
450	112	545	529
470	97	532	507
489	94	509	536
459	92	533	547
450	83	533	540
459	91	544	536
461	92	537	531
476	94	529	528
429	79	562	548
428	86	553	565
440	94	542	575
405	90	565	556
389	104	603	523
403	105	589	539
431	95	582	555
468	100	523	536
451	93	533	526
432	95	540	519
443	88	535	535
