668	340	68	84
685	336	68	89
703	341	74	78
709	341	76	74
709	341	76	74
860	274	73	94
883	273	73	82
905	262	63	100
912	265	72	99
910	262	83	106
909	247	83	119
915	234	79	127
909	236	85	122
919	245	94	104
938	243	104	103
943	251	113	101
950	257	100	110
958	257	106	133
974	255	94	149
978	269	99	181
986	278	84	176
988	311	90	184
996	305	94	177
995	290	99	174
1006	278	103	156
1020	262	111	159
1043	261	121	145
1061	270	113	112
1051	258	135	106
1067	241	141	116
1085	244	153	100
1111	227	137	110
1136	221	138	104
1152	222	130	99
1167	221	121	119
1185	222	104	129
1202	228	84	145
1211	240	72	147
1215	243	68	163
1210	241	63	170
1204	239	75	158
1207	252	66	140
1214	247	66	121
1215	260	60	113
1213	263	58	118
1205	268	74	140
1205	272	70	177
1205	274	65	170
1212	287	64	167
1231	298	51	169
1241	318	42	183
1247	323	37	191
1248	351	34	169
1244	374	53	168
1242	400	67	155
1250	395	72	167
1237	414	94	169
1229	418	108	155
1224	424	121	148
1234	437	119	140
1236	455	107	118
1218	463	122	108
1216	464	108	115
1219	454	85	104
1227	444	91	100
1218	452	100	91
1224	455	88	90
1228	468	85	80
1233	464	78	81
1223	473	88	76
1223	485	92	66
1223	490	93	72
1215	489	93	73
1211	490	91	62
1213	499	95	46
1219	493	81	50
1217	497	80	41
1220	498	76	35
1215	503	82	34
1206	503	87	34
1201	502	89	26
1198	502	84	20
