0.557062
0.016344
0.015642
0.015482
0.015666
0.015553
0.016591
0.016610
0.016672
0.016747
0.016820
0.016780
0.017108
0.016918
0.019131
0.016997
0.017013
0.016896
0.016960
0.017062
0.019482
0.018305
0.016990
0.017006
0.017119
0.017149
0.017291
0.017311
0.017430
0.017386
0.017466
0.017666
0.017721
0.017815
0.017725
0.019208
0.017821
0.017891
0.017907
0.025478
0.023044
0.018106
0.018223
0.018324
0.018342
0.018193
0.021701
0.018407
0.018406
0.018314
0.018372
0.018473
0.019397
0.018501
0.018590
0.018677
0.019029
0.018918
0.018928
0.018898
0.024035
0.019398
0.019499
0.019590
0.019337
0.019207
0.019403
0.019506
0.019906
0.019981
0.019768
0.018587
0.019585
0.019515
0.020167
0.019386
0.019599
0.019520
0.019182
0.019174
0.024248
0.019319
0.019310
0.019332
0.028779
0.022281
0.021871
0.019463
0.019902
0.019673
0.019624
0.026008
0.018785
0.019953
0.020362
0.020249
0.020027
0.018872
0.019990
0.020015
0.024880
