662	273	249	231
666	275	232	219
670	272	235	223
666	272	236	221
670	279	229	215
669	271	232	223
667	265	236	232
663	268	244	229
665	276	233	221
664	272	246	223
667	273	230	223
648	270	226	232
615	264	251	239
608	271	231	229
592	285	242	213
577	295	256	211
575	304	253	208
582	296	249	216
590	286	244	232
607	287	258	230
614	294	259	229
620	284	247	240
640	307	236	217
617	291	246	226
625	293	227	226
615	314	226	202
596	320	252	185
591	299	244	212
569	312	253	190
578	299	257	206
574	292	266	209
559	283	258	226
562	267	245	250
547	268	253	256
529	288	276	217
513	270	291	246
506	264	277	248
516	266	252	249
516	261	252	235
503	264	249	238
486	255	271	248
486	269	291	219
494	284	330	190
498	266	315	213
498	255	308	221
526	228	258	246
537	209	255	262
532	215	261	254
532	209	255	251
523	222	249	232
482	206	273	249
467	209	302	235
461	204	301	236
471	225	274	213
490	228	255	199
497	223	259	210
487	212	279	213
495	205	262	218
493	196	259	229
484	203	249	220
461	184	269	234
423	195	302	215
421	194	287	212
433	175	299	227
433	165	279	236
422	161	283	229
395	156	276	237
389	142	280	250
394	147	262	239
410	148	250	229
415	140	267	234
425	140	275	234
451	141	246	228
489	129	233	226
497	121	278	229
514	104	313	247
535	119	338	225
574	124	308	206
589	118	304	223
623	119	266	191
607	109	292	206
585	93	309	228
592	80	275	231
607	67	266	240
600	66	226	234
580	64	233	241
562	70	245	232
558	64	244	235
547	58	230	221
538	47	180	221
551	52	170	211
565	25	186	237
594	27	201	225
603	27	190	227
583	26	199	227
562	9	251	244
533	23	273	224
508	23	272	224
469	61	295	189
417	24	275	228
381	10	244	253
332	31	226	238
289	12	183	257
252	19	159	253
214	27	150	249
165	24	125	250
112	35	125	250
72	48	116	243
17	49	119	247
2	70	96	230
-21	102	90	197
-50	96	107	185
-67	97	108	186
-64	92	127	188
-62	100	148	187
-72	120	139	175
-64	111	175	179
-73	117	193	201
-88	145	235	209
-71	180	220	185
-66	197	185	176
-96	188	185	208
-113	184	154	217
-132	193	147	208
-118	197	138	195
-106	207	172	167
-97	203	170	156
-101	212	138	145
-113	213	140	135
-122	207	131	158
-108	210	106	170
