3.794713
0.023158
0.017114
0.017173
0.009089
0.017130
0.026302
0.019325
0.018511
0.018673
0.018628
0.020132
0.019029
0.019172
0.019064
0.020108
0.020727
0.019380
0.019607
0.019583
0.019770
0.018363
0.017494
0.017448
0.018589
0.018505
0.018827
0.017452
0.019910
0.020141
0.017816
0.019112
0.019031
0.021598
0.020075
0.022308
0.020217
0.020205
0.021713
0.021674
0.026888
0.022810
0.021538
0.021192
0.019748
0.020126
0.020401
0.020755
0.020692
0.021989
0.021786
0.020233
0.020468
0.021295
0.021697
0.020482
0.022664
0.020075
0.020217
0.020134
0.025417
0.022605
0.021120
0.020953
0.021005
0.020955
0.022661
0.022379
0.021538
0.020636
0.021994
0.020641
0.020800
0.020571
0.020286
0.020613
0.020364
0.020517
0.020484
0.020492
0.025519
0.020394
