603	281	160	287
627	292	132	282
650	289	101	276
654	283	93	281
655	285	93	277
657	294	87	274
662	295	85	271
656	294	92	274
659	287	89	277
644	287	103	280
628	278	127	282
647	282	107	288
628	279	132	295
641	288	110	288
636	284	111	289
629	291	109	278
620	286	117	287
627	286	112	282
632	280	103	293
624	284	113	292
625	291	113	274
633	294	104	279
622	281	123	293
630	291	120	283
640	284	110	289
645	296	101	268
641	294	108	262
640	295	100	264
651	291	90	269
650	291	89	273
655	292	87	267
643	291	99	274
648	289	87	270
645	290	94	266
641	285	99	276
630	289	114	274
632	294	105	269
629	284	108	280
622	292	114	268
617	287	116	268
612	290	119	263
600	290	130	271
581	292	146	264
572	292	157	265
583	303	148	252
584	302	144	256
582	296	150	246
595	304	138	246
606	302	122	258
612	291	119	263
613	301	120	259
614	304	119	253
625	286	113	252
636	287	106	272
632	285	116	267
636	283	118	262
643	292	114	237
648	292	106	263
643	288	103	245
644	293	104	252
639	289	107	273
636	290	105	266
632	293	109	270
625	296	113	263
623	282	109	273
613	282	120	269
603	287	133	272
593	293	137	271
582	300	153	259
577	310	164	255
595	306	137	239
619	293	109	266
620	301	113	255
620	300	117	253
609	289	125	261
617	295	118	260
625	277	112	272
626	294	119	258
630	297	121	254
648	293	107	240
654	293	100	228
652	287	105	261
647	280	107	274
644	286	112	278
648	286	105	270
656	279	105	275
652	296	112	276
659	287	99	273
650	283	116	264
640	289	121	282
642	293	126	274
646	295	119	273
652	296	121	267
661	295	115	260
672	285	105	271
683	291	92	270
693	291	85	259
698	288	86	247
702	289	88	269
711	289	92	269
697	286	118	262
705	293	120	261
707	288	128	266
698	288	150	269
704	288	153	285
713	283	155	283
720	289	155	261
725	294	156	268
734	296	150	272
731	295	154	272
726	292	159	278
723	291	146	272
723	296	141	261
721	293	134	272
715	286	140	287
714	289	128	292
703	299	125	281
708	307	109	269
693	288	113	285
691	282	107	290
691	286	103	287
695	283	108	298
706	282	104	290
689	276	131	294
688	270	141	310
680	280	144	307
683	274	150	311
702	290	143	303
694	283	135	303
678	275	157	314
696	269	141	322
690	288	159	306
715	273	129	322
695	275	143	316
689	297	153	302
696	278	143	309
692	270	155	319
696	283	146	313
689	289	161	295
687	284	161	292
697	288	148	294
713	289	132	291
708	293	140	290
701	304	148	270
707	304	135	273
697	286	150	287
702	296	129	267
709	295	123	271
712	291	128	272
708	293	123	270
707	292	129	269
707	294	121	271
711	297	116	238
704	303	121	251
705	291	109	261
709	292	100	256
701	291	111	252
702	290	107	254
709	296	103	250
715	290	95	251
714	285	100	264
701	291	119	269
688	291	135	269
688	284	132	282
687	290	124	278
698	289	118	280
695	282	133	288
699	285	123	285
690	285	142	283
692	287	134	286
687	282	131	287
692	282	116	283
705	281	105	280
690	277	111	284
682	279	110	285
674	282	103	274
668	286	98	273
662	282	99	271
665	284	96	273
671	281	92	275
674	289	96	269
684	294	88	251
687	293	93	265
689	286	102	262
704	290	98	260
710	288	104	262
710	296	123	249
706	293	142	249
708	294	153	257
727	288	120	271
725	286	118	273
727	293	117	269
730	281	106	278
722	287	119	285
721	281	112	283
713	281	118	279
699	278	123	264
700	281	124	281
689	280	131	279
690	279	109	283
680	283	103	271
657	285	119	271
653	280	118	275
637	280	138	269
629	277	152	275
633	285	150	255
654	283	124	262
668	281	110	277
681	278	121	280
689	282	120	278
691	283	128	278
685	278	145	281
714	285	116	271
722	290	131	270
727	285	146	274
738	281	139	272
743	281	153	268
744	290	157	272
742	280	156	290
742	277	153	282
741	284	147	262
747	278	139	284
739	279	145	291
710	274	166	302
705	281	138	281
695	284	130	283
678	283	146	274
692	274	130	287
672	278	132	285
653	281	129	276
639	286	128	276
637	284	118	260
641	282	107	257
615	281	133	274
614	279	129	273
603	279	127	271
589	282	117	269
570	286	116	274
556	286	119	271
521	289	148	280
501	288	156	284
480	295	160	270
463	302	166	258
470	291	125	273
460	285	125	281
450	280	125	288
436	282	122	297
422	287	135	295
392	279	152	293
409	274	123	297
384	293	138	290
396	287	122	284
392	290	120	287
383	283	124	296
379	278	124	295
372	291	129	290
377	285	110	296
361	274	114	301
357	285	102	293
344	287	112	291
340	298	111	287
320	286	116	293
320	284	115	294
312	283	113	287
300	289	118	280
304	285	103	281
296	284	112	289
313	285	94	284
315	284	97	292
320	286	96	289
328	284	95	293
337	292	90	283
340	290	97	287
346	287	90	283
349	289	83	289
346	295	92	281
339	289	101	283
346	285	97	289
348	290	95	290
348	287	99	290
348	281	97	288
348	287	99	296
353	288	93	300
348	287	94	300
351	289	90	294
355	286	83	288
352	290	78	280
353	289	81	274
341	290	98	273
332	299	108	266
334	291	108	271
346	297	97	276
360	294	86	261
362	287	94	271
368	298	98	274
383	291	87	274
392	297	80	275
397	300	87	256
404	296	87	255
404	290	86	266
393	294	113	267
391	287	115	267
403	291	102	264
417	295	84	266
408	294	99	264
409	302	96	254
411	294	104	260
420	293	101	269
439	294	81	267
445	302	77	264
445	304	82	261
440	307	88	257
442	301	87	268
438	311	104	266
451	303	96	261
459	285	89	283
463	292	86	273
468	296	94	270
471	292	103	273
486	292	99	271
494	299	113	260
500	302	131	257
494	301	156	253
496	295	153	259
497	296	157	259
492	297	163	253
500	299	136	257
485	299	144	266
484	299	132	257
475	305	120	259
475	308	104	249
473	307	90	254
468	325	87	237
463	317	82	241
446	305	91	257
432	297	92	267
421	297	91	273
406	296	111	274
382	285	136	285
375	280	157	289
353	276	142	284
344	286	117	283
346	290	103	271
336	301	91	259
328	305	91	262
320	299	86	252
302	295	97	263
288	305	113	257
282	305	110	255
276	307	118	257
292	298	99	263
300	302	95	253
297	297	103	260
303	300	113	268
308	297	119	268
340	296	99	262
354	301	92	258
356	294	111	257
361	300	114	251
366	298	123	259
369	296	127	262
362	289	126	269
363	287	114	270
365	295	101	264
363	292	108	270
361	295	100	271
362	290	88	278
343	300	104	266
342	316	94	259
334	299	92	268
321	293	98	280
313	290	103	275
306	296	103	270
303	292	96	277
304	306	94	264
303	302	99	263
306	297	95	266
315	300	92	257
319	296	95	264
320	310	98	246
321	303	106	252
321	301	109	248
330	306	106	247
331	304	114	254
345	306	104	258
353	297	95	263
354	299	92	271
359	294	85	264
353	293	93	274
346	295	104	279
347	289	99	276
347	298	93	278
335	299	108	277
339	292	95	268
339	288	98	274
335	284	105	279
327	286	119	282
328	299	114	267
335	289	104	276
347	296	93	274
342	290	107	282
340	290	112	273
347	295	103	273
355	293	96	270
358	302	95	268
369	301	88	257
372	300	89	263
370	296	104	265
383	300	90	255
377	297	100	256
381	302	90	255
368	293	103	255
365	293	102	259
363	295	105	261
350	289	118	271
353	301	111	258
349	298	117	257
345	301	115	265
345	294	104	275
340	289	105	283
331	296	114	277
334	300	102	265
333	294	99	284
327	283	107	290
308	286	127	296
310	273	122	294
299	288	141	301
305	279	115	303
302	282	106	321
310	278	92	307
309	280	92	317
306	276	95	325
305	275	93	332
291	268	102	328
291	272	113	336
287	252	114	344
285	262	119	348
262	257	145	353
243	250	158	359
243	267	150	342
238	261	151	337
253	285	132	334
258	282	116	344
242	279	126	336
222	279	146	343
230	279	131	347
226	272	127	342
220	261	140	352
209	260	147	377
215	242	134	372
194	256	160	370
171	251	181	378
182	261	157	373
161	244	183	391
181	270	149	386
157	247	175	375
175	252	157	401
193	247	136	395
197	254	144	387
195	236	154	390
184	248	190	385
186	248	183	390
217	249	165	383
233	262	146	364
245	244	138	374
238	239	161	386
229	247	186	387
234	256	170	363
237	251	163	371
255	259	136	369
241	254	156	366
254	245	145	365
250	245	162	381
246	244	169	382
241	244	181	377
244	251	164	369
243	261	139	381
234	251	142	366
223	247	138	390
213	236	139	398
209	250	128	397
191	246	143	390
169	243	169	379
188	255	148	380
171	241	172	387
169	246	157	376
167	249	165	375
164	254	159	369
167	264	148	356
146	257	177	361
147	244	157	365
143	261	150	366
139	263	168	348
146	279	171	350
164	265	166	345
171	261	168	346
189	274	147	349
203	260	150	352
225	252	132	362
251	275	125	339
254	266	129	336
271	273	126	327
286	275	133	340
287	261	147	341
297	275	138	329
306	278	122	331
295	269	131	338
293	265	122	338
294	262	125	336
287	271	130	340
281	266	146	335
283	272	136	319
302	280	111	310
301	273	126	307
302	275	112	318
308	270	101	310
296	274	113	320
296	279	114	305
292	281	130	312
294	279	109	318
289	268	115	321
282	279	117	323
276	277	116	319
270	269	122	333
272	285	117	325
253	275	140	317
244	269	143	347
244	270	137	339
240	266	138	340
233	273	141	348
243	275	123	327
224	268	145	346
213	266	143	363
203	269	150	367
200	268	144	364
174	268	170	368
164	258	191	368
175	257	164	378
179	254	137	384
171	247	143	396
161	238	153	404
153	249	169	392
156	248	170	397
163	243	166	392
164	247	161	388
174	256	158	382
182	250	147	398
190	251	134	386
196	245	135	377
195	244	131	374
200	249	135	372
208	259	136	350
207	271	135	351
205	259	157	354
205	249	175	363
218	248	166	369
233	264	153	364
249	250	148	375
276	258	124	364
282	257	131	362
291	250	125	373
290	246	135	377
278	241	141	391
281	245	134	390
265	251	142	400
259	236	139	390
237	244	149	388
237	242	130	393
208	246	148	399
173	241	178	396
165	250	168	393
168	255	153	386
163	255	156	382
169	255	147	383
173	235	147	384
172	245	163	389
187	244	145	379
186	247	160	374
224	258	121	375
221	250	147	375
236	243	142	381
243	256	152	385
259	241	151	374
281	244	140	391
301	250	156	375
306	245	169	372
293	240	223	378
301	240	229	374
300	247	226	372
300	230	214	385
291	243	236	380
289	234	208	381
289	251	138	382
262	242	154	381
254	236	140	381
231	243	151	385
200	253	164	372
198	249	139	367
171	264	162	365
158	262	166	348
155	268	169	341
156	264	161	354
158	251	154	358
158	261	150	362
157	253	163	362
164	253	161	361
184	249	149	383
206	254	137	370
227	251	139	368
239	248	146	372
233	249	183	378
273	243	157	388
298	248	160	385
321	251	179	385
305	246	223	377
330	241	187	379
338	238	191	388
367	253	167	382
358	252	197	382
379	240	182	378
397	255	186	376
391	244	228	368
404	238	264	371
428	238	250	342
480	241	216	365
496	252	224	356
531	250	181	367
547	250	181	364
573	235	162	368
577	247	174	364
595	240	174	372
629	238	152	367
655	250	134	355
648	244	170	359
670	250	161	347
675	249	168	361
699	257	150	366
703	254	156	358
713	276	152	352
712	255	160	354
724	257	156	366
733	239	154	379
748	250	158	378
765	247	155	370
766	250	169	360
781	252	179	369
807	235	175	378
825	240	172	388
810	241	200	395
836	221	172	405
854	233	136	396
859	228	123	380
853	236	124	387
839	233	138	388
841	235	132	383
836	236	127	379
833	237	120	375
836	237	112	369
840	240	107	364
832	241	121	366
807	240	144	373
821	240	123	368
815	242	132	361
814	237	131	371
815	229	142	372
813	242	141	367
806	234	147	369
823	248	135	361
830	238	125	372
835	234	135	383
840	231	142	396
837	229	156	394
838	236	173	400
846	221	161	424
844	224	149	409
809	218	187	414
818	230	185	421
819	222	163	416
813	216	158	423
785	218	191	414
798	224	165	424
794	220	159	430
796	212	157	428
781	227	187	416
798	224	154	414
767	210	180	432
777	221	153	419
743	214	181	415
730	227	199	405
733	222	171	410
731	226	164	403
724	233	156	401
714	232	156	380
730	240	135	381
714	232	149	380
719	241	142	383
703	241	157	390
692	236	160	378
704	245	132	376
676	236	156	385
657	246	184	380
649	245	180	385
633	244	160	378
627	240	145	383
603	234	151	390
599	236	158	388
591	239	158	386
583	241	166	383
582	239	162	388
591	255	156	371
613	244	142	377
625	235	151	386
637	240	159	386
649	240	164	386
667	246	150	378
678	235	157	380
701	247	144	382
703	231	160	390
726	243	158	387
751	234	153	381
752	236	167	395
776	236	153	379
798	236	157	383
815	227	183	402
841	221	176	411
868	227	169	417
883	221	160	416
893	226	163	402
915	224	137	410
920	228	166	406
919	224	190	404
940	231	179	387
942	228	182	394
946	228	172	401
946	231	156	403
944	224	158	410
915	231	175	399
880	223	187	412
868	219	178	402
874	223	132	399
848	222	158	405
