0.564049
0.016039
0.016046
0.015959
0.016190
0.016073
0.018012
0.017989
0.018406
0.018561
0.018173
0.019263
0.018488
0.018411
0.018199
0.018508
0.018462
0.018465
0.018492
0.018436
0.019812
0.018987
0.018883
0.018926
0.017618
0.018680
0.017726
0.018852
0.018993
0.017721
0.019290
0.017973
0.019749
0.018782
0.020009
0.020006
0.020007
0.018657
0.019960
0.020014
0.025148
0.020195
0.019695
0.021023
0.021096
0.021110
0.021270
0.021110
0.021380
0.019920
0.021050
0.019884
0.021090
0.021291
0.021282
0.021386
0.021732
0.020677
0.020580
0.020594
0.024354
0.020741
0.020340
0.019234
0.020655
0.020429
0.020449
0.019139
0.020524
0.021121
0.021183
0.019782
0.021258
0.021144
0.021254
0.021358
0.021628
0.021277
0.021442
0.021521
0.025944
0.021281
0.021249
0.021371
0.021260
0.021366
0.021043
0.021019
0.021008
0.021405
