0.560618
0.015446
0.024264
0.016288
0.015587
0.015723
0.021602
0.016832
0.016741
0.016795
0.016815
0.016807
0.016931
0.016961
0.017028
0.019702
0.017058
0.019228
0.017309
0.017428
0.019610
0.027046
0.017393
0.017528
0.017741
0.017649
0.017733
0.017659
0.017813
0.017835
0.017856
0.017880
0.016830
0.017849
0.017791
0.017842
0.018699
0.018177
0.018079
0.019105
0.023081
0.018214
0.018229
0.018266
0.018234
0.023226
0.022218
0.019311
0.018620
0.018528
0.018540
0.018599
0.018564
0.018595
0.018626
0.018687
0.018927
0.018929
0.028413
0.018944
0.023918
0.019056
0.021690
0.019056
0.020192
0.019067
0.020734
0.019216
0.028494
0.019254
0.019282
0.018955
0.019035
0.018995
0.019194
0.019334
0.019466
0.019684
0.019797
0.019698
0.024735
0.019858
0.019754
0.018366
0.019735
0.019629
0.019790
0.019847
0.019946
0.020131
0.028135
0.020216
0.020221
0.025366
0.020150
0.020300
0.021906
0.020398
0.020379
0.020777
0.025817
