481	129	463	502
482	149	443	476
478	140	432	476
489	138	393	447
435	124	450	532
429	125	426	495
422	136	428	510
406	143	458	490
408	145	465	507
393	128	488	439
417	131	454	482
414	123	458	500
427	117	430	500
426	120	414	478
442	127	395	465
439	130	413	466
456	120	394	490
433	120	442	501
442	115	431	509
458	132	468	469
459	142	469	432
486	135	453	438
493	128	476	455
510	120	464	464
506	120	455	471
490	114	464	472
504	125	459	451
458	131	486	458
478	137	443	446
507	117	412	471
500	110	422	491
504	112	412	513
507	116	414	503
489	144	455	486
477	138	447	460
512	144	452	449
498	134	457	450
488	137	445	476
496	143	442	463
496	141	432	479
502	148	413	464
520	142	381	456
516	127	384	469
530	128	390	498
503	132	426	483
495	152	439	435
482	146	456	454
479	152	452	451
465	142	457	453
501	133	464	467
505	128	466	475
497	131	474	480
492	138	463	495
502	142	446	490
510	132	427	494
497	122	458	527
504	117	452	534
494	122	451	532
478	130	472	525
465	135	489	506
466	138	504	483
468	123	514	531
458	127	531	520
464	103	498	557
458	114	502	550
435	121	506	548
427	125	520	527
423	113	518	566
418	96	537	574
409	95	556	570
