0.563163
0.017373
0.016273
0.016145
0.016182
0.018388
0.017387
0.017193
0.017638
0.017475
0.017555
0.017500
0.017613
0.017508
0.017786
0.017747
0.017812
0.017714
0.017912
0.018020
0.020366
0.017876
0.017925
0.017994
0.018339
0.018296
0.018387
0.018446
0.018703
0.017984
0.018595
0.018852
0.018550
0.018638
0.018612
0.018401
0.018873
0.018878
0.019015
0.018960
0.032386
0.018921
0.018270
0.018858
0.019083
0.019426
0.019126
0.018903
0.022675
0.019047
0.018900
0.018974
0.018946
0.019198
0.018811
0.018874
0.018988
0.018914
0.020802
0.020614
0.025764
0.020865
0.020684
0.020475
0.020158
0.020450
0.020325
0.020366
0.021363
0.020852
0.020721
0.020926
0.020902
0.020852
0.021119
0.021036
0.020808
0.021013
0.030491
0.021490
0.026520
0.019841
0.019938
0.019819
0.022117
0.021942
0.021978
0.020015
0.022167
0.020240
0.020165
0.020505
0.020423
0.020328
0.020494
0.022506
0.020621
0.020660
0.020973
0.021117
