941	1553	177	203
950	1561	169	195
958	1556	174	196
967	1563	167	194
972	1560	173	195
984	1564	165	179
992	1555	167	189
1001	1555	165	188
1009	1552	162	190
1013	1553	155	187
1022	1546	155	197
1027	1547	148	191
1034	1549	148	189
1044	1550	144	185
1053	1549	144	185
1063	1547	141	187
1067	1548	147	182
1068	1542	155	190
1075	1545	160	191
1078	1542	170	197
1082	1546	167	199
1085	1549	175	190
1094	1552	168	187
1099	1553	185	188
1109	1548	190	189
1118	1543	188	195
1125	1536	197	204
1133	1532	203	209
1140	1538	217	201
1146	1534	220	204
1153	1529	222	210
1163	1522	215	222
1173	1528	224	213
1188	1532	206	209
1202	1532	208	207
1216	1525	201	218
1234	1516	194	222
1242	1523	203	220
1252	1520	202	216
1258	1517	209	219
1272	1516	198	225
1283	1513	194	217
1296	1517	191	213
1302	1516	194	218
1318	1504	196	221
1330	1503	195	224
1343	1504	196	225
1354	1500	203	226
1367	1508	198	213
1374	1500	192	221
1386	1490	194	237
1392	1500	191	219
1404	1494	187	224
1410	1490	192	233
1423	1489	186	230
1431	1489	192	226
1441	1484	212	233
1448	1488	197	228
1455	1485	204	231
1461	1484	202	232
1470	1478	207	235
1477	1476	219	233
1488	1478	221	235
1501	1474	219	233
1517	1473	200	231
1522	1467	207	236
1531	1468	209	238
1539	1469	201	234
1543	1464	225	234
1549	1468	216	233
1559	1468	236	223
1573	1463	237	231
1583	1460	244	231
1597	1460	230	232
1617	1459	227	225
1632	1455	236	228
1648	1456	240	223
1652	1456	249	227
1672	1452	237	228
1679	1457	241	217
1697	1453	239	216
1705	1449	249	221
1722	1445	237	223
1741	1441	231	226
1763	1439	219	227
1774	1439	215	221
1787	1438	209	223
1794	1433	207	229
1807	1430	203	232
1812	1434	201	227
1823	1432	191	224
1830	1436	191	214
1846	1432	182	224
1854	1430	180	226
1872	1427	172	229
1879	1423	171	229
1890	1418	172	233
1889	1424	182	228
1898	1416	184	236
1900	1420	181	236
