0.552578
0.015492
0.017441
0.015170
0.015283
0.015172
0.016388
0.016420
0.016448
0.016290
0.017366
0.017156
0.026607
0.017038
0.017090
0.017058
0.017104
0.017117
0.026697
0.017254
0.019465
0.017367
0.017740
0.017719
0.017565
0.017629
0.016836
0.017607
0.018058
0.017956
0.018184
0.018005
0.018792
0.018076
0.017897
0.018507
0.018342
0.018425
0.018382
0.018077
0.023401
0.019953
0.018468
0.018324
0.018474
0.020945
0.018372
0.027915
0.018636
0.018339
0.018447
0.018523
0.019590
0.019012
0.019316
0.019266
0.019149
0.018979
0.018904
0.018821
0.023805
0.018649
0.018504
0.018388
0.018576
0.018527
0.018451
0.018529
0.018532
0.020371
0.019271
0.018727
0.018847
0.019140
0.018798
0.018813
0.018856
0.019947
0.019371
0.018958
0.023864
0.021519
0.021260
0.018999
0.018994
0.018952
0.019944
0.020454
0.019351
0.019176
0.019169
0.019253
0.021506
0.019346
0.028891
0.019400
0.028861
0.019394
0.028895
0.019458
