0.561174
0.016111
0.016296
0.016342
0.016727
0.015468
0.016491
0.016759
0.017787
0.016752
0.016702
0.016695
0.016807
0.018057
0.016509
0.017902
0.016543
0.016869
0.016997
0.017093
0.019394
0.017058
0.017124
0.018379
0.017190
0.018237
0.017375
0.018509
0.017301
0.017249
0.017083
0.017334
0.018645
0.017605
0.017272
0.017612
0.017212
0.017560
0.017668
0.018996
0.022658
0.017751
0.017613
0.017647
0.017767
0.017800
0.017714
0.017861
0.017900
0.017908
0.017962
0.019320
0.017875
0.017776
0.017784
0.017884
0.017966
0.019220
0.018165
0.018182
0.023218
0.019313
0.018369
0.018353
0.018252
0.018452
0.018298
0.018323
0.018404
0.018508
0.019796
0.019798
0.019902
0.019834
0.018677
0.019478
0.020078
0.019581
0.021132
0.018819
0.025028
0.018937
0.018859
0.018707
0.018959
0.019130
0.020626
0.019239
0.020544
0.019160
0.019258
0.019155
0.019160
0.020418
0.020766
0.019270
0.019325
0.019429
0.019450
0.019510
0.024495
0.019448
0.019544
0.019462
0.019590
0.019466
0.019765
0.019621
0.019557
0.021123
0.021192
0.021097
0.019800
0.021181
0.019883
0.019848
0.019857
0.022352
0.021375
0.019845
0.026336
0.020833
0.022406
0.020825
0.022485
0.020180
0.020046
0.021472
0.022566
0.021169
0.022675
0.020898
0.021600
0.020219
0.020338
0.022010
0.020464
0.020360
0.020509
0.022108
0.025708
0.020776
0.021524
0.022098
0.021191
0.021528
0.022840
0.022949
0.021371
0.021338
0.023221
0.023377
0.022462
0.022489
0.021157
0.022709
0.021263
0.021422
0.021957
0.021987
0.028345
0.021859
0.023325
0.021904
0.023643
0.022093
0.023953
0.022072
0.023060
0.021722
0.023889
0.023626
0.023746
0.023183
0.023265
0.023970
0.022395
0.023621
0.023639
0.022346
0.027241
0.022333
0.023917
0.022522
0.024132
0.022686
0.022669
0.024412
0.024444
0.022676
0.024353
0.024211
0.024546
0.023704
0.023731
0.022350
0.025031
0.023189
0.023962
0.023225
0.029769
0.023988
0.022558
0.024178
0.022471
0.025230
0.023247
0.024762
0.023144
0.024893
0.024907
0.023385
0.024879
0.025194
0.023421
0.025116
0.023499
0.025340
0.025393
0.023516
0.030199
0.023492
0.025402
0.025293
0.025223
0.025375
0.025682
0.024939
0.023414
0.024236
0.024037
0.025314
0.025707
0.025540
0.025485
0.025714
0.024030
0.023998
0.025883
0.024183
0.029231
0.026073
0.024447
0.024509
0.025829
0.024447
0.024392
0.026289
0.023905
0.025399
0.024081
0.025414
0.024232
0.024382
0.024972
0.024817
0.024706
0.024627
0.026262
0.024846
0.030877
0.026350
0.024868
0.026415
0.024947
0.026384
0.025013
0.026604
0.026707
0.026763
0.025322
0.025316
0.025304
0.025980
0.026122
0.026193
0.024934
0.024981
0.025727
0.027445
0.029861
0.025778
0.027100
0.027427
0.026884
0.027263
0.026037
0.025882
0.025904
0.025990
0.027455
0.027532
0.026190
0.025535
0.025361
0.026718
0.027688
0.025971
0.027473
0.027750
0.031014
0.027746
0.027898
0.027847
0.027681
0.027781
0.027462
0.027911
0.026315
0.026307
0.026400
0.027862
0.028121
0.028252
0.028316
0.027968
0.028038
0.026501
0.027901
0.028167
0.032994
0.028394
0.028182
0.028203
0.028170
0.028256
0.028569
0.028565
0.028339
0.026940
0.028391
0.028594
0.026510
0.029079
0.029349
0.028868
0.028842
0.029049
0.028825
0.027484
0.033907
0.027434
0.027381
0.029026
0.027494
0.027719
0.028922
0.029382
0.028379
0.027200
0.029551
0.028545
0.027184
0.027302
0.027924
0.028836
0.029491
0.027303
0.029721
0.029838
0.034357
0.029701
0.029713
0.028227
0.029444
0.029680
0.029639
0.029724
0.030025
0.028333
0.030321
0.030251
0.029910
0.031031
0.030081
0.030083
0.028519
0.027926
0.027946
0.028053
0.033167
0.029525
0.030362
0.028734
0.030319
0.028614
0.030361
0.030543
0.030455
0.030482
0.029106
0.030874
0.028398
0.030604
0.029766
0.029119
0.030807
0.030710
0.030825
0.030724
0.034374
0.029060
0.030672
0.030942
0.029428
0.031141
0.029534
0.030242
0.030451
0.031286
0.031002
0.031119
0.031172
0.031352
0.031366
0.029198
0.029294
0.030776
0.029362
0.030934
0.034495
0.031095
0.030465
0.030627
0.030759
0.031389
0.029673
0.029693
0.030703
0.029897
0.029443
0.029546
0.030807
0.029535
0.031307
0.029890
0.029803
0.031414
0.031527
0.030067
0.034780
0.029788
0.030238
0.030272
0.031918
0.030421
0.030226
0.031607
0.030189
0.030261
0.030559
0.031903
0.031946
0.030450
0.031971
0.030597
0.030652
0.032296
0.030686
0.032066
0.036743
0.030399
0.030468
0.030542
0.032366
0.030974
0.030543
0.030808
0.032497
0.032823
0.031221
0.031158
0.031074
0.032654
0.032440
0.032382
0.031082
0.031437
0.031449
0.031612
0.036299
0.033109
0.032535
0.031207
0.033110
0.031511
0.032541
0.031248
0.031397
0.033155
0.031718
0.033192
0.031670
0.031779
0.033336
0.032034
0.031814
0.031814
0.033272
0.031668
0.036663
0.032046
0.033736
0.032033
0.033532
0.031975
0.031839
0.033856
0.032264
0.034016
0.032722
0.032442
0.032133
0.033536
0.033814
0.032278
0.032364
0.032561
0.032562
0.033937
0.037285
0.034135
0.061782
0.032706
0.032648
0.034218
0.034285
0.032691
0.034352
0.032691
0.034378
0.032744
0.032650
0.032880
0.034441
0.033429
0.035423
0.032986
0.035621
0.033141
0.037957
0.032879
0.034562
0.033648
0.033218
0.033309
0.034149
0.034739
0.033730
0.035522
0.035487
0.035534
0.035606
0.033940
0.035760
0.035839
0.036093
0.034428
0.033503
0.035160
0.038480
0.034228
0.036405
0.036154
0.035101
0.035464
0.035288
0.035123
0.036417
0.034621
0.036146
0.034543
0.036520
0.036373
0.035571
0.035721
0.034221
0.035902
0.034025
0.034228
0.040898
0.034149
0.034192
0.034287
0.034256
0.034285
0.035217
0.036751
0.037210
0.036992
0.035423
0.037125
0.037398
0.035337
0.035492
0.035574
0.035427
0.035383
0.036362
0.037312
0.042383
0.035540
0.037225
0.037689
0.037235
0.035796
0.037174
0.037549
0.037261
0.035973
0.037507
0.037562
0.037696
0.037578
0.037796
0.035905
0.037711
0.035923
0.037664
0.036808
0.042908
0.036195
0.038211
0.038049
0.038128
0.036449
0.038396
0.036476
0.038415
0.038107
0.038152
0.036396
0.035723
0.037476
0.035824
0.035978
0.036083
0.036243
0.036070
0.037433
0.040923
0.035986
0.036073
0.037676
0.036164
0.036426
0.038105
0.036354
0.038013
0.036280
0.036247
0.036534
0.037750
0.036635
0.038252
0.036628
0.037181
0.037066
0.038977
0.039006
0.043713
0.038961
0.037996
0.038242
0.037643
0.039218
0.039660
0.039272
0.039315
0.037630
0.039581
