0.563457
0.017563
0.015744
0.017056
0.016957
0.017181
0.018357
0.018259
0.018332
0.018183
0.017676
0.018078
0.018043
0.018060
0.018148
0.018145
0.018247
0.017509
0.017048
0.017020
0.020911
0.017393
0.018939
0.018837
0.018892
0.018498
0.018723
0.018827
0.018519
0.018486
0.018439
0.018526
0.018442
0.018670
0.018583
0.018626
0.018587
0.018691
0.018555
0.028043
0.023762
0.018836
0.019042
0.018702
0.018778
0.018774
0.018743
0.018678
0.018786
0.018880
0.018969
0.019125
0.018845
0.020958
0.019354
0.018879
0.019356
0.026109
0.019163
0.018854
0.028574
0.021061
0.019071
0.018987
0.018965
0.019146
0.019178
0.019347
0.019342
0.019240
0.019317
0.019506
0.019637
0.019531
0.019569
0.019560
0.019612
0.019744
0.022987
0.019835
0.024699
0.019902
0.019824
0.019910
0.020038
0.019955
0.020160
0.019994
0.019960
0.020889
0.020295
0.020300
0.020304
0.020181
0.020288
0.020276
0.020353
0.029824
0.020417
0.020631
0.025523
0.020605
0.029946
0.021765
0.020775
0.020648
0.020794
0.020805
0.020777
0.030351
0.020768
0.020859
0.020973
0.021120
0.020926
0.021025
0.021436
0.021827
0.020844
0.020992
0.025995
0.021060
0.021198
0.021021
0.021010
0.021049
0.021286
0.025574
0.021565
0.031025
0.028877
0.021738
0.021503
0.021611
0.021653
0.021577
0.023249
0.021746
0.021736
0.031180
0.026666
0.022009
0.022448
0.021985
0.021918
0.022019
0.031485
0.022070
0.022125
0.022210
0.031666
0.022525
0.022441
0.022357
0.022401
0.022495
0.025038
0.022436
0.022394
0.022709
0.027618
0.022741
0.022718
0.022832
0.022926
0.022989
0.022994
0.023015
0.023032
0.023023
0.022974
0.032719
0.023318
0.023213
0.023271
0.023396
0.023544
0.023431
0.023361
0.023440
0.030329
0.023581
0.023529
0.021855
0.023697
0.022122
0.023524
0.023499
0.023514
0.023893
0.023840
0.024009
0.023895
0.024328
0.024259
0.024145
0.024048
0.024367
0.022884
0.024888
0.028167
0.023319
0.023121
0.023222
0.023139
0.025371
0.025271
0.025238
0.025149
0.025350
0.025638
0.023501
0.025263
0.025868
0.023817
0.032428
0.025625
0.025469
0.025931
0.024070
0.030409
0.023671
0.025471
0.025665
0.025493
0.025424
0.025878
0.025554
0.025584
0.025315
0.025557
0.025907
0.026196
0.026114
0.025852
0.025692
0.025722
0.025212
0.025062
0.024961
0.030130
0.034627
0.025122
0.025337
0.025085
0.024908
0.025115
0.025182
0.025294
0.025361
0.025486
