1163	371	115	102
1155	373	120	102
1149	373	128	107
1144	373	134	112
1139	375	137	109
1133	376	139	110
1128	376	138	111
1115	382	138	104
1103	389	149	101
1098	387	140	102
1081	385	140	107
1065	398	144	92
1052	395	143	97
1032	389	137	106
1006	392	153	98
986	387	158	104
968	395	161	102
947	398	169	97
929	396	167	101
903	395	173	106
879	391	180	113
877	396	167	113
851	383	179	129
832	379	194	127
807	365	215	144
801	368	217	137
801	363	211	157
807	365	198	156
807	373	191	145
807	372	182	144
800	371	183	147
787	369	182	145
780	370	180	137
773	381	180	125
755	379	194	132
746	383	191	131
724	389	215	118
721	394	220	112
742	406	206	101
768	410	173	96
776	412	167	88
771	413	172	89
770	411	175	86
768	412	172	88
767	410	170	90
763	412	169	88
757	419	174	79
756	420	177	79
753	424	181	76
753	425	179	73
755	424	173	74
756	424	169	76
755	424	169	75
754	423	170	76
755	424	168	73
757	422	167	75
761	412	164	86
763	404	167	89
761	400	167	98
763	402	161	91
767	402	148	87
764	402	154	95
764	398	161	105
764	399	158	100
761	390	166	110
765	391	162	105
759	397	163	102
745	399	179	99
743	415	186	80
744	424	185	73
760	426	163	70
762	427	161	69
761	428	165	67
758	427	171	68
756	424	173	70
755	417	172	78
769	400	153	96
771	396	148	106
769	394	152	111
764	396	160	109
759	413	164	93
756	420	167	84
750	421	176	82
750	422	175	79
760	424	163	75
756	425	169	74
754	423	173	76
747	420	181	75
750	419	180	78
757	419	173	75
753	415	175	77
754	410	175	84
761	411	163	84
762	410	164	84
767	386	167	105
764	378	166	119
758	377	159	116
748	387	177	112
736	391	185	108
746	390	172	110
