573	415	63	164
575	422	66	161
576	424	67	155
574	418	74	165
571	408	78	170
576	410	78	178
583	415	79	179
592	415	75	179
600	414	73	180
612	406	62	190
615	403	63	197
612	411	70	195
600	422	88	192
609	429	79	188
620	416	76	194
628	407	78	201
628	423	94	190
627	421	95	190
624	425	91	193
613	430	98	194
601	433	99	193
582	422	111	203
561	410	94	213
556	410	98	216
516	423	125	210
521	438	95	199
524	438	86	197
524	429	94	200
531	428	107	196
548	421	95	204
563	418	101	199
575	419	103	197
583	423	126	187
600	434	120	173
617	429	102	176
619	424	100	175
617	429	99	165
608	423	110	169
608	423	105	173
607	431	104	164
608	428	107	167
614	427	103	166
618	433	100	160
619	431	100	162
628	431	91	159
637	436	78	158
638	437	77	161
635	440	77	154
631	441	82	157
626	439	98	157
630	445	91	156
632	456	97	145
635	455	99	144
635	458	102	139
642	470	103	126
651	462	105	134
674	458	98	132
683	452	102	140
690	446	126	145
699	454	118	138
709	444	98	144
706	435	92	153
709	433	82	150
708	434	77	153
718	436	66	151
716	440	69	145
712	443	67	136
706	443	72	136
699	433	76	146
697	429	79	153
703	410	69	170
704	412	69	175
703	414	70	177
706	414	68	181
705	410	72	184
710	408	70	187
712	413	84	186
717	412	78	185
717	408	92	196
719	411	92	196
715	413	96	196
710	412	101	194
706	422	90	185
704	417	80	186
704	415	73	189
700	417	74	186
684	417	90	190
677	421	91	189
667	423	98	190
661	423	104	187
662	422	83	188
661	417	85	194
662	415	87	199
663	418	85	196
665	411	81	201
666	417	82	196
669	420	82	195
673	417	83	197
673	425	93	190
671	432	102	187
668	437	101	181
655	441	102	183
621	447	98	175
589	442	118	180
535	439	139	184
504	433	130	194
468	459	119	171
464	456	118	171
467	456	111	176
481	448	88	187
499	452	72	201
500	452	78	202
500	445	85	202
505	443	100	209
521	422	107	227
526	418	110	237
534	429	112	228
556	420	98	230
572	423	94	214
582	434	86	209
583	424	87	211
586	420	85	209
574	424	106	185
582	418	102	193
584	434	102	178
592	432	87	169
594	435	83	169
606	440	71	167
609	429	69	175
611	425	70	179
613	423	71	189
616	424	72	191
623	421	79	201
625	431	83	195
630	438	81	203
640	442	64	216
642	448	70	212
643	442	78	218
655	423	93	241
654	432	114	234
672	445	109	233
679	432	103	244
679	416	89	250
682	424	84	231
669	439	97	220
658	443	90	211
647	429	81	219
642	424	83	222
624	430	105	214
622	430	119	214
621	437	120	202
