0.562842
0.017026
0.016777
0.017914
0.016970
0.016899
0.018766
0.017850
0.018137
0.018091
0.018193
0.018206
0.018112
0.018346
0.018076
0.018606
0.018528
0.019753
0.020081
0.018763
0.020990
0.019292
0.019029
0.020617
0.020600
0.020463
0.019173
0.020487
0.019245
0.019175
0.019749
0.021175
0.019840
0.019548
0.019573
0.019588
0.019516
0.020826
0.020442
0.019550
0.024452
0.019480
0.019557
0.020793
0.021002
0.021125
0.019724
0.021034
0.019799
0.020748
0.019673
0.020794
0.019774
0.019696
0.019817
0.021046
0.021001
0.019952
0.019913
0.020350
0.025275
0.020148
0.020030
0.021290
0.020111
0.021350
0.021471
0.020680
0.021982
0.020673
0.020720
0.022117
0.021923
0.020503
0.021692
0.021884
0.022202
0.022163
0.020819
0.022332
0.025769
0.020941
0.022058
0.020808
0.022273
0.020756
0.020705
0.022022
0.022025
0.021055
0.021502
0.022754
0.021373
0.021265
0.022874
0.022781
0.022860
0.022760
0.021805
0.023074
0.026522
0.021510
0.021521
0.022939
0.021985
0.022181
0.023331
0.023321
0.022020
0.021965
0.023322
