0.569673
0.015832
0.015264
0.015197
0.015091
0.015047
0.016593
0.016407
0.016536
0.016340
0.016638
0.016214
0.016200
0.016203
0.016384
0.016272
0.016321
0.016596
0.016654
0.016865
0.018904
0.016931
0.016939
0.016781
0.016792
0.016619
0.018571
0.017920
0.027765
0.018070
0.018026
0.017820
0.017722
0.018104
0.018638
0.016867
0.016784
0.016895
0.017024
0.017000
0.021505
0.017054
0.017109
0.017386
0.017348
0.017509
0.017345
0.017739
0.017987
0.017814
0.017298
0.017403
0.017614
0.018446
0.017473
0.017570
0.017554
0.017740
0.017788
0.017833
0.022547
0.018084
0.017586
0.017956
0.017953
0.018236
0.018167
0.018131
0.018074
0.018031
0.018134
0.018408
0.018424
0.018300
0.018280
0.018372
0.018438
0.018393
0.027809
0.018409
0.022932
0.018263
0.018492
0.018418
0.018650
0.018542
0.018660
0.018588
0.018762
0.018583
0.018805
0.018831
0.018928
0.018790
0.018649
0.018865
0.019077
0.019166
0.019226
0.019113
0.023664
0.019145
0.019520
0.019555
0.019590
0.019462
0.019722
0.019778
0.019783
0.019902
