0.567174
0.017898
0.018965
0.019126
0.016506
0.016410
0.017905
0.017523
0.020683
0.017940
0.020367
0.017761
0.020266
0.020399
0.020494
0.017905
0.017803
0.018151
0.017879
0.017905
0.020598
0.018387
0.018193
0.017426
0.018368
0.018863
0.017576
0.017844
0.017570
0.017656
0.018975
0.019211
0.019047
0.017540
0.017485
0.018966
0.019118
0.018940
0.018978
0.018861
0.022682
0.018946
0.019018
0.019285
0.019191
0.018881
0.017977
0.021950
0.021975
0.020221
0.021782
0.021729
0.021945
0.021787
0.022025
0.021868
0.021947
0.020478
0.019423
0.019528
0.024550
0.022230
0.018553
0.019648
0.019804
0.019649
0.019922
0.019812
0.019711
0.019926
0.022854
0.022493
0.022265
0.022220
0.022268
0.020800
0.020972
0.020037
0.020206
0.020326
0.025309
0.020082
0.023278
0.023381
0.021443
0.022747
0.022786
0.023000
0.021405
0.023311
0.021435
0.021460
0.020587
0.023200
0.021710
0.020783
0.020995
0.021035
0.021019
0.021085
