0.677867
0.016006
0.015999
0.016070
0.016100
0.016135
0.016979
0.018260
0.017102
0.018077
0.017027
0.018300
0.017182
0.017211
0.018457
0.018508
0.017490
0.017136
0.018487
0.018233
0.019533
0.018433
0.017430
0.018537
0.018590
0.017384
0.017483
0.017495
0.017447
0.018862
0.017896
0.017962
0.017925
0.018024
0.017957
0.017771
0.018059
0.017825
0.017946
0.019240
0.023268
0.018193
0.018161
0.020205
0.018976
0.020346
0.018853
0.018613
0.018744
0.019977
0.018875
0.020133
0.018851
0.020245
0.020399
0.020178
0.020514
0.019114
0.019167
0.020322
0.025501
0.020476
0.020581
0.018899
0.020473
0.019447
0.019433
0.020781
0.019399
0.021076
0.021018
0.019725
0.020900
0.020871
0.020879
0.019553
0.021185
0.020952
0.021210
0.019782
0.025999
0.021374
0.021319
0.020227
0.020255
0.020280
0.021493
0.021614
0.021492
0.020211
0.021382
0.021582
0.020224
0.022007
0.020348
0.021810
0.021960
0.022113
0.022057
0.020756
