1.689640
0.114641
0.119833
0.120626
0.119926
0.118571
0.121269
0.120256
0.120534
0.118399
0.120893
0.131149
0.119063
0.119664
0.120338
0.120817
0.121426
0.120144
0.120895
0.120723
0.145546
0.122941
0.119501
0.114717
0.116731
0.120235
0.119102
0.115736
0.116571
0.117496
0.114750
0.116336
0.115654
0.116590
0.115860
0.116577
0.117072
0.118847
0.119332
0.118083
0.152869
0.118155
0.117805
0.116808
0.118382
0.118580
0.118658
0.118644
0.118107
0.118242
0.117068
0.118012
0.118916
0.119104
0.118953
0.119228
0.120028
0.119160
0.118068
0.120459
0.146050
0.118977
0.118305
0.118950
0.118711
0.118476
0.119738
0.118433
0.118694
0.119044
0.118597
0.118884
0.119436
0.118325
0.117835
0.117905
0.119065
0.118943
0.118483
0.118610
0.148729
0.118448
0.119127
0.118691
0.119164
0.118805
0.118749
0.119406
0.118542
0.120316
0.117617
0.118714
0.117882
0.118433
0.118124
0.118745
0.118802
0.122988
0.119308
0.118655
