1.554951
0.112961
0.119933
0.120285
0.120037
0.118797
0.120337
0.120346
0.120658
0.120494
0.119820
0.120281
0.120653
0.120192
0.120263
0.118677
0.120678
0.122109
0.120482
0.118350
0.146145
0.123289
0.121647
0.121362
0.122027
0.120451
0.121097
0.120545
0.122164
0.120328
0.121113
0.115705
0.121480
0.120486
0.119920
0.120424
0.122783
0.122847
0.124518
0.120822
0.150073
0.122175
0.122582
0.122798
0.122533
0.120943
0.120943
0.123256
0.122473
0.123374
0.122798
0.123072
0.123004
0.123367
0.122554
0.122586
0.123094
0.123096
0.122429
0.123339
0.149970
0.125842
0.117802
0.122304
0.123316
0.119930
0.118478
0.118382
0.118273
0.117389
0.117379
0.118569
0.118341
0.116952
0.117680
0.127970
0.118365
0.081926
0.119125
0.117846
0.082909
0.083191
0.117393
0.114952
0.120973
0.118702
0.119082
0.120720
0.118676
0.117809
0.117223
0.133428
0.118581
0.122323
0.119026
0.122752
0.122904
0.122795
0.123159
0.117460
