1.573769
0.110834
0.116113
0.114136
0.116505
0.116558
0.115727
0.116408
0.116038
0.116221
0.116015
0.116105
0.116315
0.117034
0.115800
0.116709
0.116439
0.115684
0.116654
0.116190
0.140435
0.116843
0.115905
0.116320
0.116765
0.118048
0.116386
0.115621
0.116026
0.117267
0.116194
0.116412
0.115727
0.118039
0.115489
0.117161
0.119429
0.118442
0.118811
0.118459
0.146285
0.118760
0.118742
0.118769
0.118774
0.118882
0.118469
0.118689
0.118359
0.118645
0.118840
0.118156
0.118687
0.119123
0.118393
0.119246
0.118459
0.118506
0.119993
0.118626
0.147864
0.120623
0.118652
0.119364
0.118314
0.118908
0.118473
0.119047
0.117968
0.118125
0.118037
0.119363
0.118918
0.119410
0.120441
0.119201
0.116753
0.118105
0.118783
0.118955
0.148118
0.119423
0.118531
0.118725
0.118651
0.119895
0.118899
0.118183
0.119376
0.117857
0.118211
0.118882
0.117948
0.118355
0.119409
0.118845
0.118753
0.119129
0.118107
0.119126
