0.495096
0.027600
0.033439
0.027972
0.026073
0.047303
0.028956
0.031361
0.032910
0.047816
0.032307
0.036788
0.033563
0.032535
0.031934
0.030627
0.030406
0.032987
0.033450
0.032902
0.033434
0.033492
0.032012
0.030480
0.032972
0.032323
0.036693
0.033060
0.033270
0.033496
0.033336
0.033128
0.032576
0.032910
0.032979
0.033099
0.032614
0.033692
0.034142
0.030679
0.032569
0.033490
0.033423
0.033759
0.033806
0.033120
0.034507
0.040904
0.033703
0.032564
0.032134
0.033232
0.032330
0.037141
0.040096
0.034319
0.034603
0.032377
0.033714
0.034873
0.035755
0.033841
0.033701
0.033958
0.033964
0.034795
0.033520
0.034107
0.033518
0.034818
0.035436
0.034647
0.035996
0.034127
0.035518
0.033633
0.033969
0.035941
0.034568
0.031899
0.031974
0.033355
0.033587
0.031559
0.033343
0.034538
0.033834
0.034162
0.034244
0.044486
0.032794
0.033023
0.033830
0.032902
0.031952
0.034701
0.033135
0.034160
0.042718
0.033625
0.039062
0.035578
0.035029
0.036719
0.035220
0.061036
0.035740
0.036039
0.034158
0.035338
0.035394
0.035736
0.035235
0.036473
0.036894
0.039113
0.036707
0.037215
0.043297
0.038734
0.038236
0.037317
0.038426
0.041702
0.037917
0.044715
0.037150
0.036222
0.035563
0.037252
0.036561
0.035877
0.036197
0.035455
0.035629
0.034842
0.040375
0.037773
0.035632
0.034958
0.034293
0.035560
0.037086
0.037175
0.035633
0.036529
0.034293
0.036097
0.034991
0.035625
0.034438
0.035629
0.037460
0.036935
0.036746
0.036797
0.036943
0.036545
0.034525
0.036757
0.039689
0.037138
0.036358
0.038331
0.036354
0.035725
0.037161
0.036102
0.036825
0.036883
0.037199
0.038003
0.037281
0.036102
0.042392
0.039027
0.038697
0.036288
0.038539
0.037075
0.038804
0.037621
0.036513
0.038646
0.038611
0.036890
0.036908
0.039096
0.037896
0.038548
0.037798
0.039803
0.037276
0.037886
0.039018
0.038327
0.039698
0.038608
0.037673
0.037332
0.039314
0.037820
0.037465
0.036843
0.037411
0.036810
0.037849
0.037111
0.038237
0.037866
0.037785
0.037447
0.039727
0.038206
0.037647
0.038468
0.039207
0.039213
0.037723
0.039868
0.036352
0.039670
0.039166
0.039697
0.039062
0.038795
0.046436
0.042770
0.038458
0.039538
0.041498
0.046754
0.041584
0.043134
0.039337
0.040048
0.039756
0.040469
0.064808
0.044168
0.045357
0.062402
0.042249
0.041268
0.039909
0.042188
0.041219
0.041033
0.041109
0.041456
0.040638
0.043057
0.043647
0.043496
0.042593
0.043463
0.042676
0.043836
0.043717
0.046239
0.048231
0.047542
0.052379
0.047523
0.042000
0.043668
0.044087
0.043020
0.044020
0.044662
0.047388
0.056360
0.040383
0.042381
0.042780
0.042691
0.042545
0.131822
0.142522
0.143386
0.041023
0.041405
0.041700
0.041053
0.041578
0.041772
0.041242
0.042452
0.041063
0.041423
0.039996
0.042041
0.040378
0.042779
0.040463
0.041402
0.042368
0.040092
0.041128
0.040486
0.041153
0.042742
0.040910
0.041255
0.040763
0.045459
0.041080
0.042055
0.040226
0.042310
0.042872
0.040813
0.042196
0.040922
0.040194
0.043486
0.041005
0.039905
0.041373
0.068441
0.040575
0.042020
0.047511
0.043608
0.042671
0.042730
0.043073
0.043214
0.041349
0.041557
0.042592
0.043023
0.042585
0.042048
0.041573
0.042737
0.042836
0.042513
0.055480
0.047867
0.044701
0.040948
0.041774
0.041476
0.040177
0.043389
0.042916
0.043479
0.044970
0.042932
0.042571
0.044723
0.045106
0.043935
0.044417
0.045164
0.043822
0.042129
0.047293
0.045206
0.044919
0.045266
0.043203
0.045660
0.042562
0.045552
0.047301
0.047361
0.049143
0.044549
0.046580
0.056608
0.071599
0.148009
0.146635
0.152508
0.150985
0.128265
0.126054
0.141225
0.159650
0.154835
0.122633
0.050054
0.119248
0.136601
0.147622
0.144793
0.146739
0.068894
0.146243
0.161716
0.125665
0.092798
0.152189
0.146987
0.163895
0.106369
0.047263
0.046333
0.046585
0.047083
0.048257
0.048537
0.051010
0.049343
0.057571
0.046245
0.047742
0.054793
0.045012
0.044970
0.043941
0.045672
0.047770
0.048243
0.047201
0.048232
0.047124
0.046987
0.046007
0.061338
0.047333
0.047906
0.046622
0.047045
0.047339
0.046164
0.050463
0.046092
0.056471
0.056390
0.046644
0.052284
0.048041
0.048760
0.053226
0.045141
0.044542
0.049236
0.050377
0.045554
0.045555
0.044089
0.043719
0.045984
0.044862
0.051051
0.073419
0.044690
0.048198
0.049108
0.049398
0.055315
0.055286
0.047120
0.048538
0.044855
0.045855
0.048455
0.047491
0.048477
0.047625
0.047269
0.045559
0.047764
0.059684
0.048250
0.050666
0.048310
0.052662
0.053334
0.047753
0.058022
0.049436
0.049748
0.054131
0.048017
0.056466
0.046860
0.048820
0.047031
0.047956
0.062362
0.046211
0.048936
0.049081
0.059633
0.050674
0.047266
0.049138
0.048732
0.048975
0.048026
0.049798
0.049941
0.076396
0.049388
0.052112
0.050700
0.049719
0.049892
0.049835
0.050611
0.049854
0.052454
0.050321
0.050302
0.052560
0.050785
0.048644
0.051720
0.049248
0.047686
0.049198
0.052824
0.048805
0.049076
0.051967
0.051754
0.068710
0.050841
0.054776
0.059779
0.071041
0.051197
0.050416
0.049734
0.059866
0.050173
0.049822
0.048784
0.051063
0.050041
0.048581
0.049501
0.051197
0.050586
0.049579
0.048664
0.052198
0.051815
0.050831
0.051381
0.050348
0.051892
0.051042
0.051844
0.051508
0.050413
0.052489
0.050596
0.052144
0.052143
0.051998
0.063803
0.050416
0.054304
0.053276
0.050510
0.052611
0.052088
0.053324
0.051804
0.051988
0.053463
0.052305
0.051356
0.051756
0.049941
0.051348
0.052568
0.051804
0.053168
0.051868
0.052815
0.057747
0.056035
0.056214
0.057277
0.052227
0.052153
0.051867
0.052744
0.053269
0.071644
0.054561
0.054755
0.053240
0.053836
0.051485
0.054395
0.056087
0.051972
0.053205
0.052337
0.053990
0.053933
0.054263
0.053993
0.051208
0.052690
0.053124
0.055280
0.055722
0.055581
0.051807
0.063603
0.055253
0.053359
0.055614
0.057412
0.058229
0.058723
0.055410
0.055990
0.054529
0.053082
0.053577
0.054921
0.066539
0.054039
0.052737
0.058966
0.054680
0.052762
0.052179
0.052186
0.051904
0.051502
0.052423
0.051338
0.052648
0.052594
0.057206
0.055069
0.054548
0.053377
0.061646
0.054520
0.053039
0.065445
0.054017
0.056611
0.055568
0.058868
0.069628
0.054149
0.053759
0.054370
0.052878
