550	111	50	66
524	124	51	68
500	132	48	64
477	144	48	64
451	150	58	63
435	159	38	66
410	162	54	67
394	172	40	65
365	178	46	67
330	184	56	63
317	189	34	67
276	199	60	62
282	203	32	64
266	207	38	65
264	216	38	63
255	211	47	70
251	210	69	70
282	211	40	68
296	211	53	69
324	210	45	71
352	216	52	66
383	216	49	60
408	219	47	62
436	221	54	61
464	222	36	66
482	219	53	67
510	224	32	71
527	227	49	67
547	229	43	71
572	224	57	70
602	226	40	75
630	224	53	75
656	226	48	65
679	227	51	80
703	223	49	90
729	225	50	91
747	226	49	77
759	231	52	94
768	234	64	93
780	240	41	75
790	241	46	87
795	246	54	78
798	251	38	76
803	255	38	85
814	259	50	81
819	260	35	78
830	258	28	98
842	262	46	81
846	265	61	92
846	265	42	74
842	265	40	78
846	271	40	75
854	273	31	69
851	273	38	83
851	273	47	74
838	271	53	80
834	272	46	84
836	273	46	85
830	273	45	73
829	275	48	74
818	275	53	73
821	279	38	64
811	284	69	75
809	284	50	75
810	282	71	76
802	286	38	78
809	287	35	80
803	289	34	76
801	290	35	82
797	294	41	73
771	297	46	75
778	304	26	76
759	303	34	78
742	309	49	74
743	307	36	82
726	307	50	76
726	314	31	75
718	317	34	72
705	320	53	75
735	320	32	81
746	321	38	76
