0.576227
0.028330
0.027987
0.027310
0.028088
0.026592
0.026971
0.034440
0.026362
0.027203
0.027943
0.028246
0.028904
0.028820
0.029052
0.028086
0.028563
0.028305
0.028024
0.030403
0.026359
0.027682
0.028261
0.027491
0.027880
0.027337
0.028044
0.029516
0.028703
0.029876
0.029195
0.027890
0.029257
0.029067
0.029100
0.029135
0.028960
0.030004
0.029722
0.029218
0.028602
0.028400
0.028522
0.028424
0.029146
0.028887
0.029296
0.030530
0.029029
0.027344
0.028753
0.027942
0.028743
0.030037
0.027705
0.028888
0.029374
0.028612
0.029485
0.030069
0.029439
0.028857
0.030770
0.030679
0.029140
0.027769
0.029715
0.030074
0.031817
0.030866
0.030583
0.033213
0.032338
0.030110
0.028695
0.029290
0.029581
0.029855
0.028754
0.029946
0.030570
0.029718
0.056870
0.030457
0.030129
0.029285
0.030596
0.030820
0.030511
0.041239
