0.520554
0.028257
0.029436
0.032780
0.030193
0.032530
0.032954
0.032292
0.053160
0.032630
0.033479
0.031943
0.032496
0.031703
0.030886
0.032657
0.035628
0.031838
0.031885
0.032946
0.033080
0.033452
0.031342
0.031412
0.032676
0.033628
0.036198
0.032099
0.032303
0.032408
0.033430
0.033852
0.033246
0.035155
0.033890
0.031957
0.033677
0.033089
0.032120
0.031766
0.031903
0.032766
0.032596
0.035466
0.044070
0.033816
0.032184
0.032095
0.034691
0.033834
0.033358
0.033340
0.032465
0.032727
0.032895
0.035352
0.033633
0.034126
0.033869
0.033638
0.034144
0.035553
0.035131
0.034457
0.034406
0.034401
0.033303
0.037424
0.034606
0.034616
0.033718
0.039430
0.034679
0.034818
0.038474
0.034334
0.039306
0.035858
0.035471
0.041926
0.036928
0.035907
0.033079
0.032670
0.039404
0.034947
0.032789
0.033888
0.035405
0.034943
0.035460
0.062082
0.035520
0.037340
0.037161
0.035245
0.035233
0.034474
0.033706
0.035389
0.035722
0.034190
0.035334
0.034101
0.034797
0.036942
0.036711
0.035075
0.035757
0.035276
0.035764
0.037311
0.036081
0.033979
0.038068
0.035245
0.033449
0.033944
0.035608
0.035139
0.036726
0.036051
0.037075
0.034786
0.035984
0.036473
0.036260
0.035873
0.035980
0.036867
0.034106
0.035647
0.036832
0.036865
0.034722
0.034697
0.040532
0.036152
0.039546
0.036345
0.035494
0.036064
0.035926
0.034636
0.035812
0.036027
0.037042
0.037293
0.035681
0.036777
0.035203
0.034443
0.035993
0.036628
0.036484
0.037128
0.037362
0.038950
0.037070
0.037439
0.039492
0.036831
0.036309
0.036234
0.038068
0.035818
0.036645
0.036259
0.037446
0.037724
0.037387
0.037180
0.035980
0.038398
0.036229
0.037200
0.037842
0.038672
0.035948
0.037028
0.037056
0.037398
0.037434
0.036774
0.038426
0.038504
0.039142
0.037235
0.036425
0.037022
0.039812
0.037736
0.036336
0.035878
0.035842
0.038569
0.038809
0.037735
0.038492
0.037933
0.037105
0.037139
0.038873
0.037768
0.038820
0.041104
0.038569
0.038074
0.038292
0.036584
0.058358
0.038701
0.038348
0.036626
0.038212
0.036530
0.037573
0.045197
0.037994
0.038936
0.037992
0.037834
0.037322
0.037579
0.038524
0.039911
0.039154
0.044021
0.038936
0.037238
0.039527
0.039452
0.041348
0.040794
0.040247
0.038197
0.040092
0.038502
0.037667
0.040467
0.038981
0.038548
0.040613
0.038588
0.038917
0.039702
0.041168
0.041584
0.040437
0.037296
0.039295
0.041272
0.039426
0.038503
0.041616
0.041669
0.039897
0.058674
0.041708
0.040651
0.041134
0.040939
0.040999
0.040594
0.043758
0.040956
0.040656
0.044664
0.040037
0.039590
0.039494
0.043636
0.044026
0.045145
0.044998
0.044006
0.045056
0.045535
0.045089
0.044250
0.045694
0.043126
0.043224
0.041604
0.040607
0.042591
0.042800
0.042735
0.042110
0.041710
0.041651
0.042425
0.043655
0.044048
0.041996
0.043339
0.042579
0.042339
0.043189
0.044126
0.046897
0.046175
0.049175
0.045134
0.046209
0.042974
0.041832
0.041468
0.042494
0.050711
0.042525
0.043574
0.044580
0.046013
0.047683
0.046765
0.047383
0.045132
0.043486
0.047861
0.042569
0.045684
0.044389
0.043128
0.042023
0.045575
0.045570
0.045203
0.043631
0.043864
0.044048
0.047094
0.043901
0.044170
0.042482
0.045293
0.043231
0.043669
0.045468
0.044638
0.045871
0.045910
0.046324
0.044086
0.043883
0.045150
0.044381
0.043689
0.042750
0.043715
0.041805
0.042740
0.048881
0.043493
0.044493
0.042922
0.044307
0.043236
0.047957
0.044197
0.043440
0.042502
0.043309
0.041906
0.043695
0.044428
0.044023
0.045234
0.044421
0.044683
0.044083
0.044816
0.044896
0.046467
0.042565
0.043216
0.044293
0.044622
0.046547
0.045017
0.046584
0.044644
0.044977
0.046407
0.044464
0.045415
0.044978
0.044667
0.046681
0.045021
0.045489
0.045448
0.045528
0.045885
0.044503
0.045113
0.045635
0.046634
0.048651
0.049544
0.045847
0.046741
0.046836
0.046746
0.046941
0.046531
0.047385
0.047573
0.046615
0.047098
0.046946
0.047246
0.048362
0.047814
0.046912
0.048648
0.047287
0.047227
0.045177
0.045751
0.046699
0.048147
0.047899
0.045794
0.047613
0.046815
0.046530
0.047738
0.047995
0.047399
0.048181
0.047540
0.046409
0.047229
0.052386
0.047572
0.047949
0.047320
0.049835
0.047667
0.046227
0.046753
0.047199
0.046796
0.045558
0.047037
0.047052
0.047078
0.047137
0.046147
0.047269
0.047091
0.046519
0.046121
0.047324
0.044795
0.047208
0.046022
0.051689
0.048112
0.047054
0.047696
0.047757
0.044879
0.047498
0.044817
0.047645
0.047869
0.047465
0.048077
0.048540
0.048255
0.049041
0.048957
0.048884
0.049132
0.050886
0.047460
0.062162
0.048628
0.047272
0.048739
0.047396
0.048383
0.048238
0.046896
0.048503
0.047466
0.048027
0.049555
0.049981
