355	332	404	169
358	341	405	158
391	353	276	140
402	366	291	146
412	365	295	150
394	363	381	158
431	362	256	167
412	371	242	159
404	371	256	153
403	372	243	146
393	364	263	151
400	361	265	161
413	351	245	154
416	346	245	210
387	347	263	185
359	332	305	198
373	325	221	201
369	335	207	199
332	317	310	213
292	310	261	191
327	305	197	244
296	314	210	224
243	311	249	215
241	315	239	213
233	326	256	208
226	327	317	185
1031	269	183	175
1015	309	224	123
970	265	184	158
983	265	148	159
946	271	173	150
909	265	239	162
893	264	256	172
893	276	169	163
866	293	174	132
838	306	180	113
810	316	183	100
795	312	187	112
791	318	185	109
790	317	198	108
795	322	185	102
778	317	188	107
796	321	147	102
782	331	144	86
778	328	134	85
779	325	124	85
758	315	154	90
747	310	169	92
744	310	166	92
749	314	130	84
743	311	134	85
734	311	142	83
751	310	120	83
748	309	126	83
732	309	139	83
743	311	128	80
763	316	104	72
747	320	123	68
730	317	141	71
721	316	154	73
723	317	147	73
713	316	152	76
733	313	130	77
739	310	126	80
744	310	119	80
746	311	115	80
750	317	110	75
760	322	101	69
738	315	125	78
742	310	118	80
731	309	125	82
721	311	138	79
711	309	142	80
730	310	123	81
710	311	144	78
728	309	127	80
725	307	127	82
715	305	140	83
724	309	132	81
729	303	125	85
734	306	118	79
730	304	122	79
721	303	133	80
717	299	136	85
713	300	139	82
733	303	123	81
723	299	134	82
707	299	151	81
727	299	129	81
710	299	146	77
725	295	131	83
718	296	134	81
702	294	147	82
729	297	122	81
712	293	135	81
735	295	120	80
729	292	121	82
711	292	141	80
724	292	128	82
719	289	138	81
