335	328	741	251
356	335	722	246
356	326	709	252
365	321	688	250
349	323	702	247
350	316	695	251
365	316	676	253
369	320	683	255
365	314	671	259
364	331	668	241
363	326	653	246
364	324	649	252
366	313	626	268
367	307	618	266
365	306	621	260
362	286	620	280
363	309	619	260
372	305	605	267
354	320	605	251
369	309	572	264
363	327	569	239
361	316	563	252
365	301	552	249
365	298	548	252
367	316	560	227
356	321	569	232
360	266	566	284
338	319	610	211
328	325	654	206
338	327	585	203
334	326	638	207
366	330	410	202
375	321	615	216
367	315	427	220
347	316	703	237
360	327	676	236
370	323	379	222
389	318	395	246
353	322	753	259
356	307	745	277
348	305	757	292
475	331	626	291
373	331	731	265
353	330	746	281
445	352	689	259
527	339	624	289
364	364	786	262
415	359	758	289
386	359	752	290
516	354	652	310
375	360	793	291
479	372	703	285
628	399	557	269
497	395	717	250
410	379	801	267
672	325	530	343
518	332	693	310
605	313	614	340
551	317	681	352
627	309	581	381
674	302	565	362
687	333	559	332
541	343	713	310
442	365	819	326
659	318	607	314
803	342	470	306
211	369	783	180
413	375	514	152
394	398	553	162
275	396	579	130
368	398	518	134
353	394	496	128
373	387	447	125
364	400	466	120
412	377	423	141
394	380	474	134
459	381	334	133
380	376	479	141
483	403	300	107
338	354	514	165
361	356	432	158
481	404	305	112
302	327	501	204
310	340	485	184
331	356	467	164
332	336	468	191
338	328	454	195
346	340	454	193
325	336	489	195
384	334	427	203
350	328	429	217
358	332	426	207
369	329	479	216
369	322	446	218
383	333	490	213
374	328	491	216
375	333	475	213
399	342	465	211
435	366	410	191
422	348	409	218
