0.582407
0.116324
0.130947
0.135997
0.111000
0.032608
0.029653
0.031961
0.033106
0.030604
0.030472
0.035171
0.031248
0.034481
0.033474
0.032929
0.033246
0.033564
0.031836
0.035043
0.034222
0.032759
0.032371
0.033535
0.033794
0.033614
0.033185
0.033366
0.032928
0.032293
0.034085
0.033703
0.032922
0.032712
0.032491
0.032211
0.034932
0.032952
0.032092
0.033167
0.032759
0.030616
0.036538
0.034077
0.032958
0.037072
0.033352
0.034928
0.035618
0.031400
0.042190
0.036878
0.034293
0.036996
0.039059
0.040558
0.032155
0.035175
0.037460
0.036977
0.036186
0.038918
0.036318
0.034666
0.035000
0.035776
0.039636
0.034245
0.039175
0.035729
0.048918
0.035564
0.036177
0.033359
0.037365
0.037456
0.123685
0.138468
0.148658
0.161461
