0.540000
0.028009
0.031560
0.030111
0.030524
0.030807
0.031544
0.032751
0.033069
0.032357
0.031309
0.032140
0.030409
0.031350
0.031620
0.031882
0.031444
0.032554
0.033352
0.032905
0.031801
0.030797
0.031270
0.038469
0.031174
0.033825
0.033384
0.032365
0.034653
0.032959
0.033015
0.033574
0.034995
0.034143
0.032909
0.033687
0.033319
0.034014
0.033431
0.031927
0.034158
0.034999
0.031707
0.031894
0.032648
0.032986
0.032804
0.032722
0.034407
0.033038
0.031520
0.032592
0.032618
0.034010
0.034611
0.033528
0.034637
0.034410
0.034679
0.035311
0.031855
0.032073
0.033576
0.033148
0.034494
0.033388
0.032798
0.033467
0.032972
0.033316
0.033943
0.033744
0.033658
0.033635
0.033105
0.033023
0.031692
0.033836
0.034352
0.033211
0.033317
0.041533
0.032449
0.034715
0.033562
0.033675
0.032270
0.032272
0.034621
0.033001
0.033309
0.035172
0.033395
0.033078
0.033876
0.033607
0.034634
0.033311
0.035042
0.038833
0.038799
0.035408
0.036516
0.033442
0.032635
0.034292
0.034585
0.039469
0.035027
0.034277
0.036425
0.036530
0.035598
0.036093
0.034223
0.034691
0.033016
0.034876
0.035409
0.036773
0.038173
0.035276
0.036239
0.035637
0.036599
0.036439
0.036366
0.035531
0.040147
0.035135
0.033454
