0.523882
0.029497
0.026205
0.026013
0.030692
0.031022
0.030401
0.031453
0.031928
0.031489
0.031049
0.029700
0.030370
0.031332
0.029229
0.030721
0.030248
0.030877
0.031329
0.031576
0.033264
0.030202
0.036824
0.029787
0.029292
0.031014
0.030175
0.031804
0.031309
0.031347
0.031512
0.031338
0.031178
0.031560
0.031105
0.031460
0.032556
0.033005
0.033620
0.031723
0.032345
0.032611
0.068120
0.033565
0.031988
0.032218
0.031165
0.034809
0.031569
0.032921
0.033423
0.032154
0.037328
0.046904
0.038051
0.033816
0.032541
0.031404
0.033086
0.033142
0.033472
0.034220
0.032758
0.033609
0.032013
0.032162
0.057892
0.033731
0.033240
0.036295
0.033898
0.033275
0.033123
0.033993
0.033369
0.034393
0.034773
0.034508
0.034138
0.034946
0.034797
0.034675
0.033930
0.034524
0.033837
0.034400
0.034374
0.036768
0.035069
0.034599
