0.590830
0.027875
0.032798
0.031494
0.031517
0.029800
0.035888
0.031499
0.032559
0.033235
0.031439
0.032941
0.030873
0.032279
0.032521
0.030730
0.031518
0.032106
0.032214
0.033155
0.031043
0.032146
0.032005
0.031356
0.032936
0.032244
0.030569
0.031552
0.029953
0.032090
0.031465
0.032953
0.032011
0.033204
0.032240
0.031737
0.032278
0.032716
0.031709
0.031957
0.030195
0.031806
0.031739
0.032022
0.031514
0.037725
0.033140
0.032188
0.032415
0.033624
0.032936
0.031750
0.032117
0.033598
0.032505
0.032386
0.032803
0.032327
0.032497
0.032838
0.031637
0.037671
0.035035
0.034692
0.034367
0.034053
0.035274
0.033694
0.036936
0.035298
0.036058
0.053041
0.035446
0.036437
0.037714
0.035815
0.037388
0.034695
0.034704
0.036189
0.036117
0.036147
0.036611
0.032594
0.032143
0.034360
0.135253
0.136173
0.147793
0.136983
0.133518
0.137694
0.136011
0.080996
0.125656
0.122869
0.125209
0.135165
0.148269
0.146755
0.156023
