537	225	199	422
570	224	162	430
566	233	157	429
581	237	154	416
582	235	147	438
577	230	146	438
593	229	137	438
580	226	149	428
592	226	142	431
585	223	148	431
572	226	156	438
571	230	160	427
560	218	180	462
544	220	197	421
553	216	199	424
554	223	195	415
567	215	172	408
568	224	151	406
554	228	162	401
568	224	154	404
565	221	179	390
551	233	167	375
563	222	164	378
573	224	149	368
562	228	163	373
539	245	188	348
558	241	199	371
596	245	157	351
586	251	163	342
604	244	137	337
603	245	132	333
602	243	133	325
603	235	137	333
589	232	141	334
557	229	158	351
554	231	151	334
534	240	173	333
543	244	161	338
536	231	170	341
512	228	185	355
496	237	168	347
457	245	188	322
430	243	208	337
407	240	192	338
399	238	176	349
369	234	194	349
367	234	178	356
361	232	165	347
359	228	163	363
332	227	159	363
336	228	148	353
311	224	164	352
315	221	151	363
303	228	146	359
302	230	143	353
300	223	170	360
305	224	157	350
313	224	153	359
324	218	174	365
332	224	160	361
340	225	158	357
346	235	147	350
375	246	127	340
388	237	124	341
392	233	149	351
396	241	182	345
428	242	176	336
465	239	139	337
491	230	121	333
513	230	125	334
521	234	127	328
525	237	154	339
543	240	173	341
557	247	164	341
566	242	165	347
571	232	174	361
600	219	169	384
620	215	154	354
636	212	135	363
645	220	146	362
654	217	159	367
655	222	160	367
653	219	170	369
669	217	146	389
670	218	157	395
675	218	170	393
667	215	178	411
678	224	155	402
686	235	152	391
669	244	171	396
672	233	173	454
674	232	162	456
670	230	167	459
671	230	167	463
676	231	166	465
662	228	183	467
669	226	184	473
684	235	176	458
699	228	178	470
714	230	187	483
729	224	203	486
736	219	216	500
752	214	195	494
758	211	206	502
755	205	221	514
744	217	207	503
715	214	212	506
689	211	210	508
673	207	209	512
619	213	251	507
630	220	220	500
601	222	220	495
561	217	243	498
602	217	205	489
604	217	198	499
595	215	226	495
595	212	209	497
625	213	168	479
648	219	160	465
647	220	174	466
657	217	165	462
671	218	162	451
671	220	151	459
664	224	145	451
647	223	157	470
584	222	208	474
576	223	216	483
578	224	211	483
594	220	186	473
629	219	168	481
636	215	156	475
637	214	162	488
655	215	156	484
664	218	151	463
684	226	132	432
699	213	140	459
690	217	145	449
686	229	146	433
681	227	153	426
675	224	165	409
661	225	174	396
693	229	146	391
696	229	127	393
687	225	132	392
685	222	138	379
684	229	159	350
685	250	161	346
680	247	137	333
673	247	127	320
667	243	129	323
639	245	130	314
637	236	132	322
624	232	144	322
628	236	136	323
625	244	125	321
627	252	120	318
626	244	127	328
628	244	129	334
643	238	107	347
652	238	119	345
659	252	125	331
658	244	135	336
663	247	120	333
660	250	102	316
646	249	112	313
610	243	152	320
596	236	149	319
590	229	138	328
574	225	144	328
576	223	158	344
543	222	189	352
533	222	197	346
555	221	167	359
565	225	145	359
576	231	143	358
574	226	151	371
579	227	152	374
581	225	165	384
612	235	141	372
620	231	141	363
633	229	130	372
639	227	135	366
645	230	135	374
653	226	134	370
651	221	146	383
658	219	147	387
657	221	163	385
678	244	173	362
722	234	154	363
763	233	138	358
774	228	123	361
784	229	139	358
783	224	151	367
789	218	194	382
807	219	181	382
815	225	191	385
828	225	190	379
827	225	177	374
831	222	172	375
831	222	182	374
826	223	218	382
832	228	192	373
844	231	183	373
843	233	166	375
820	226	169	391
810	233	152	380
797	228	165	385
780	224	147	388
755	219	186	412
725	219	181	369
678	221	210	395
683	226	171	387
686	220	150	398
669	227	135	370
649	237	130	346
633	231	149	362
602	226	165	370
588	227	175	366
570	245	147	344
553	250	156	332
544	248	146	334
517	235	170	347
504	234	173	350
487	237	162	334
492	237	150	348
483	236	141	349
496	235	142	350
492	235	142	357
488	245	164	346
494	242	150	364
491	241	148	359
510	235	142	365
505	240	141	344
505	243	144	392
515	241	145	399
510	238	144	429
506	231	152	446
502	227	162	448
491	227	175	446
492	225	170	451
484	222	182	452
495	222	185	456
501	220	189	457
501	219	189	473
497	214	191	495
486	217	194	495
489	216	197	500
501	216	177	498
505	218	174	481
503	219	185	476
505	221	168	470
499	224	163	458
494	228	196	458
510	218	176	460
511	220	179	425
527	214	163	432
527	210	173	441
539	218	161	431
533	218	170	426
547	218	157	420
556	214	148	396
551	219	164	384
556	223	153	372
549	224	167	375
546	237	166	363
535	247	187	357
569	243	170	358
587	235	150	362
600	227	144	348
599	222	158	332
586	223	168	349
606	217	137	370
608	221	145	345
610	223	143	340
627	225	132	332
640	231	118	330
646	226	129	342
652	233	135	337
661	238	147	340
684	241	148	342
707	243	139	328
733	255	134	337
740	249	189	331
754	241	225	355
759	231	228	340
775	224	211	346
796	225	230	342
822	230	213	346
841	226	203	354
857	224	190	336
864	230	195	343
871	240	178	325
884	221	179	353
916	235	146	331
920	232	153	329
942	242	158	324
953	248	162	318
988	244	137	313
1005	251	138	318
1020	249	137	340
1027	237	148	347
1024	254	178	338
1029	258	187	350
1018	253	194	360
1027	260	158	338
1031	256	140	347
1009	250	151	358
1000	251	148	361
975	236	159	372
945	238	173	371
908	242	183	359
884	247	215	322
881	239	201	355
885	244	165	343
874	239	159	344
882	245	146	336
872	235	154	353
889	241	148	346
892	219	170	377
886	240	179	349
887	253	175	338
886	230	151	362
869	230	145	359
839	213	181	378
820	232	197	340
812	223	176	349
790	225	152	361
787	238	160	319
781	235	127	329
750	229	142	348
722	227	158	345
691	252	164	316
698	242	130	323
685	242	131	329
662	238	147	331
620	236	169	337
604	231	158	338
592	242	141	329
580	243	124	331
552	246	148	329
515	247	156	335
511	250	150	341
499	247	144	354
485	240	149	359
502	232	142	358
510	235	143	357
504	238	138	358
498	243	143	331
523	244	126	329
505	239	156	332
478	251	212	321
484	240	167	326
475	248	167	314
470	246	162	320
462	245	148	322
450	248	142	306
470	250	131	324
464	240	123	348
468	246	131	339
466	234	138	350
474	236	133	350
488	231	138	364
494	235	130	358
515	242	135	356
516	245	140	343
509	243	197	349
531	240	166	352
557	242	165	353
599	244	146	351
599	232	152	359
593	246	158	345
594	237	166	350
614	230	144	363
603	230	159	358
627	238	149	352
611	238	153	350
613	235	160	355
627	241	138	342
625	233	138	351
619	228	132	353
615	233	131	321
612	245	135	305
614	243	134	308
609	234	126	312
613	248	120	298
619	253	116	294
625	254	96	270
623	256	88	260
623	260	92	258
618	261	95	263
614	251	95	276
601	249	106	279
599	251	105	276
611	253	97	265
617	256	107	260
621	251	104	264
623	250	106	281
617	233	119	295
613	233	120	292
611	231	115	298
618	235	111	304
627	240	105	307
632	234	104	326
617	233	122	329
608	236	132	323
600	231	161	329
602	228	138	342
603	237	128	342
608	243	119	338
593	253	130	332
572	256	156	328
565	257	175	333
587	253	156	348
615	253	129	363
631	244	135	381
634	228	147	403
641	222	158	407
655	221	167	406
660	225	167	406
662	222	184	407
673	231	183	402
704	232	139	392
713	222	161	401
732	227	182	394
757	234	168	391
764	233	208	394
769	235	259	385
795	221	245	391
843	221	218	390
854	217	237	399
885	218	212	398
909	229	201	387
928	228	182	390
946	232	165	371
951	233	162	373
968	234	152	368
978	227	144	380
980	238	144	364
981	242	149	361
979	235	151	374
978	220	146	396
977	214	143	405
968	214	145	403
955	214	159	404
942	216	175	403
932	221	163	391
922	226	146	394
897	220	156	395
863	223	177	393
839	214	187	388
833	228	172	381
783	234	191	370
782	215	169	389
762	222	149	377
763	224	165	352
726	223	159	377
680	233	192	369
654	249	192	349
648	245	184	355
637	243	178	357
640	227	167	378
621	227	161	375
610	228	146	364
607	225	161	365
594	221	140	370
594	223	142	363
594	224	146	366
591	220	149	372
588	229	157	366
595	234	140	365
588	245	162	341
579	250	160	343
572	252	145	328
572	262	133	303
561	245	165	330
557	249	157	318
549	251	170	310
544	249	123	297
548	241	120	305
551	244	126	302
551	242	117	294
543	247	116	281
547	244	102	277
550	249	90	274
544	247	87	280
543	248	85	272
540	247	86	265
540	246	92	263
543	245	91	261
543	251	95	256
549	247	101	258
568	247	96	262
578	247	115	248
577	247	120	247
563	252	133	217
612	255	96	251
606	256	122	260
625	257	109	259
628	258	97	259
635	259	112	265
633	255	102	275
625	252	95	269
624	254	97	286
617	259	100	279
600	250	119	297
598	250	125	296
594	248	117	302
616	250	117	298
601	249	109	293
614	248	123	305
631	246	137	306
638	252	120	294
627	248	125	286
628	247	101	304
598	242	118	306
615	241	114	313
572	235	135	324
552	245	162	312
563	236	135	313
566	241	122	320
575	237	112	328
562	238	124	331
529	243	170	345
554	232	148	361
543	235	180	358
544	225	162	365
546	233	144	374
557	226	136	392
550	223	152	400
534	231	177	400
518	234	185	391
518	228	189	402
556	230	165	411
560	230	166	418
557	235	187	417
566	234	185	418
565	224	196	425
576	245	186	390
592	246	176	382
588	242	186	388
548	237	230	393
546	239	197	370
548	243	150	361
543	245	152	354
531	247	154	354
514	247	164	359
520	243	153	364
522	244	147	371
525	250	157	358
536	240	164	387
547	243	165	381
568	243	153	378
573	227	160	395
573	219	175	401
593	232	157	380
601	239	146	365
606	227	150	370
597	232	150	370
599	239	147	363
621	235	130	358
629	245	115	324
627	244	121	318
618	240	128	312
617	236	123	330
622	242	114	317
618	243	117	326
615	237	128	327
604	240	127	323
594	241	133	325
580	247	152	328
557	239	167	338
518	237	210	346
495	238	151	341
483	240	129	313
468	242	124	305
450	234	139	346
418	230	178	356
376	237	207	342
366	236	194	354
344	239	199	356
353	244	162	341
338	229	181	355
343	230	175	360
351	230	181	362
342	227	165	368
342	227	168	366
330	226	176	348
325	231	180	337
331	232	170	353
338	233	173	346
387	230	138	349
413	227	125	354
431	229	133	346
445	230	142	355
450	228	162	358
454	234	168	322
484	233	158	359
519	235	121	334
530	238	137	348
530	231	154	347
532	239	220	340
549	237	206	350
580	241	165	355
596	254	202	348
618	250	205	344
630	242	208	358
653	238	181	355
666	242	164	343
662	247	173	342
690	240	129	278
699	247	94	313
688	248	109	320
680	257	116	307
667	258	131	318
663	253	118	305
665	251	128	309
669	257	130	301
663	255	112	304
658	257	97	304
661	254	94	296
664	256	91	292
674	255	96	287
672	248	84	287
686	248	97	285
669	243	107	288
667	246	113	288
657	247	131	280
660	250	122	270
666	243	104	271
672	250	85	262
670	258	75	252
668	251	95	254
673	261	80	240
665	253	102	257
677	253	103	257
687	241	89	271
691	244	88	282
693	246	91	271
688	248	98	275
684	244	105	282
680	235	113	287
676	231	128	290
678	233	127	303
686	235	129	312
688	231	129	322
681	233	122	315
681	233	124	318
680	233	134	335
670	245	138	332
664	248	187	334
653	233	173	360
653	220	170	374
665	216	155	367
626	226	134	334
633	222	173	360
641	234	139	259
656	226	127	360
652	225	134	366
644	213	133	369
638	221	138	367
630	221	152	366
