0.506935
0.027057
0.032028
0.030948
0.032961
0.032334
0.034568
0.034534
0.032768
0.037346
0.037013
0.032983
0.033449
0.032548
0.032812
0.032689
0.033364
0.032250
0.033079
0.033224
0.032794
0.033168
0.032985
0.031751
0.033707
0.034371
0.031653
0.030398
0.032658
0.032003
0.034695
0.032057
0.031018
0.033324
0.031227
0.030367
0.032808
0.030962
0.030567
0.032918
0.031298
0.031282
0.030824
0.030749
0.031452
0.031366
0.031932
0.031456
0.030804
0.030585
0.030532
0.033856
0.036609
0.032926
0.033917
0.033443
0.036484
0.032891
0.033561
0.032647
0.033496
0.034737
0.031577
0.032341
0.032156
0.033669
0.031761
0.034302
0.031470
0.031380
0.032641
0.031457
0.033142
0.032123
0.032057
0.034468
0.032595
0.031399
0.031257
0.032992
0.033067
0.031730
0.032475
0.034093
0.032975
0.033687
0.034055
0.032983
0.033383
0.034001
0.033862
0.034700
0.034209
0.035007
0.033386
0.033618
0.032971
0.032697
0.033969
0.032717
