0.508373
0.027748
0.030269
0.029990
0.030440
0.030847
0.032231
0.030986
0.031866
0.033169
0.035048
0.032461
0.038298
0.032701
0.030695
0.031490
0.032471
0.032363
0.031534
0.032193
0.030877
0.033280
0.033548
0.032449
0.032770
0.032299
0.029913
0.031020
0.032340
0.032536
0.034906
0.033702
0.033300
0.032224
0.039302
0.033554
0.033631
0.033874
0.037143
0.033298
0.035180
0.032674
0.031760
0.032155
0.031124
0.035129
0.033411
0.033670
0.033306
0.033102
0.033089
0.034019
0.032537
0.034824
0.033654
0.034484
0.033552
0.032957
0.032531
0.033361
0.034038
0.034070
0.034108
0.035063
0.033353
0.033958
0.033829
0.032923
0.033182
0.032536
0.032942
0.033206
0.033782
0.034055
0.034664
0.035730
0.033870
0.033673
0.033475
0.033392
0.034186
0.034127
0.033086
0.033907
0.036628
0.036962
0.036251
0.035660
0.035094
0.036325
0.036420
