602	183	142	327
588	187	133	324
582	183	127	323
574	181	134	323
567	183	134	325
566	187	128	322
561	186	125	321
557	185	123	318
553	180	132	327
567	183	120	325
571	187	127	320
586	183	122	319
605	180	116	323
627	178	113	327
633	172	110	335
635	174	126	333
637	175	136	331
640	177	133	322
648	177	130	320
661	174	125	325
677	178	115	322
687	180	111	320
689	180	116	323
692	177	121	324
693	182	124	319
694	185	130	316
689	187	133	307
688	186	133	309
692	191	130	311
695	183	119	316
701	177	109	316
702	178	107	321
697	183	111	318
684	188	123	309
683	182	127	316
676	176	165	320
667	173	192	327
633	186	217	313
646	185	166	317
648	188	158	317
647	185	138	308
638	178	132	316
629	181	136	312
626	180	128	316
624	181	126	315
625	182	128	320
630	185	128	317
617	188	146	307
640	189	129	307
675	188	114	309
695	177	138	320
699	180	157	315
703	188	168	314
714	189	146	312
709	185	118	319
703	181	124	319
691	182	131	322
685	188	128	314
662	183	135	319
669	181	113	319
655	183	130	323
657	186	130	317
657	188	132	319
646	189	142	317
649	191	138	317
651	192	118	315
650	185	119	327
649	181	141	329
659	181	160	328
668	176	168	339
674	178	176	336
708	181	143	330
717	177	139	332
745	176	129	334
759	183	129	326
763	188	129	319
763	193	136	315
797	186	119	325
816	182	115	331
826	180	140	337
836	186	136	333
841	180	134	336
850	160	127	354
852	148	132	368
841	161	152	357
859	172	135	350
854	173	149	349
857	173	143	351
842	157	143	359
833	155	143	361
822	162	139	357
824	170	123	345
816	167	122	349
804	163	141	354
816	169	127	345
817	178	114	341
805	180	117	338
785	180	163	342
800	178	137	344
796	170	128	366
809	178	102	361
791	178	130	364
780	182	151	359
788	171	153	370
812	172	130	366
801	177	131	360
799	183	131	356
807	173	125	373
813	164	106	394
808	157	115	403
775	166	153	396
782	161	141	398
786	166	122	394
771	159	138	396
757	161	157	401
744	170	153	394
743	173	131	394
713	171	134	397
692	166	145	401
675	159	156	404
689	169	134	391
692	173	129	378
699	167	119	377
698	163	130	383
702	170	128	373
698	174	129	369
699	169	114	376
706	164	105	378
712	168	112	372
703	177	118	348
709	173	110	346
718	169	112	351
721	175	126	352
736	187	126	331
750	192	119	329
767	187	111	334
790	178	107	343
812	177	112	344
816	178	125	349
821	187	126	335
839	173	124	353
872	176	116	350
887	176	129	351
891	189	148	334
909	187	132	331
922	179	120	343
924	178	157	349
929	188	154	341
925	189	160	340
931	179	142	346
928	178	127	342
910	182	138	338
903	180	132	345
891	177	127	347
886	181	104	344
853	178	118	347
812	178	164	345
808	177	156	344
807	172	144	350
797	183	148	330
795	175	152	335
783	184	154	330
785	193	161	318
791	189	162	322
826	177	135	333
842	175	131	347
859	178	124	344
865	175	123	346
874	175	119	346
880	173	123	353
873	171	134	358
883	175	131	348
895	177	132	352
895	175	156	353
852	181	229	349
851	177	242	356
859	192	241	345
869	189	218	346
899	174	170	357
915	169	130	353
906	170	142	357
893	180	154	345
900	183	143	342
907	181	151	336
912	173	165	353
924	184	152	346
926	185	159	350
934	181	151	353
936	179	143	341
926	178	141	340
926	186	139	338
935	181	140	344
960	194	125	334
974	180	119	342
960	185	129	335
947	189	146	327
959	200	133	310
967	190	130	317
976	183	124	327
974	180	135	341
969	182	148	337
967	192	144	330
967	181	139	337
957	173	142	346
954	186	140	333
942	179	155	342
937	185	152	336
931	183	165	337
930	177	147	347
900	172	160	350
914	186	131	334
909	183	121	335
882	178	120	343
857	169	135	342
853	151	134	363
859	162	126	350
850	167	119	346
849	160	115	348
850	165	126	345
853	171	144	350
855	177	150	337
886	176	153	337
891	175	149	344
908	169	147	351
919	177	144	347
929	172	136	353
922	176	145	348
939	185	138	338
944	187	142	336
961	186	128	340
986	185	115	336
1004	178	114	345
1000	180	142	346
1005	174	141	348
1013	175	141	349
1020	171	143	352
1027	178	147	350
1024	194	155	331
1018	193	154	331
1012	190	147	338
1014	178	130	363
1013	174	108	375
1012	183	112	371
1006	185	118	364
1005	179	111	367
991	180	119	353
980	181	122	347
974	183	123	344
963	183	123	343
950	181	111	344
931	174	120	352
931	178	115	349
944	188	96	336
937	191	91	330
928	189	113	322
918	187	118	313
914	192	107	310
906	189	108	317
881	185	112	320
848	178	147	322
845	185	140	316
832	196	137	309
833	190	106	310
837	177	105	324
823	184	125	312
800	189	141	309
796	187	132	314
770	195	143	306
748	192	153	305
729	191	145	306
739	196	119	300
735	191	114	309
729	190	173	310
726	190	180	306
725	189	146	309
730	194	114	306
729	196	122	303
738	190	123	312
772	185	111	320
785	184	120	320
796	187	134	309
806	186	128	312
812	182	140	318
824	177	118	324
852	179	104	326
856	174	107	328
854	185	110	322
876	190	103	315
878	185	123	324
888	181	146	324
903	178	143	328
919	180	139	335
926	180	143	334
932	176	137	332
938	184	132	327
936	182	138	327
931	185	136	317
920	180	147	327
926	177	135	324
933	182	130	317
934	194	130	298
937	187	128	306
931	187	129	308
935	187	124	306
932	186	125	304
929	189	129	292
924	195	126	288
909	194	135	285
899	195	135	286
904	193	124	285
904	202	119	269
913	194	122	274
913	201	126	270
912	199	124	275
914	201	121	271
920	202	118	273
924	199	119	283
931	197	112	291
927	194	112	300
942	196	99	300
941	190	93	304
941	194	102	300
941	192	111	303
949	187	94	316
942	189	95	317
933	194	109	313
934	193	117	314
933	189	139	317
974	186	119	316
965	189	139	316
974	186	129	318
975	190	138	316
980	191	129	315
975	193	120	313
967	187	113	321
952	182	118	325
950	183	118	322
919	185	145	318
908	191	149	312
934	187	122	317
958	182	101	327
962	179	110	327
954	190	154	316
952	195	143	310
960	190	120	312
947	191	105	313
936	191	101	309
929	190	103	309
927	194	105	303
921	190	102	305
922	187	93	308
923	190	107	309
913	196	135	306
911	197	144	297
921	184	149	309
935	180	137	324
936	180	122	329
935	187	133	334
933	188	133	330
920	181	141	343
887	180	164	337
872	188	180	332
895	189	148	336
896	190	146	323
915	189	113	321
897	191	135	313
878	188	145	318
882	194	138	304
871	191	147	296
877	194	121	293
880	202	117	287
884	200	115	289
890	200	113	288
891	194	112	299
899	186	101	329
901	192	103	322
903	195	107	323
909	191	106	328
908	179	110	342
907	173	122	348
910	181	148	346
908	176	160	350
892	183	189	346
929	173	150	363
928	173	163	369
928	170	159	376
943	160	141	391
954	143	129	411
955	137	138	415
954	154	134	393
944	179	144	372
940	157	139	393
949	157	136	392
940	133	156	416
930	146	163	394
922	159	163	380
933	168	153	360
939	171	147	363
943	166	143	369
935	164	136	365
924	161	144	362
911	181	147	341
909	175	146	343
882	172	165	340
868	172	161	342
869	182	154	336
861	181	148	332
860	184	146	329
858	175	149	337
856	176	146	337
855	186	138	334
846	189	140	324
815	186	158	323
800	176	155	334
796	178	147	340
796	184	144	335
789	180	144	331
791	180	139	330
793	185	132	322
779	184	142	324
772	190	143	321
764	193	152	306
761	194	155	301
765	190	155	303
778	180	137	310
795	178	141	314
814	195	131	297
829	187	120	306
824	185	129	307
830	192	124	303
825	198	136	294
832	195	139	295
837	185	147	307
854	186	140	306
864	184	135	314
877	180	131	315
887	179	123	316
889	181	133	320
895	178	148	332
900	191	151	320
903	189	154	323
911	174	148	345
918	162	146	358
918	176	147	353
913	179	154	352
915	181	168	349
932	171	146	368
943	175	143	373
953	181	152	369
953	177	156	379
961	168	159	388
962	164	159	398
968	168	143	395
969	176	156	389
954	167	168	393
946	166	174	393
952	170	158	381
959	167	154	385
957	175	146	371
946	181	147	347
925	182	161	343
925	187	148	338
932	188	116	341
938	174	109	350
949	169	111	352
954	176	112	340
953	183	119	338
949	186	118	331
947	179	119	346
944	177	120	343
941	173	120	350
947	171	115	361
950	172	111	361
944	167	125	370
933	168	141	368
924	175	152	362
927	170	144	370
899	170	170	374
883	173	165	376
925	183	122	374
931	193	124	371
922	192	124	372
926	176	117	382
900	162	151	387
925	164	133	374
918	163	161	368
911	174	170	359
924	179	152	361
934	163	138	384
942	157	128	408
952	161	118	401
955	165	121	397
954	164	125	396
952	160	138	396
950	167	142	394
948	166	148	394
963	164	144	393
966	168	147	389
970	162	164	405
979	168	168	410
985	167	163	412
999	171	153	405
1007	172	149	403
998	170	156	406
983	173	164	405
966	179	182	395
970	182	159	382
966	175	131	383
958	171	127	388
945	176	132	382
945	176	119	375
942	166	116	389
921	167	137	389
897	174	153	378
920	186	133	365
925	176	124	371
918	175	135	357
916	172	144	359
916	167	149	359
932	177	135	349
945	177	123	349
951	172	126	353
943	171	131	356
927	168	139	360
926	179	130	348
925	178	118	351
923	176	123	356
927	163	123	381
926	168	119	393
925	166	125	391
939	159	121	395
936	155	131	403
935	159	147	407
926	149	152	421
933	162	153	408
933	152	175	414
936	157	180	434
941	152	188	457
954	149	194	461
973	152	174	461
981	154	190	459
981	149	195	460
940	149	233	457
954	159	193	435
957	160	173	421
938	139	193	438
890	139	220	439
882	154	197	422
883	165	211	412
890	156	195	421
900	164	178	407
