0.541307
0.034209
0.031621
0.031447
0.030909
0.036764
0.029841
0.032770
0.031695
0.032399
0.032093
0.031040
0.031924
0.031462
0.030655
0.030667
0.060249
0.032629
0.031406
0.032209
0.032248
0.031701
0.031240
0.031789
0.031785
0.031601
0.031077
0.032769
0.031538
0.030270
0.031518
0.032665
0.058544
0.060019
0.035164
0.033230
0.033760
0.032269
0.036465
0.032679
0.033641
0.033201
0.032619
0.036029
0.033005
0.035334
0.046962
0.030803
0.032329
0.034061
0.032965
0.034011
0.033062
0.032850
0.035643
0.034330
0.032728
0.034322
0.032474
0.044660
0.035483
0.032239
0.032798
0.031657
0.032426
0.033708
0.032697
0.032449
0.032789
0.032214
0.031773
0.035308
0.032874
0.031877
0.032508
0.032882
0.033361
0.033818
0.035125
0.033771
0.032962
0.033283
0.033151
0.032617
0.032589
0.033642
0.037014
0.031473
0.033847
0.035669
0.034481
0.034606
0.034694
0.034463
0.034689
0.034208
0.034206
0.035329
0.042916
0.035192
0.033812
