148	274	160	190
133	288	176	187
121	302	189	189
114	306	182	181
112	311	176	184
124	310	176	188
132	309	170	196
140	309	162	202
143	306	177	199
142	304	182	196
143	305	202	200
139	305	200	190
144	301	199	192
156	288	181	205
158	272	175	205
164	254	174	199
168	241	168	204
168	229	176	205
162	221	194	201
158	216	201	196
150	216	208	199
143	207	191	200
139	198	195	201
140	188	186	202
135	180	184	214
133	180	181	216
134	183	192	229
130	183	210	227
125	191	219	218
116	194	219	226
120	198	213	221
129	195	207	230
142	193	188	231
150	191	203	235
161	194	198	221
173	198	195	215
181	211	203	233
188	214	220	241
198	224	193	239
202	223	205	236
214	220	202	229
230	221	185	227
247	214	192	230
257	215	195	241
266	220	192	243
275	227	193	234
279	230	193	238
289	237	189	225
290	243	190	221
303	244	187	215
311	232	192	221
322	223	188	226
327	219	191	236
332	222	196	252
335	227	209	235
329	231	212	236
325	230	203	236
322	232	199	228
328	222	204	236
336	208	199	243
349	198	193	246
356	190	189	244
359	185	197	240
358	189	197	242
361	191	213	239
371	196	199	234
380	192	209	231
386	174	176	246
401	176	161	241
407	171	154	254
415	178	183	248
415	176	186	242
423	175	184	243
415	180	206	240
430	189	192	243
436	180	185	241
449	176	164	239
458	163	157	254
464	160	165	244
464	160	175	255
462	163	180	245
461	170	190	245
452	178	193	241
457	177	184	242
454	175	185	242
466	168	160	232
472	160	153	222
466	159	170	219
462	156	183	224
465	148	166	231
436	142	235	235
