64	219	235	180
51	216	246	180
47	209	246	180
49	206	244	181
50	213	244	171
38	240	256	137
84	152	181	214
88	194	153	160
63	197	129	163
0	216	196	139
17	208	187	139
0	202	217	143
21	199	198	145
41	199	182	156
41	216	171	155
35	222	188	142
41	225	168	148
28	220	182	141
26	208	183	143
27	205	179	149
19	197	172	161
11	193	174	163
5	192	173	163
0	198	168	151
7	212	154	114
38	207	118	112
59	205	92	108
73	205	91	115
85	219	83	106
81	227	89	103
80	232	89	101
77	236	121	99
80	236	127	103
77	224	125	116
76	214	117	128
72	209	124	135
77	204	124	141
75	203	125	142
75	202	119	147
71	196	107	154
77	190	105	155
75	186	119	160
70	188	149	159
67	185	160	161
68	180	164	162
63	186	169	152
56	171	199	160
50	170	208	161
43	164	247	157
23	160	276	152
25	154	281	155
32	151	287	149
41	147	292	143
42	153	311	133
53	156	300	133
148	160	228	138
82	165	318	158
137	180	268	150
305	196	107	147
180	203	235	151
318	216	96	149
338	226	80	132
285	238	147	123
346	244	93	116
343	250	101	110
336	256	105	100
335	254	108	102
333	250	114	95
330	247	112	97
327	245	111	95
320	249	109	94
313	249	115	99
311	252	108	98
293	261	131	85
293	218	160	122
338	220	190	95
360	204	243	141
361	201	260	142
358	203	269	146
371	221	267	133
356	236	269	124
354	246	284	124
353	256	279	124
353	259	282	125
353	256	271	122
355	248	261	124
361	230	232	137
359	208	243	146
354	203	232	147
351	202	233	145
352	194	230	147
354	190	234	149
351	188	235	151
350	192	236	149
351	202	225	146
354	224	226	142
352	237	232	137
372	241	194	134
388	241	162	129
408	228	129	139
413	211	116	146
416	205	116	149
406	206	113	146
399	220	107	135
388	220	105	137
372	224	100	133
322	234	142	123
316	240	176	112
302	262	233	98
282	264	263	91
