339	163	92	113
347	155	86	131
339	153	80	129
331	152	81	125
318	164	86	131
301	170	85	130
295	172	82	133
283	175	80	130
269	178	91	130
256	180	70	135
248	186	90	115
238	195	90	107
223	207	65	96
209	204	69	108
201	198	69	115
189	198	71	109
175	209	72	97
157	206	74	103
150	195	65	103
148	197	72	100
145	205	65	91
143	205	79	101
141	198	78	105
144	195	69	112
139	205	68	96
136	211	66	93
132	206	64	97
134	203	62	112
130	209	65	126
130	218	62	97
130	215	71	132
135	206	64	138
136	219	70	133
145	229	64	114
148	220	71	137
148	222	63	129
143	222	60	133
140	228	59	120
143	223	55	118
148	222	61	127
150	230	55	115
152	236	55	107
153	227	62	120
162	234	57	111
167	232	55	108
169	238	59	100
171	234	59	99
177	226	56	106
181	225	54	102
176	230	59	103
176	227	59	102
180	216	56	117
178	217	51	105
176	229	54	100
174	230	59	102
179	221	59	110
184	219	50	107
180	227	57	104
179	222	54	101
177	214	60	112
178	209	52	114
176	220	54	102
180	222	51	101
178	208	57	117
180	209	56	112
187	213	51	105
183	217	57	99
186	204	58	115
185	203	57	109
183	206	52	106
175	207	55	103
171	205	58	109
166	204	56	111
163	205	54	109
161	209	57	108
161	205	56	112
158	202	62	113
158	202	58	111
156	206	59	108
154	206	62	106
154	202	59	114
151	203	57	111
151	207	58	111
152	210	61	107
155	206	67	116
167	205	57	111
165	210	61	105
172	211	60	104
171	206	63	114
172	202	62	117
169	204	63	113
164	216	66	102
164	214	65	109
160	209	58	116
159	211	57	110
155	222	64	100
153	215	70	112
148	214	75	115
155	220	62	94
152	220	70	102
161	217	70	99
173	213	61	103
177	210	62	104
178	220	66	99
181	221	64	97
182	215	65	101
188	215	62	108
189	220	62	97
184	221	64	98
180	218	63	108
175	210	64	116
172	218	58	102
168	217	68	101
165	218	71	104
164	216	64	100
162	211	64	104
160	219	66	98
161	212	69	103
161	214	67	100
161	210	64	104
158	216	69	102
161	219	69	96
160	212	67	104
162	212	63	100
161	212	66	104
164	214	70	103
165	217	69	101
166	206	61	106
160	208	61	106
151	220	73	90
150	211	73	105
149	211	70	101
150	221	65	97
143	224	75	98
140	225	81	96
138	221	78	95
138	215	77	99
138	222	76	92
139	218	79	98
143	210	79	106
151	215	72	99
150	225	78	95
148	223	87	97
153	223	78	98
162	217	70	98
162	223	71	92
164	205	77	108
171	202	71	111
178	198	62	108
171	207	72	104
176	205	68	102
173	195	70	113
168	200	75	107
167	205	73	104
169	205	73	105
170	196	79	114
174	197	67	116
173	202	71	110
168	209	83	100
171	202	87	115
173	198	77	116
179	206	70	115
174	213	82	104
172	214	89	113
165	208	89	115
164	213	74	110
158	213	84	111
155	218	93	109
150	214	102	116
154	211	86	113
157	215	82	112
153	220	96	103
153	224	104	102
163	211	83	117
166	215	83	109
163	218	90	107
162	210	98	108
165	193	79	119
171	199	87	112
164	212	96	103
172	210	99	99
175	194	88	117
184	196	79	110
175	206	88	112
174	209	97	107
171	199	104	105
175	195	83	117
171	201	89	113
166	207	100	104
162	194	114	114
165	186	89	122
166	186	88	116
164	193	100	111
154	197	121	108
159	190	108	115
157	193	91	106
155	201	96	102
142	190	121	113
145	182	97	120
147	183	89	111
149	185	89	111
147	189	104	107
152	187	107	109
144	182	104	113
152	189	100	102
147	192	110	99
144	192	176	109
151	188	118	98
152	187	88	88
153	187	117	108
154	189	134	107
153	191	141	97
157	178	115	111
160	181	125	110
153	187	144	105
155	188	147	111
174	180	120	119
164	179	135	126
167	186	133	111
170	183	143	128
175	178	139	132
186	169	131	130
185	172	132	119
174	173	157	133
169	167	170	136
172	165	131	130
185	162	108	133
183	161	142	137
183	160	152	126
189	156	136	142
201	152	135	147
185	163	143	132
180	168	141	139
170	170	165	135
170	172	184	137
166	171	127	131
162	167	197	155
159	171	158	139
176	177	139	125
181	184	140	116
177	173	165	121
175	172	153	120
174	172	135	125
178	178	130	116
176	180	133	113
170	179	130	103
176	182	130	119
183	184	148	127
184	189	143	111
178	189	164	123
179	190	146	114
