0.518884
0.026861
0.031410
0.032044
0.034574
0.036494
0.036557
0.033424
0.032516
0.032627
0.031713
0.034395
0.033095
0.035609
0.032200
0.031090
0.031726
0.031995
0.031820
0.031340
0.030032
0.031307
0.031637
0.030871
0.031304
0.033101
0.032875
0.033895
0.031886
0.032274
0.031594
0.030914
0.032151
0.030836
0.030091
0.030182
0.032368
0.032180
0.032894
0.030538
0.032036
0.032824
0.031736
0.031723
0.031989
0.033136
0.035069
0.033505
0.033072
0.030924
0.032007
0.033201
0.039239
0.033560
0.031191
0.030779
0.031287
0.033463
0.033010
0.036533
0.032729
0.036689
0.033191
0.032413
0.033704
0.038334
0.033367
0.033758
0.031934
0.032509
0.031519
0.032836
0.039273
0.033500
0.032764
0.035268
0.033846
0.033675
0.036065
0.033881
0.034561
0.034020
0.034105
0.035063
0.034343
0.034844
0.032637
0.033961
0.036510
0.035629
0.035312
0.034984
0.035134
0.036264
0.034900
0.035393
0.035563
0.035067
0.035217
0.035406
0.033892
0.033910
0.037724
0.035234
0.035835
0.036293
0.038234
0.037333
0.036826
0.047620
0.035734
0.042879
0.038189
0.038127
0.036898
0.038121
0.038394
0.037484
0.037891
0.036278
0.035471
0.038712
0.036361
0.035999
0.038767
0.036092
0.039343
0.038003
0.038809
0.037719
0.040682
0.038245
0.037254
0.041534
0.038127
0.033861
0.035422
0.035944
0.041915
0.036040
0.036076
0.037086
0.035772
0.035662
0.035455
0.035571
0.035451
0.036661
0.039307
0.035106
0.036370
0.035113
0.035258
0.036227
0.036413
0.036610
0.037183
0.036691
0.037371
0.037844
0.037061
0.051062
0.038207
0.037515
0.037956
0.038137
0.038785
0.062723
0.039032
0.039657
0.035928
0.039417
0.039433
0.036195
0.037046
0.035562
0.035595
0.036123
0.036782
0.036197
0.035820
0.035806
0.036844
0.049417
0.039043
0.038720
0.036189
0.037687
0.038820
0.039680
0.038106
0.039818
0.036827
0.038164
0.037971
0.037226
0.037341
0.041467
0.047977
0.040421
0.038427
0.038697
0.038393
0.038221
0.038707
0.040211
0.038574
0.038700
0.039904
0.040167
0.038322
0.037101
0.038212
0.037671
0.039784
0.039861
0.038605
0.040946
0.039607
0.040141
0.039129
0.039683
0.038980
0.037488
0.037823
0.038539
0.073016
0.038377
0.038765
0.038365
0.039843
0.039689
0.041422
0.041241
0.041173
0.041167
0.042150
0.041408
0.041019
0.038911
0.038885
0.040110
0.040456
0.039453
0.039374
0.043046
0.040484
0.040219
0.041121
0.040703
0.040626
0.040325
0.040167
0.040812
0.041029
0.041068
0.044265
0.043498
0.044331
0.041624
0.042679
0.041863
0.043911
0.044265
0.082446
0.157247
0.143017
0.156678
0.156974
0.113966
0.116806
0.042872
0.041972
0.043014
0.042023
0.043510
0.042288
0.043322
0.043767
0.045264
0.054145
0.040706
0.043546
0.043362
0.045573
0.043262
0.044966
0.043082
0.044405
0.048928
0.045464
0.041176
0.042393
0.062046
0.043545
0.041893
0.042492
0.041906
0.044357
0.042236
0.044369
0.041828
0.042218
0.052410
0.045094
0.043151
0.043340
0.042261
0.042932
0.041481
0.047202
0.044104
0.047472
0.044893
0.045694
0.045303
0.048832
0.067022
0.044889
0.044339
0.045394
0.044736
0.042889
0.043880
0.042559
0.042563
0.044001
0.045800
0.046574
0.051837
0.054558
0.045420
0.043585
0.043399
0.044037
0.044710
0.044221
0.046472
0.042693
0.043925
0.042696
0.041647
0.042369
0.049084
0.043628
0.047345
0.043398
0.043500
0.043949
0.057129
0.044056
0.044525
0.043502
0.046735
0.043427
0.043218
0.044384
0.043181
0.041579
0.042999
0.042098
0.044037
0.044013
0.042831
0.041756
0.044167
0.043459
0.044419
0.045468
0.045309
0.045650
0.061181
0.045805
0.045688
0.047138
0.045175
0.047245
0.048764
0.045683
0.047777
0.050019
0.046361
0.090075
0.154947
0.159429
0.160785
0.161300
0.152724
0.078370
0.151298
0.154879
0.162386
0.162246
0.117254
0.046738
0.045530
0.153915
0.140329
0.160546
0.163056
0.163347
0.122697
0.140572
0.159561
0.160727
0.130232
0.048592
0.045833
0.142470
0.157687
0.161421
0.159436
0.131354
0.126847
0.046660
0.045789
0.043114
0.043562
0.044702
0.045985
0.050695
0.045817
0.045664
0.043856
0.046524
0.047321
0.046507
0.046636
0.048635
0.046902
0.046598
0.047076
0.046799
0.045999
0.046881
0.048024
0.047513
0.047646
0.046466
0.047476
0.045565
0.048684
0.047693
0.047934
0.049354
0.049472
0.048819
0.048714
0.068613
0.050636
0.048706
0.048611
0.048737
0.047955
0.062991
0.049017
0.050878
0.080478
0.048059
0.048491
0.046766
0.047133
0.048807
0.048273
0.064255
0.047726
0.047907
0.046068
0.047010
0.047463
0.045842
0.045707
0.056137
0.048722
0.046996
0.047969
0.049062
0.047612
0.045937
0.047461
0.046492
0.047757
0.045023
0.049164
0.047371
0.051439
0.047237
0.050067
0.048562
0.049361
0.046655
0.048474
0.048170
0.046587
0.068540
0.047976
0.052327
0.054107
0.048609
0.060634
0.049765
0.046881
0.062382
0.050101
0.052246
0.048440
0.068800
0.050740
0.048731
0.047112
0.048958
0.049587
0.048129
0.049292
0.048588
0.048738
0.048530
0.049839
0.047759
0.053263
0.048992
0.051987
0.049925
0.049077
0.051503
0.050372
0.051181
0.051299
0.062429
0.049802
0.055580
0.060527
0.053039
0.052301
0.055768
0.051399
0.052171
0.049626
0.049511
0.050317
0.050350
0.050493
0.049983
0.050016
0.060833
0.050879
0.052280
0.051796
0.051606
0.051264
0.052219
0.048390
0.053499
0.051333
0.048317
0.052673
0.052168
0.052250
0.054711
0.059000
0.054124
0.059437
0.052004
0.050782
0.050292
0.051047
0.052092
0.051486
0.052190
0.051051
0.053368
0.050570
0.051900
0.051635
0.050973
0.051591
0.052267
0.050862
0.052290
0.078869
0.054517
0.053074
0.053567
0.055103
0.054262
0.052903
0.055218
0.055624
0.052056
0.052926
0.051883
0.067097
0.053865
0.052614
0.052136
0.051606
0.051199
0.067680
0.076547
0.051040
0.050890
0.053016
0.054892
0.058792
0.051953
0.053543
0.058981
0.054079
0.055752
0.055952
0.054476
0.053287
0.054081
0.054039
0.056530
0.051577
0.054037
0.055096
0.053361
0.052038
0.056138
0.051452
0.051949
0.053898
0.054288
0.053882
0.053125
0.053629
0.060318
0.054984
0.055626
0.054128
0.054817
0.053496
0.054247
0.055782
0.083475
0.054101
0.056377
0.053915
0.054138
0.056104
0.054624
0.055762
0.058089
0.054586
0.055225
0.054967
0.056799
0.051902
0.052772
0.066669
0.053593
0.055406
0.053103
0.055036
0.054021
0.053422
0.055082
0.053424
0.051428
0.053560
0.053826
0.054302
0.055449
0.054378
0.054956
0.055510
0.055422
0.055898
0.059699
