0.506127
0.026218
0.026674
0.026002
0.025815
0.030633
0.027262
0.027171
0.027794
0.026675
0.027909
0.026378
0.028260
0.026728
0.026448
0.029404
0.034086
0.028150
0.026834
0.029900
0.028148
0.029397
0.030391
0.027694
0.028115
0.027214
0.029106
0.058218
0.029407
0.028531
0.030141
0.028117
0.027862
0.030245
0.029204
0.028054
0.028645
0.028066
0.029390
0.028070
0.027709
0.029474
0.029464
0.028795
0.028669
0.058699
0.029677
0.028555
0.029595
0.028057
0.028795
0.028823
0.029681
0.029911
0.029490
0.255516
0.027986
0.028699
0.029648
0.027530
0.028931
0.035848
0.028861
0.029206
0.029917
0.029873
0.029293
0.030676
0.027813
0.029585
0.029497
0.029799
0.029368
0.030356
0.030336
0.029835
0.028171
0.029327
0.029653
0.061181
0.034952
0.031926
0.030335
0.031478
0.031339
0.031112
0.030657
0.030312
0.030315
0.030694
