1.267670
0.119567
0.116933
0.119222
0.120813
0.131033
0.093863
0.049152
0.136217
0.143004
0.147582
0.147726
0.133878
0.133814
0.122843
0.050252
0.030243
0.030843
0.031680
0.031306
0.029482
0.031917
0.030299
0.030936
0.032492
0.034905
0.036846
0.033312
0.031934
0.032048
0.031675
0.033133
0.032340
0.031417
0.031459
0.031103
0.031984
0.030739
0.030337
0.032073
0.031338
0.031213
0.033318
0.032021
0.031486
0.031641
0.031610
0.031911
0.032295
0.034445
0.033118
0.033346
0.033030
0.032934
0.032568
0.034170
0.032688
0.033711
0.032359
0.032825
0.032963
0.037104
0.032849
0.032747
0.032267
0.034071
0.034266
0.034701
0.032412
0.034078
0.033209
0.035982
0.034466
0.035665
0.034996
0.034466
0.034675
0.034244
