573	415	63	164
574	420	66	160
576	419	68	162
576	418	68	162
569	408	79	173
571	406	84	183
585	414	82	180
593	412	77	184
604	411	71	185
587	405	91	192
608	398	73	208
605	405	80	204
602	425	86	188
610	422	81	191
614	408	82	205
621	411	90	200
639	424	86	188
636	425	95	187
621	424	99	193
599	423	118	200
596	420	106	205
584	415	106	210
553	410	108	215
547	411	116	208
515	417	135	222
520	428	105	209
519	435	91	199
522	421	95	209
540	422	101	200
546	422	106	203
557	418	114	202
577	415	102	200
582	423	126	185
592	427	131	179
621	427	103	178
620	422	100	179
616	427	101	172
601	426	118	171
607	415	107	183
602	420	113	178
607	421	110	175
602	422	120	173
602	423	119	173
607	423	111	173
622	426	96	171
633	424	84	173
634	430	82	168
634	433	85	165
632	433	89	164
630	441	94	159
631	442	96	157
628	444	99	157
629	445	108	156
628	449	113	154
622	465	130	138
634	461	129	141
665	456	109	140
678	443	107	149
681	432	141	158
686	430	143	165
704	424	109	172
702	425	100	166
705	427	92	162
708	431	77	157
719	434	69	153
718	441	65	143
709	444	73	135
702	437	79	143
701	427	76	155
700	421	74	161
706	414	65	170
706	414	66	173
707	417	65	175
707	417	66	179
709	414	66	183
711	412	73	183
715	416	85	182
714	413	86	186
717	414	94	186
721	426	93	174
718	436	100	167
714	439	106	162
705	425	93	178
704	424	78	179
708	420	70	185
702	423	75	181
673	423	103	184
668	422	106	187
669	423	105	188
665	417	103	195
661	414	91	198
667	417	87	196
666	420	88	192
666	418	89	195
667	416	86	198
668	417	90	194
668	419	90	194
667	418	100	194
668	426	115	187
664	434	120	183
666	441	116	178
653	429	111	190
617	433	111	184
580	436	141	182
503	440	192	190
478	447	198	188
470	441	168	196
711	417	91	214
473	458	108	174
480	449	98	185
501	450	74	199
498	446	80	208
484	437	136	216
495	423	121	232
471	420	169	234
520	423	123	237
534	419	106	238
558	417	92	233
579	420	86	225
588	423	80	222
584	420	86	224
591	415	80	216
590	418	91	198
589	418	101	196
593	434	96	176
597	437	89	166
599	436	81	168
607	448	72	155
599	428	77	177
612	422	71	181
615	424	68	189
617	423	84	193
628	422	78	201
628	430	80	195
635	436	77	207
643	436	67	219
607	443	110	216
624	444	99	214
653	427	106	233
657	430	125	236
673	454	113	219
676	435	116	234
675	427	105	236
678	433	100	220
658	438	126	223
654	446	113	205
649	434	81	213
642	422	83	224
622	434	118	212
624	441	125	203
615	430	135	217
