0.524271
0.027751
0.030363
0.029742
0.032048
0.030358
0.032141
0.037182
0.033239
0.032377
0.030853
0.031673
0.032970
0.032120
0.035372
0.033124
0.034308
0.036058
0.036172
0.035931
0.035434
0.035237
0.037586
0.036216
0.031921
0.034692
0.035368
0.034054
0.032298
0.032349
0.034247
0.036450
0.035738
0.038414
0.035010
0.036151
0.034564
0.032791
0.032217
0.035920
0.035570
0.032843
0.044566
0.036131
0.034967
0.036636
0.034156
0.038346
0.035068
0.035779
0.035872
0.033829
0.035316
0.034972
0.032738
0.036351
0.040514
0.036059
0.037928
0.036613
0.036817
0.039272
0.036982
0.037541
0.034399
0.039386
0.036684
0.045432
0.036504
0.036209
0.036401
0.036879
0.036747
0.040367
0.034517
0.033509
0.033431
0.036740
0.038433
0.034468
0.036845
0.037546
0.035463
0.035010
0.034414
0.032986
0.032753
0.035212
0.036775
0.037675
0.036194
0.035891
0.035107
0.037756
0.039224
0.039022
0.038052
0.038700
0.037053
0.038142
0.037926
