455	376	107	183
443	371	135	181
465	375	76	179
468	380	120	169
473	376	134	177
490	369	91	178
490	350	118	190
468	360	123	169
500	365	71	165
480	357	90	168
452	358	140	169
464	362	95	166
457	365	90	164
447	360	109	167
457	348	81	167
453	336	76	172
446	336	73	174
407	343	95	173
408	350	99	160
407	352	85	163
411	362	72	139
377	360	111	149
390	362	106	150
394	353	88	178
377	354	99	187
354	364	89	179
326	374	110	186
331	375	98	186
337	365	90	192
338	363	84	193
387	377	82	235
328	375	118	248
271	358	163	273
262	372	150	236
364	298	82	225
346	295	100	246
362	321	81	225
365	364	78	210
359	385	75	199
357	374	90	208
354	372	66	209
344	355	64	223
334	354	60	220
310	357	70	210
289	353	73	208
274	362	71	202
251	364	80	199
201	365	127	198
203	368	113	196
208	355	87	207
215	357	70	201
212	361	70	193
210	362	72	193
207	364	78	194
212	367	80	191
221	370	80	187
240	374	72	180
253	372	64	178
236	373	87	200
209	373	141	236
199	383	185	214
265	388	127	208
306	387	105	216
319	385	134	226
347	363	132	225
400	366	95	214
427	365	116	218
464	361	130	210
464	364	123	211
550	352	100	219
564	344	86	231
499	350	84	205
486	355	92	200
474	364	128	202
503	376	104	197
464	362	74	176
457	360	72	180
439	366	82	181
428	378	79	184
429	391	74	172
416	399	74	172
414	400	70	183
404	402	71	197
391	418	89	195
383	427	104	186
389	428	107	185
394	428	104	195
394	430	111	199
397	447	114	195
416	448	103	197
437	451	103	195
473	445	88	198
495	445	82	195
508	450	84	190
526	452	82	188
559	449	71	166
572	454	64	165
583	453	79	169
603	457	87	172
635	461	112	243
524	338	84	193
