0.522705
0.026958
0.028088
0.027162
0.027529
0.027960
0.027551
0.027383
0.027651
0.028478
0.027880
0.028620
0.026313
0.026309
0.027700
0.029780
0.032529
0.032456
0.030537
0.030765
0.033560
0.031218
0.033205
0.030627
0.033187
0.032130
0.032762
0.035244
0.031554
0.032643
0.033087
0.034228
0.032042
0.032150
0.031631
0.032305
0.032559
0.031737
0.030460
0.032777
0.031376
0.032644
0.032205
0.030916
0.031014
0.035630
0.034285
0.031893
0.032449
0.033500
0.034219
0.034071
0.031905
0.032356
0.033167
0.032861
0.031366
0.033319
0.033911
0.032550
0.032422
0.031695
0.032928
0.033427
0.034037
0.033916
0.032669
0.033832
0.034298
0.033235
0.031831
0.033859
0.033198
0.034461
0.037825
0.037750
0.033320
0.037230
0.034194
0.033644
0.032716
0.033111
0.033883
0.033543
0.034425
0.034432
0.034831
0.046094
0.033386
0.034463
0.033202
0.032634
0.033288
0.034755
0.034599
0.034909
0.033355
0.033604
0.033552
0.033827
