0.503155
0.032720
0.033002
0.035540
0.031016
0.031281
0.033545
0.035483
0.032214
0.033053
0.031816
0.033516
0.031532
0.037763
0.032204
0.036815
0.035395
0.036165
0.031917
0.032540
0.035593
0.032888
0.031857
0.032719
0.031864
0.032148
0.032309
0.030866
0.033757
0.032984
0.033158
0.032727
0.033796
0.033010
0.032874
0.034464
0.033635
0.033056
0.032020
0.033149
0.033128
0.035440
0.036361
0.037703
0.043666
0.032322
0.034809
0.033981
0.032457
0.032578
0.033948
0.037529
0.035846
0.036186
0.033211
0.036004
0.034794
0.039739
0.037052
0.034587
0.033861
0.035521
0.035444
0.049828
0.036592
0.035684
0.035501
0.035060
0.038388
0.036024
0.034809
0.034425
0.033407
0.032351
0.033178
0.033631
0.036721
0.036907
0.033883
0.033866
0.036762
0.036237
0.037994
0.036226
0.033890
0.035747
0.033545
0.035353
0.035539
0.035536
0.032659
0.032438
0.034541
0.032252
0.033032
0.031842
0.045752
0.035038
0.035930
0.032190
0.032772
