1.286750
0.037493
0.028253
0.027271
0.029594
0.031078
0.033715
0.032628
0.032334
0.033676
0.032974
0.032969
0.032675
0.032006
0.031614
0.033086
0.046062
0.034253
0.033027
0.040744
0.033076
0.030541
0.029682
0.032346
0.032087
0.030784
0.031954
0.031752
0.041066
0.032356
0.032821
0.031227
0.030932
0.031475
0.033409
0.032434
0.032809
0.033271
0.033213
0.032404
0.034225
0.032708
0.031710
0.040790
0.031398
0.032949
0.032826
0.032717
0.033706
0.033944
0.033584
0.032639
0.033391
0.033080
0.032424
0.039619
0.033406
0.033496
0.034725
0.032138
0.032156
0.034262
0.031206
0.032842
0.031884
0.032727
0.033488
0.032651
0.033484
0.031598
0.032083
0.032842
0.032698
0.036315
0.034010
0.032959
0.034220
0.035928
0.032702
0.032924
0.035638
0.034316
0.033818
0.035829
0.034878
0.035014
0.035192
0.035480
0.036388
0.036965
0.035761
0.035667
0.035454
0.036354
0.037814
0.038019
0.040248
0.040782
0.036834
0.038182
0.038250
0.038461
0.042361
0.041852
0.037486
0.038240
0.036232
0.039361
0.038620
0.042021
0.036409
0.036073
0.035899
0.034310
0.034221
0.034219
0.035323
0.036291
0.034719
0.035789
0.033252
0.034945
0.034787
0.043746
0.037798
0.036193
0.037780
0.039056
0.038429
0.057284
0.038091
0.037467
0.039251
0.039274
0.039003
0.037645
0.038858
0.036766
0.038586
0.037529
0.037379
0.036640
0.037591
0.036963
0.036518
0.036670
0.038389
0.113807
0.140387
0.155996
0.152731
0.151772
0.155127
0.139347
0.115431
0.146677
0.149510
0.149483
0.153293
0.077323
0.112135
0.140442
0.138048
0.147785
0.137318
0.151366
0.150456
0.069569
0.106949
0.140177
0.144841
0.152313
0.154879
0.153073
0.153509
0.090846
0.116729
0.146874
0.146644
0.153968
0.153673
0.151475
0.153262
0.105551
0.115673
0.040898
0.041180
0.039840
0.039920
0.038689
0.039177
0.039264
0.038678
0.038947
0.041959
0.041910
0.038882
0.039144
0.040189
0.038136
0.038357
0.043746
0.040236
0.038524
0.037642
0.037508
0.039887
0.038548
0.039040
0.038488
0.038192
0.036877
0.041015
0.038136
0.038090
0.041109
0.039413
0.038763
0.038083
0.039451
0.041602
0.039441
0.039379
0.039781
0.039822
0.039295
0.039868
0.039519
0.038483
0.037044
0.037661
0.038993
0.040481
0.037205
0.037463
0.037294
0.036352
0.039929
0.042968
0.040257
0.041227
0.039330
0.037494
0.040188
0.039548
0.039389
0.038980
0.038789
0.040373
0.040351
0.039023
0.038571
0.039400
0.047338
0.041273
0.038884
0.039098
0.039792
0.039100
0.040484
0.040744
0.042032
0.040169
0.040271
0.040058
0.039916
0.040021
0.040046
0.040336
0.039829
0.041043
0.040143
0.039548
0.039233
0.041133
0.044387
0.039871
0.041962
0.040170
0.041245
0.042265
0.041222
0.041413
0.040265
0.041346
0.040290
0.045582
0.041706
0.043392
0.041580
0.041398
0.043556
0.049270
0.044933
0.040716
0.041863
0.043561
0.041522
0.044491
0.041723
0.043562
0.042335
0.043565
0.043864
0.043293
0.044173
0.041808
0.045664
0.043981
0.042350
0.044293
0.045838
0.045479
0.044476
0.044593
0.050093
0.044867
0.042471
0.044381
0.044101
0.046367
0.042908
0.043734
0.041879
0.044319
0.043978
0.049947
0.044873
0.041974
0.041523
0.041682
0.043476
0.043531
0.043185
0.043464
0.044399
0.043855
0.043034
0.046405
0.045138
0.043305
0.045605
0.043420
0.043503
0.042458
0.042981
0.045373
0.041682
0.043664
0.044582
0.046011
0.046467
0.047719
0.045551
0.045328
0.043948
0.053938
0.048933
0.045494
0.045589
0.041559
0.045320
0.044560
0.044996
0.044279
0.045282
0.045101
0.045270
0.044872
0.045516
0.046049
0.043367
0.045788
0.044783
0.045448
0.045682
0.045002
0.053999
0.049202
0.045409
0.045194
0.046079
0.044497
0.045368
0.045857
0.042486
0.046885
0.045223
0.045855
0.047589
0.063130
0.044788
0.045074
0.045053
0.047083
0.047148
0.046638
0.045130
0.045423
0.045522
0.046080
0.046629
0.046506
0.044594
0.046363
0.045542
0.046426
0.046069
0.046337
0.047148
0.046084
0.047494
0.046298
0.046314
0.048424
0.045920
0.044771
0.047332
0.047759
0.046991
0.046476
0.046578
0.046830
0.049464
0.047572
0.045312
0.045645
0.045593
0.046792
0.045849
0.047732
0.047620
0.048027
0.046653
0.045193
0.047423
0.046710
0.045117
0.047347
0.047846
0.046715
0.047012
0.048979
0.047916
0.049682
0.048662
0.048860
0.048198
0.049667
0.048708
0.046366
0.046998
0.048845
0.044349
0.045043
0.047920
0.047460
0.046636
0.048682
0.046808
0.046385
0.046902
0.046312
0.047307
0.046309
0.047432
0.043863
0.047090
0.047062
0.047786
0.047619
0.047743
0.047025
0.046796
0.047565
0.047193
0.048550
0.047391
0.048678
0.048244
0.047222
0.047644
0.048040
0.046536
0.046387
0.073691
0.046813
0.046130
0.047221
0.047143
0.046617
0.047626
0.048857
0.047033
0.046850
0.046722
0.047041
0.049325
0.050835
0.054769
0.047253
0.047797
0.046281
0.048673
0.050227
0.048487
0.048706
0.050001
0.050129
0.048594
0.050469
0.048699
0.048548
0.049927
0.050221
0.055496
0.050226
0.050735
0.048922
0.048339
0.051456
0.049797
0.051022
0.050262
0.049376
0.048312
0.049624
0.049463
0.054197
0.047548
0.049184
0.049431
0.047607
0.048390
0.049863
0.050931
0.050606
0.051315
0.050756
0.051662
0.049336
0.050902
0.049600
0.050353
0.048404
0.050558
0.052603
0.048918
0.050897
0.051666
0.049243
0.050216
0.049673
0.049639
0.051005
0.049470
0.051019
0.050777
0.051125
0.051636
0.049423
0.052379
0.049653
0.051494
0.048498
0.053225
0.055254
0.053962
0.052699
0.051320
0.050351
0.051622
0.050622
0.051085
0.050912
0.053864
0.050470
0.053171
0.050759
0.050326
0.049915
0.051765
0.050995
0.050066
0.052197
0.052924
0.051478
0.049988
0.050716
0.048851
0.051754
0.052296
0.049168
0.052282
0.053310
0.049498
0.050322
0.051114
0.051426
0.052058
0.051732
0.052160
0.060594
0.052318
0.052975
0.053505
0.051223
0.053372
0.065988
0.052536
0.054847
0.051301
0.052548
0.051823
0.051878
0.053143
0.050262
0.052881
0.050648
0.051831
0.053207
0.052799
0.052629
0.050872
0.052103
0.056980
0.052936
0.054154
0.051696
0.052084
0.054273
0.053690
0.052901
0.056806
0.053751
0.053726
0.080839
0.055473
0.056731
0.054177
0.054062
0.053631
0.053386
0.053939
0.054176
0.052571
0.053941
0.056431
0.053616
0.054346
0.053403
0.054275
0.052743
0.052451
0.062615
0.052414
0.052762
0.054117
0.055382
0.052164
0.053294
0.053066
0.054312
0.053535
0.055256
0.053265
0.052475
0.051778
0.056229
0.054924
0.054834
0.055447
0.059100
0.053574
0.051332
0.052593
0.054433
0.053530
0.053768
0.055036
0.054420
0.054212
0.054220
0.052057
0.053889
0.051777
0.053420
0.052162
0.053645
0.055855
0.054759
0.055221
0.052228
0.052773
0.052410
0.052548
0.056186
0.054887
0.055810
0.054974
0.055491
0.055724
0.053127
0.053606
0.054519
0.056443
0.055288
0.055738
0.054965
0.057362
0.056162
0.056918
0.053560
0.055726
0.056286
0.060989
0.056134
0.056462
0.055514
0.056250
0.055367
0.062187
0.054669
0.055135
0.056957
0.055777
0.054843
0.055344
0.055997
0.055255
0.061361
0.055849
0.055257
0.055971
0.058393
0.055702
0.056187
0.058106
0.057214
0.057139
0.056707
