611	406	614	331
597	409	617	372
572	404	636	376
548	406	627	375
507	397	620	389
482	398	605	375
464	395	593	381
439	393	619	383
427	393	532	382
412	366	509	417
369	310	517	481
341	285	552	523
378	352	507	434
368	345	481	424
374	353	464	425
365	343	439	436
371	324	408	468
375	337	393	449
380	345	380	448
401	344	349	446
419	365	285	374
434	348	224	390
428	339	203	407
433	359	188	376
420	342	207	389
409	358	239	403
428	338	199	410
427	319	201	427
456	350	186	390
473	348	175	396
490	362	160	373
478	369	128	365
464	357	129	373
462	344	123	364
462	335	123	332
467	314	121	356
483	295	111	374
470	297	117	309
469	286	106	316
473	278	96	321
476	307	98	278
482	278	94	304
478	284	95	281
475	280	97	273
473	293	96	248
459	294	105	238
452	289	98	238
447	277	92	247
419	264	113	251
444	264	92	229
470	270	86	232
486	294	81	212
473	287	100	219
435	237	111	264
414	199	115	291
390	164	132	304
388	148	155	294
329	160	318	373
278	163	557	665
410	217	686	727
303	148	368	267
249	144	370	286
206	139	371	271
235	130	311	265
215	132	310	244
201	126	278	248
206	129	249	235
219	137	228	223
212	132	220	231
207	132	224	260
232	133	200	266
232	138	197	288
226	135	150	298
211	140	159	312
219	163	151	290
220	176	147	282
217	190	157	317
229	188	147	353
236	191	153	367
243	201	160	369
242	208	155	393
241	223	162	441
244	253	168	443
253	283	171	442
252	284	191	468
248	282	208	482
307	332	194	418
394	375	156	381
376	378	170	381
368	392	183	388
