356	94	227	287
374	90	212	291
380	81	203	298
378	79	208	300
398	69	183	308
404	59	180	320
386	69	192	311
400	51	179	333
402	55	168	324
397	61	188	328
395	66	212	325
407	67	207	321
437	81	210	312
446	87	201	307
471	84	178	310
496	83	175	309
530	85	165	316
544	69	164	334
545	74	174	346
554	68	181	350
546	80	195	322
539	71	220	329
533	88	191	312
540	88	185	320
544	88	185	345
550	86	183	345
575	77	162	335
581	76	168	334
556	76	184	337
526	75	208	336
529	76	201	342
526	112	237	325
560	196	274	267
554	193	282	257
547	176	289	262
532	199	303	261
554	195	289	273
528	172	304	290
516	190	299	275
505	176	312	291
495	179	330	288
492	174	332	287
492	123	343	329
512	128	330	319
523	88	327	367
542	113	307	349
495	134	352	320
491	115	350	350
503	97	334	367
520	99	311	364
461	115	364	345
501	109	319	356
529	107	301	357
539	75	297	378
502	132	311	315
492	134	310	319
448	143	345	319
365	188	362	279
415	173	256	293
360	191	294	277
342	175	283	292
340	178	256	290
326	175	270	290
302	175	274	288
274	170	282	298
270	167	263	300
247	172	282	296
251	176	294	291
249	164	284	304
254	172	234	296
242	164	225	303
208	163	278	304
202	161	296	306
191	164	317	303
178	164	313	304
173	152	370	316
212	151	366	316
217	139	365	328
