822	265	32	100
823	266	32	99
822	267	36	99
823	266	36	99
825	266	38	101
826	270	37	98
827	275	39	95
824	278	46	93
826	283	47	88
832	284	44	92
829	284	50	94
833	284	50	95
837	288	51	96
841	295	48	103
843	299	45	110
833	304	49	108
823	305	59	106
829	302	51	89
836	307	42	108
824	314	56	102
815	307	46	92
810	296	48	110
791	292	60	107
784	283	72	116
770	276	47	104
757	267	47	111
737	250	62	127
722	243	50	118
706	234	48	116
687	223	37	68
668	220	45	64
651	218	57	55
645	205	34	66
637	197	49	76
629	188	44	89
625	178	40	105
620	194	41	84
625	173	34	68
632	168	29	79
637	163	32	92
651	156	26	58
656	152	31	61
663	150	35	59
670	152	38	57
675	151	52	71
668	145	63	91
693	135	42	89
699	136	45	94
703	138	58	93
708	140	66	94
708	142	63	89
717	146	55	70
721	145	55	84
726	145	59	91
734	150	45	62
742	160	44	53
748	159	39	57
751	163	37	56
751	167	41	56
755	174	39	43
757	170	43	70
755	164	44	62
760	168	36	52
750	171	51	70
758	164	51	76
753	158	63	95
755	166	52	75
751	167	52	64
750	171	46	62
741	156	42	85
726	160	44	69
708	159	63	79
689	153	39	89
817	269	46	102
826	263	51	128
833	263	55	125
841	267	65	134
849	260	54	107
854	252	60	139
857	238	61	136
864	225	40	93
867	221	42	95
868	222	41	102
860	229	48	86
846	226	51	99
841	224	47	105
823	228	43	73
817	226	31	57
794	221	27	69
758	215	44	77
742	228	34	63
742	228	34	63
742	228	34	63
671	196	32	66
671	196	32	66
671	196	32	66
671	196	32	66
671	196	32	66
617	279	52	117
618	284	50	104
612	296	43	102
690	419	50	124
692	407	67	161
707	399	66	157
725	393	74	152
743	394	58	152
608	259	39	146
601	245	40	160
600	240	46	161
599	242	50	158
600	243	48	159
