0.545279
0.029472
0.028502
0.033465
0.032890
0.029734
0.031424
0.030007
0.029873
0.027963
0.028552
0.029240
0.029111
0.030120
0.027122
0.035619
0.033968
0.028521
0.030377
0.034446
0.034380
0.035053
0.030161
0.029414
0.034168
0.029814
0.029863
0.029930
0.029079
0.030018
0.028939
0.028695
0.029837
0.029854
0.028178
0.028166
0.030430
0.030618
0.034639
0.032590
0.035345
0.035399
0.033362
0.034154
0.033815
0.034629
0.035408
0.034991
0.034544
0.033599
0.035252
0.033602
0.033543
0.033410
0.034132
0.033764
0.035839
0.035178
0.033583
0.033049
0.033373
0.032319
0.033442
0.033411
0.042161
0.033086
0.033770
0.031590
0.030948
0.032498
0.033162
0.034359
0.033302
0.033360
0.036473
0.042391
0.039933
0.033296
0.033931
0.033010
0.034240
0.033903
0.033283
0.033296
0.033115
0.033129
0.032662
0.033607
0.033864
0.032483
0.034577
0.032849
0.033284
0.033345
0.034962
0.035596
0.035048
0.033749
0.035333
0.036105
0.036286
0.035615
0.034914
0.036316
0.033933
0.033978
0.034394
0.034664
0.035698
0.035070
0.034637
0.035571
0.035142
0.035059
0.033633
0.033806
