0.534065
0.027972
0.029422
0.031084
0.031029
0.029868
0.031091
0.030571
0.034508
0.032052
0.031769
0.031734
0.033437
0.031677
0.030606
0.061613
0.033692
0.033029
0.034677
0.032468
0.057225
0.046928
0.031739
0.031765
0.033477
0.032140
0.035510
0.033299
0.070280
0.037103
0.034506
0.032827
0.034073
0.034397
0.032461
0.033165
0.033093
0.032225
0.033393
0.034458
0.039925
0.034110
0.033942
0.033368
0.032521
0.032925
0.033200
0.033197
0.036257
0.037242
0.033021
0.033997
0.032102
0.033551
0.032643
0.033832
0.045882
0.034780
0.037705
0.068378
0.032868
0.061095
0.059267
0.035167
0.039605
0.039449
0.033341
0.037430
0.035244
0.045982
0.033053
0.031880
0.032039
0.033916
0.034805
0.034572
0.034903
0.033873
0.034721
0.034914
0.033857
0.034242
0.038317
0.034477
0.034229
0.032703
0.034643
0.034810
0.034097
0.033763
0.034322
0.033805
0.034517
0.034818
0.036326
0.036919
0.046669
0.033995
0.033753
0.036389
0.034326
0.034106
0.033978
0.034690
0.035994
0.034404
0.035817
0.035373
0.064185
0.035547
0.036159
0.036417
0.034975
0.036760
0.042356
0.036548
0.034667
0.035065
0.038074
0.037227
0.034437
