991	286	126	105
982	289	122	97
974	291	124	104
974	301	112	100
966	290	119	103
952	285	126	99
943	284	127	101
942	286	114	104
933	304	116	111
927	312	119	110
922	309	118	106
916	314	114	107
913	320	113	103
909	331	114	101
901	325	120	110
905	338	115	102
896	338	118	115
893	350	114	107
885	351	114	107
890	349	108	105
882	351	114	101
877	342	116	98
874	339	109	100
865	336	110	98
862	338	107	96
852	332	109	98
839	327	114	97
830	323	116	104
824	317	112	106
818	326	115	106
811	327	121	109
800	335	125	107
796	345	124	114
793	361	119	106
784	363	126	106
780	360	122	108
778	352	125	105
771	346	126	113
767	345	115	110
760	344	118	107
752	337	124	107
743	337	123	109
734	337	126	113
723	338	118	113
714	339	120	113
705	335	126	107
690	334	131	111
682	336	128	106
678	334	113	107
667	330	114	108
659	333	115	108
645	334	122	106
639	334	124	104
631	333	116	104
618	332	121	104
609	328	124	107
601	329	128	106
601	326	123	110
595	330	116	108
602	337	106	102
586	334	122	111
561	337	148	106
562	334	143	107
560	334	136	106
568	330	126	108
560	326	139	112
557	323	146	115
556	320	143	117
558	323	134	116
554	327	142	113
550	331	152	112
548	331	159	117
542	326	167	118
537	325	174	121
535	323	183	114
529	319	196	111
519	310	211	117
523	306	216	116
527	309	226	114
528	310	236	115
532	310	247	116
532	313	253	115
530	320	261	116
527	326	277	111
530	325	281	113
532	327	297	113
529	328	304	110
529	326	322	114
521	339	334	104
526	348	336	106
