0.553638
0.015437
0.016214
0.016049
0.016096
0.016681
0.017288
0.020128
0.017313
0.017584
0.017803
0.018013
0.018118
0.017756
0.018072
0.028060
0.017900
0.017937
0.018463
0.018635
0.021041
0.016894
0.016867
0.016909
0.016938
0.018810
0.018406
0.018537
0.018896
0.018590
0.018396
0.018615
0.018609
0.018945
0.019291
0.019153
0.018848
0.028381
0.019112
0.019149
0.024139
0.019422
0.019386
0.019374
0.019564
0.017906
0.017773
0.017868
0.017790
0.017873
0.018142
0.018024
0.018099
0.018159
0.018436
0.017942
0.018003
0.018096
0.018261
0.020112
0.023105
0.018237
0.018293
0.018298
0.018208
0.018383
0.018316
0.018484
0.018529
0.018605
0.018690
0.018703
0.018758
0.018702
0.018837
0.018842
0.018964
0.019267
0.018943
0.019006
0.023988
0.019133
0.019209
0.019230
0.020038
0.019471
0.019348
0.019454
0.019377
0.019401
0.019578
