355	231	169	333
356	235	176	339
330	232	214	335
345	245	162	327
343	232	161	346
347	221	139	347
339	230	140	348
328	210	139	355
321	233	129	349
313	225	124	329
301	237	119	332
277	241	128	328
239	237	163	331
228	237	158	323
199	240	188	321
189	218	174	334
177	234	155	324
172	235	141	333
158	229	140	328
145	227	138	331
149	237	133	323
151	229	134	326
159	233	143	328
177	239	128	315
190	231	134	319
205	222	149	333
231	231	136	341
259	226	116	324
278	232	127	325
300	229	119	340
308	222	129	337
316	233	143	327
317	252	169	320
331	229	177	333
343	234	174	327
362	244	172	326
381	228	164	332
410	240	150	314
434	218	153	332
455	224	161	331
483	223	141	331
497	223	138	332
517	245	124	314
527	232	120	320
523	234	121	321
517	229	122	336
520	226	121	336
513	229	125	337
509	233	130	331
503	232	128	343
506	228	118	329
486	233	130	330
472	220	121	333
458	223	114	331
446	221	110	326
436	237	114	318
419	235	127	315
397	233	142	318
366	222	162	318
359	237	170	328
329	223	192	333
309	232	197	325
302	236	180	306
305	237	153	305
322	237	124	320
312	243	113	318
300	232	127	303
291	237	127	303
281	240	134	292
287	242	116	298
287	241	126	307
283	244	131	302
294	240	117	300
289	241	123	305
303	226	109	297
314	236	103	319
326	231	106	314
329	252	101	303
340	245	117	293
354	240	114	304
360	240	128	309
360	248	154	305
372	236	165	308
390	238	164	313
406	237	165	315
440	236	128	312
450	235	127	312
454	225	129	327
456	234	129	322
448	225	143	323
455	228	135	327
460	228	131	330
460	235	131	334
460	232	137	327
461	230	132	333
464	229	127	319
464	228	125	329
455	222	135	333
436	225	159	326
442	230	153	328
450	225	140	327
470	229	121	319
467	236	116	330
474	233	118	319
460	225	127	328
466	222	117	328
451	220	126	327
463	221	116	316
449	226	124	314
445	229	128	301
443	235	129	293
445	235	126	303
446	231	124	297
429	238	141	283
436	233	131	282
455	238	113	274
454	237	113	286
436	229	131	291
430	240	139	284
445	230	122	288
453	239	115	276
458	233	110	281
460	234	109	282
460	235	109	291
453	229	121	303
463	230	107	295
464	235	106	288
464	237	104	283
468	232	103	289
469	231	103	292
473	238	103	288
469	233	114	296
471	242	116	277
474	234	118	291
484	232	116	298
497	242	107	288
488	238	128	282
505	237	115	284
513	234	107	287
510	247	114	284
514	235	116	283
520	244	115	279
529	238	115	282
544	243	102	286
548	241	93	295
556	235	83	309
555	230	81	315
554	226	79	318
546	228	86	314
541	233	92	309
528	240	108	305
528	237	103	318
511	241	116	317
498	234	127	318
508	245	116	305
498	236	123	311
517	245	111	301
522	237	108	304
521	237	111	305
528	237	93	296
529	241	89	294
527	243	85	292
525	250	83	276
517	240	91	283
500	250	104	278
495	242	106	265
493	250	106	271
490	249	107	272
487	239	118	277
499	246	109	270
520	244	95	272
524	251	105	270
524	251	114	277
518	247	120	271
527	243	87	267
526	243	83	277
521	241	87	275
526	240	85	278
521	241	88	286
526	240	88	288
522	236	89	283
530	236	82	283
527	246	86	275
523	246	95	275
526	239	89	273
526	241	98	285
530	235	95	289
533	235	85	291
526	241	96	283
526	242	98	280
525	238	101	284
517	236	113	290
524	237	117	290
524	238	110	286
515	240	113	284
518	250	112	272
509	242	116	274
517	246	105	276
513	246	106	269
501	240	114	274
483	235	131	275
465	226	151	267
463	252	146	274
464	252	121	255
465	254	129	260
464	249	100	256
457	250	101	253
444	251	121	242
438	252	125	244
422	254	144	240
423	263	147	230
418	269	130	222
420	259	123	228
424	262	107	232
419	263	114	227
424	266	108	229
422	257	112	232
419	263	122	228
427	257	112	227
434	259	111	234
452	248	99	231
465	262	95	234
474	247	93	239
470	254	111	243
486	250	112	234
501	251	126	239
500	246	140	240
521	256	129	237
533	249	120	248
546	245	112	247
567	257	92	252
571	255	103	243
568	264	108	239
584	255	91	244
570	256	103	243
563	255	102	232
553	258	103	244
539	254	104	240
517	255	114	244
516	252	106	240
488	248	114	248
483	244	107	247
467	247	114	250
458	251	109	239
447	246	114	238
447	250	103	232
436	262	104	230
409	254	127	227
397	257	116	241
376	256	132	235
360	265	142	227
335	258	135	240
318	248	130	248
319	248	95	259
313	252	86	256
298	253	95	256
299	251	83	246
301	257	80	243
300	258	78	242
299	253	81	248
299	244	79	246
293	256	87	245
301	254	84	239
306	251	89	235
313	256	92	251
311	245	112	241
323	264	111	235
350	255	90	244
355	250	103	246
364	256	104	249
373	247	96	246
370	248	120	260
369	246	140	242
374	255	141	237
381	259	157	245
398	252	151	249
418	253	133	239
433	251	130	254
451	259	115	250
448	250	123	247
447	249	134	246
447	243	132	261
444	247	127	259
460	244	111	249
448	242	119	263
443	249	122	252
440	247	119	253
437	243	117	248
426	262	121	239
425	256	111	237
415	253	118	243
400	258	131	239
389	254	130	243
365	252	140	250
359	258	125	239
351	256	97	241
337	258	103	245
330	253	99	243
324	251	100	259
321	244	94	248
318	256	99	253
316	252	104	246
319	249	101	251
324	250	91	254
323	249	91	248
322	258	91	242
327	254	82	246
323	248	91	245
320	252	97	250
317	254	98	241
325	258	93	243
324	246	100	246
328	256	98	256
327	246	93	248
327	253	81	246
326	244	81	244
324	255	77	249
319	249	84	249
315	248	84	259
316	237	78	262
313	247	77	263
309	253	78	255
308	246	78	248
303	252	77	263
299	243	77	267
289	249	84	272
285	244	84	261
273	252	96	268
278	245	89	271
283	238	87	275
278	250	98	277
276	250	105	270
275	248	114	272
277	239	101	274
274	249	95	282
268	244	101	274
266	244	98	276
266	242	96	278
261	243	110	277
272	236	88	282
264	234	96	277
263	243	94	285
266	241	90	277
260	233	90	283
244	238	107	284
235	229	113	284
226	233	108	293
223	222	106	284
219	239	113	296
216	240	110	281
208	242	115	277
211	232	103	267
209	245	100	280
188	235	119	284
198	242	107	278
195	244	105	280
200	246	102	275
201	243	104	277
198	241	107	283
215	230	95	276
214	237	98	283
221	236	98	275
218	242	104	262
235	245	93	267
236	248	101	252
229	246	113	262
235	239	111	249
248	254	92	256
248	246	87	261
233	250	97	257
226	244	96	269
234	245	81	266
227	238	83	278
224	238	83	279
220	241	83	278
209	238	98	281
198	242	114	285
208	233	104	291
207	235	110	297
215	233	105	292
196	244	123	291
202	236	108	285
193	231	113	296
207	225	95	284
204	237	90	285
189	239	106	286
197	243	102	285
192	238	106	282
202	246	102	283
187	236	115	283
203	230	103	281
207	234	99	291
197	233	109	290
198	235	106	292
200	236	99	290
204	241	91	284
198	247	95	276
200	232	91	279
203	240	89	283
209	238	78	282
207	237	87	285
197	252	102	271
210	254	90	264
203	235	93	279
194	232	107	283
187	239	111	286
188	238	110	283
178	241	118	281
199	232	102	286
196	251	107	281
212	240	103	286
219	241	87	294
222	238	98	291
219	226	114	299
222	233	116	299
221	221	138	301
234	243	153	288
239	243	155	300
246	249	139	295
250	239	142	309
244	234	161	309
242	237	182	314
242	241	189	313
272	254	168	307
263	244	186	309
282	242	182	314
288	237	186	316
303	238	154	341
307	234	159	336
304	235	161	332
300	228	181	336
280	222	208	339
285	238	199	350
288	228	179	342
287	229	152	331
281	235	151	340
274	240	130	316
260	241	118	322
233	237	142	316
199	231	158	323
167	235	172	325
164	231	140	320
153	230	123	331
131	227	142	332
125	230	133	329
111	230	141	328
107	233	141	327
108	234	145	325
130	228	132	327
148	232	124	316
162	229	129	332
165	229	147	326
191	230	135	320
224	227	115	330
236	229	131	334
248	233	118	333
257	227	120	338
245	233	151	332
257	227	183	327
267	245	193	326
298	237	168	331
311	246	170	322
332	245	161	311
346	236	165	323
374	219	166	328
396	244	164	325
400	233	165	303
420	235	153	315
436	238	147	310
447	243	139	309
455	228	125	316
455	227	124	333
458	229	120	332
451	223	122	341
441	232	128	338
449	234	121	327
447	232	123	335
429	239	138	316
417	235	132	325
397	226	128	322
376	223	136	331
370	234	132	319
364	232	127	315
350	234	136	323
328	234	151	326
316	218	158	323
300	228	167	328
276	238	180	314
284	249	141	303
284	240	132	305
274	236	139	310
263	254	144	297
256	245	148	290
258	233	143	305
252	248	153	308
260	229	154	314
274	234	133	295
276	246	132	315
280	234	135	301
287	245	130	303
295	241	120	301
297	226	131	311
311	233	130	309
315	235	132	317
314	254	152	294
341	251	127	296
349	235	129	306
352	238	149	305
363	236	167	311
388	232	155	315
421	240	134	309
435	235	120	308
450	236	110	312
454	228	110	317
443	232	121	311
449	222	118	326
454	227	117	326
459	227	110	326
454	229	116	329
459	228	110	327
457	224	114	329
463	226	111	321
459	232	114	324
442	225	131	328
434	220	140	317
428	223	142	328
453	226	116	327
459	227	107	317
452	234	118	323
461	229	112	311
458	232	110	321
456	228	110	317
447	230	123	317
448	221	119	304
458	234	110	301
454	237	108	296
453	234	107	294
440	238	118	288
439	241	122	282
425	240	138	279
442	241	120	275
436	244	121	268
451	245	105	260
431	246	125	276
430	247	128	268
446	241	109	269
447	238	110	280
445	248	113	265
452	247	104	269
453	245	103	281
459	234	97	287
464	241	88	292
463	237	91	277
463	235	91	277
458	236	99	278
462	231	96	278
464	240	103	281
466	236	115	285
476	231	116	276
490	244	108	285
488	231	118	282
494	242	113	284
500	241	109	274
492	237	123	286
495	238	124	277
500	235	122	280
508	242	116	270
508	246	120	264
520	246	109	274
520	249	110	270
529	243	106	290
531	241	99	300
531	238	98	293
524	239	107	292
525	236	102	304
521	239	109	299
511	236	116	304
503	233	116	312
506	240	116	306
503	235	120	305
500	245	117	303
504	236	113	305
505	240	114	305
512	239	113	294
515	242	113	292
509	236	109	293
514	242	101	290
512	235	96	286
504	236	107	283
499	249	111	264
490	243	107	271
487	241	109	268
487	249	109	261
491	245	102	259
494	248	102	267
504	240	90	267
514	239	89	278
517	243	97	278
513	244	111	274
514	249	105	263
506	245	98	268
511	238	90	273
513	241	87	275
517	242	82	276
515	241	84	276
518	239	81	280
518	243	86	272
518	246	92	268
517	247	96	272
519	241	92	272
525	235	88	283
520	234	96	282
519	234	100	285
512	243	110	280
521	238	102	279
519	236	104	278
516	237	107	284
513	229	110	289
513	232	111	292
510	240	109	287
500	242	114	268
498	250	109	274
496	244	118	276
494	247	103	273
487	236	102	280
483	250	99	273
474	248	103	271
468	244	97	280
460	246	97	272
449	248	106	270
445	237	107	286
425	243	127	284
417	238	137	283
418	250	135	276
427	245	118	281
425	233	127	293
429	236	123	292
422	234	135	286
435	237	122	292
439	241	125	291
452	241	118	294
459	232	114	298
453	241	119	296
458	236	109	288
451	240	118	296
459	242	115	293
463	236	112	280
463	249	114	274
471	233	107	282
469	241	109	277
467	235	101	284
457	240	114	282
441	246	128	259
436	240	121	265
429	258	117	263
426	249	106	250
428	260	92	251
425	254	90	259
410	257	113	252
404	253	108	242
398	253	99	247
380	255	118	241
374	253	130	238
373	249	101	243
372	260	105	235
371	255	110	239
370	264	109	237
372	256	111	241
373	259	112	234
362	262	128	229
369	262	122	223
