586	439	87	68
591	440	89	70
596	448	89	59
604	449	84	59
605	447	83	61
601	445	82	62
604	444	80	63
594	442	86	62
594	440	83	62
587	436	86	65
581	434	91	68
573	431	97	64
568	430	98	65
563	429	105	67
558	430	108	65
552	429	108	65
558	427	102	67
556	423	97	67
552	421	97	67
548	416	94	63
554	411	86	69
550	411	83	61
547	411	82	62
546	406	84	71
547	406	80	65
544	402	83	67
543	401	87	66
546	399	84	66
546	396	88	67
553	391	83	69
553	387	86	71
556	377	86	76
560	377	83	72
567	374	84	72
567	372	86	74
571	366	87	69
580	363	85	72
589	358	83	76
596	357	83	72
608	351	85	73
617	348	82	74
623	339	81	81
628	339	80	77
631	342	84	76
634	340	85	78
638	347	86	72
646	346	84	76
651	347	88	75
657	349	92	78
660	356	96	74
662	356	94	76
665	362	93	75
664	363	90	74
663	367	84	72
665	366	79	76
658	375	83	69
659	375	78	70
651	377	82	74
652	381	79	72
648	383	79	76
644	387	80	75
637	389	82	79
630	399	85	75
625	403	81	72
624	405	79	72
620	411	78	68
619	413	77	67
613	416	79	70
611	425	79	59
610	420	77	65
607	416	80	69
602	416	83	65
599	417	82	63
592	406	88	68
589	401	88	70
584	395	90	76
583	392	87	75
582	389	85	74
581	387	84	77
586	383	83	76
582	384	84	73
582	383	81	72
580	383	84	72
580	379	86	76
581	379	87	75
583	371	86	77
581	365	89	82
580	364	88	76
584	357	87	79
588	352	86	76
588	353	81	72
589	347	84	74
592	349	80	71
592	347	85	71
591	344	83	71
587	334	83	76
584	337	87	73
579	327	90	75
577	327	89	70
577	317	94	73
