0.552490
0.017193
0.019616
0.018542
0.019579
0.018007
0.020571
0.019450
0.018168
0.018075
0.018324
0.018201
0.018242
0.021069
0.021238
0.019543
0.020858
0.021327
0.019696
0.019827
0.023380
0.019932
0.021726
0.018815
0.019012
0.019140
0.017932
0.017838
0.019090
0.019053
0.021694
0.021393
0.021625
0.021503
0.021569
0.019972
0.021763
0.020325
0.021982
0.020389
0.026920
0.020347
0.019527
0.020425
0.021826
0.019917
0.021403
0.023016
0.025044
0.023511
0.022002
0.020722
0.022554
0.021984
0.021971
0.020497
0.022086
0.020671
0.022144
0.022331
0.027711
0.022629
0.022522
0.021361
0.023224
0.021348
0.022903
0.021360
0.019120
0.020409
0.023252
0.023205
0.024155
0.019464
0.020467
0.020743
0.020586
0.020586
0.023330
0.023648
0.028819
0.021624
0.022029
0.023262
0.023780
0.019588
0.020780
0.021965
0.021589
0.021325
0.021495
0.019798
0.021133
0.021071
0.021212
0.023861
0.022190
0.022378
0.022623
0.023865
0.028718
