64	219	235	180
61	217	242	178
60	212	244	182
69	211	230	175
77	211	212	173
78	242	219	134
72	201	222	165
74	196	184	165
59	208	158	156
3	212	177	144
7	205	190	144
7	203	198	142
4	201	204	141
-2	199	219	160
13	205	198	160
22	217	191	145
29	225	179	144
9	216	203	148
9	211	201	142
22	199	177	151
13	196	179	156
4	193	180	156
0	192	178	156
3	195	167	144
2	202	164	126
10	203	149	116
9	206	146	115
33	212	132	113
46	219	124	110
54	226	115	110
52	229	114	108
67	234	111	107
77	236	114	107
68	222	133	121
60	214	139	132
64	210	128	133
74	206	124	142
80	203	119	149
75	207	118	151
80	189	101	168
80	190	102	164
76	188	119	167
80	189	134	168
92	185	130	166
82	181	144	172
77	175	153	167
64	177	165	165
61	168	189	173
54	177	202	152
33	177	234	151
30	165	258	157
30	163	262	153
37	169	260	143
37	162	275	148
57	169	276	147
72	175	277	145
64	195	296	139
66	197	337	152
67	208	354	154
67	213	355	161
67	227	361	157
71	224	357	154
78	246	357	135
82	248	375	127
73	241	394	137
69	246	388	128
66	243	385	131
67	236	391	131
61	231	394	129
52	232	408	130
51	232	393	134
61	233	378	127
44	241	391	131
37	248	382	111
50	229	389	129
42	215	431	139
44	208	477	153
33	205	493	154
34	196	486	167
35	220	496	146
33	236	497	147
34	243	480	147
40	254	476	143
44	252	473	148
45	249	473	144
44	244	483	145
37	227	501	151
27	213	495	155
28	202	488	167
24	194	504	170
31	189	508	168
14	181	538	167
25	191	546	171
28	183	528	176
26	203	547	168
32	228	542	161
26	220	531	165
30	237	522	153
22	237	528	151
59	240	493	138
53	231	493	131
85	225	461	131
95	209	436	151
110	217	400	149
110	220	386	138
111	230	373	134
117	231	353	140
118	233	361	134
123	253	377	116
123	257	325	109
