0.563702
0.019631
0.019533
0.018112
0.019246
0.019218
0.019011
0.020271
0.018955
0.019105
0.019064
0.020115
0.018823
0.018993
0.019024
0.019059
0.020297
0.020045
0.019004
0.019125
0.021633
0.019413
0.020535
0.019253
0.019170
0.019279
0.019788
0.020859
0.020667
0.019203
0.019349
0.019757
0.019521
0.020588
0.019393
0.020609
0.019577
0.019690
0.019886
0.021253
0.025040
0.020056
0.021250
0.019994
0.021152
0.019827
0.019936
0.020230
0.020342
0.021941
0.022090
0.022546
0.020831
0.020889
0.020779
0.020805
0.022157
0.021747
0.022165
0.022463
0.027131
0.020938
0.020677
0.020545
0.020834
0.022632
0.021162
0.022594
0.022331
0.021256
0.020819
0.020762
0.020880
0.021143
0.021073
0.021070
0.020913
0.021095
0.021014
0.021169
0.026363
0.021315
0.021409
0.021248
0.022568
0.022572
0.021355
0.021406
0.021326
0.021372
0.021445
0.021466
0.021556
0.021611
0.021964
0.023410
0.023111
0.021778
0.021734
0.022022
0.027084
0.021929
0.022031
0.022104
0.022213
0.022239
0.023779
0.022213
0.023937
0.023845
0.022183
0.022304
0.022535
0.022556
0.022656
0.024118
0.024318
0.023884
0.022277
0.022169
0.028409
0.022484
0.023644
0.022356
0.023646
0.023636
0.023701
0.023740
0.023758
0.023760
0.023859
0.022684
0.023933
0.023771
0.023694
0.022664
0.024026
0.024045
0.024115
0.024015
0.027710
0.022738
0.024022
0.024054
0.024215
0.024230
0.022899
0.024611
0.023212
0.023202
0.023261
0.023200
0.024715
0.024643
0.024601
0.023334
0.024794
0.023403
0.024870
0.024984
0.028439
0.024693
0.024834
0.024839
0.023422
0.023476
0.024865
0.023685
0.025000
0.025062
0.025022
0.025258
0.025204
0.023931
0.023977
0.025287
0.024006
0.025206
0.025204
0.025432
0.030396
0.025505
0.025594
0.024428
0.025592
0.025671
0.024256
0.025576
0.024517
0.024537
0.026171
0.024812
0.024704
0.025931
0.024451
0.025868
0.025973
0.024461
