0.686632
0.017087
0.016760
0.015763
0.015688
0.016841
0.018311
0.017188
0.017190
0.018283
0.017178
0.017359
0.017257
0.018410
0.017374
0.017389
0.018777
0.017469
0.017495
0.017317
0.019660
0.017309
0.017330
0.017528
0.017499
0.017498
0.017498
0.018678
0.017923
0.018952
0.019207
0.017962
0.017803
0.019294
0.017993
0.018071
0.019126
0.017948
0.018120
0.019310
0.024207
0.018200
0.018315
0.018182
0.018947
0.020421
0.020340
0.019032
0.020554
0.019034
0.020145
0.020149
0.020353
0.020321
0.020495
0.020382
0.020574
0.020586
0.019150
0.020548
0.025485
0.020685
0.020586
0.020788
0.020682
0.020866
0.020855
0.020803
0.021032
0.021014
0.021165
0.021177
0.021080
0.021025
0.019720
0.020983
0.021191
0.021083
0.021180
0.020162
0.024910
0.021254
0.020036
0.021624
0.021559
0.020161
0.021643
0.021673
0.021648
0.021646
0.021655
0.021830
0.021864
0.020670
0.021902
0.021880
0.021958
0.021605
0.020248
0.020271
