0.570846
0.019615
0.019146
0.019207
0.017742
0.019093
0.018794
0.020367
0.018864
0.019002
0.019236
0.019120
0.019116
0.018844
0.020251
0.020756
0.019211
0.020794
0.020820
0.020603
0.022780
0.020588
0.019076
0.019098
0.019107
0.020460
0.020509
0.020694
0.020961
0.021052
0.020992
0.019610
0.021240
0.019869
0.019770
0.019938
0.021670
0.020094
0.020153
0.019978
0.024825
0.021543
0.020168
0.020295
0.020255
0.022022
0.021980
0.020509
0.020337
0.021742
0.021793
0.020209
0.020300
0.020445
0.020283
0.021880
0.022097
0.020756
0.022391
0.020639
0.026769
0.022388
0.018649
0.019753
0.020853
0.020738
0.020648
0.018607
0.018723
0.020095
0.020058
0.020129
0.020169
0.020071
0.020340
0.020501
0.020402
0.020685
0.019106
0.019124
0.025634
0.020626
0.021146
0.020902
0.021161
0.018751
0.018912
0.018903
0.018954
0.019120
