0.554968
0.015749
0.016225
0.016206
0.016151
0.016145
0.017142
0.017264
0.017443
0.017360
0.017351
0.017418
0.017520
0.017420
0.017612
0.016757
0.017684
0.017694
0.017654
0.017592
0.020073
0.017762
0.017922
0.017815
0.016690
0.017755
0.017980
0.018172
0.018162
0.018215
0.018243
0.018200
0.018291
0.018249
0.018528
0.018450
0.018481
0.018471
0.018559
0.018610
0.023664
0.018556
0.018777
0.018667
0.018744
0.018751
0.018660
0.019103
0.018818
0.018808
0.018733
0.018890
0.018914
0.018872
0.019107
0.019006
0.019205
0.019150
0.019284
0.019175
0.024304
0.019451
0.019385
0.019223
0.018112
0.019402
0.019304
0.019490
0.019539
0.019460
0.019448
0.019567
0.019465
0.019551
0.019592
0.019736
0.019987
0.019586
0.019767
0.019717
0.024671
0.018635
0.019842
0.019847
0.020077
0.020116
0.020099
0.020035
0.020158
0.020193
0.020241
0.020283
0.020440
0.020388
0.020427
0.020294
0.020374
0.020394
0.020436
0.020514
0.025503
