296	175	95	203
302	179	98	205
305	180	103	203
306	179	115	212
308	172	111	217
311	176	111	214
311	176	113	206
305	172	117	217
302	178	114	204
299	181	112	203
293	183	109	197
290	186	107	196
288	186	114	192
289	191	106	188
292	190	102	187
294	190	110	185
300	190	115	189
305	191	116	187
308	186	116	191
309	179	116	195
317	175	108	200
315	171	108	202
309	170	114	203
304	166	118	225
302	167	115	240
301	166	114	242
298	163	121	245
290	166	127	247
290	169	122	248
284	170	125	249
284	169	127	248
288	167	123	248
292	167	113	239
297	171	111	220
299	173	126	209
302	180	131	203
305	179	133	205
304	186	134	202
305	189	136	195
310	186	119	199
312	192	122	190
309	194	127	189
309	195	143	191
306	191	163	193
306	201	156	185
305	202	151	191
308	207	132	186
310	215	129	178
307	226	128	169
302	239	151	158
300	251	152	146
295	269	169	135
281	290	183	117
274	304	186	93
273	311	184	84
274	316	193	87
276	318	178	79
272	315	161	72
279	316	158	82
301	313	142	94
302	310	143	102
299	311	135	78
303	310	127	81
303	312	125	77
305	315	113	81
302	314	110	78
295	315	131	76
295	314	135	84
293	316	143	78
291	317	148	78
295	316	142	80
299	319	149	77
306	323	149	73
314	325	151	67
320	330	163	74
331	333	145	71
327	334	153	68
328	332	162	70
329	327	178	76
335	327	193	75
350	328	201	76
359	330	206	77
369	333	203	77
379	335	198	74
391	336	192	72
395	333	192	75
400	332	191	74
398	333	204	71
400	333	206	77
403	335	218	74
400	335	238	73
401	331	251	80
393	332	263	82
380	331	278	82
383	328	279	83
377	334	298	75
399	334	284	74
419	332	271	77
414	335	284	75
427	337	286	72
