0.563748
0.016112
0.015507
0.014472
0.015561
0.015561
0.016612
0.016366
0.016620
0.016595
0.016345
0.019492
0.016760
0.016695
0.026202
0.016759
0.016730
0.016720
0.017112
0.016743
0.019674
0.017204
0.017411
0.017487
0.017471
0.018294
0.017542
0.017571
0.017703
0.017650
0.017677
0.021132
0.017875
0.018274
0.017922
0.017800
0.017611
0.017760
0.018034
0.017714
0.022678
0.017794
0.018557
0.017855
0.017874
0.018882
0.018075
0.021366
0.027519
0.018075
0.018036
0.018071
0.018001
0.018032
0.018251
0.018394
0.018404
0.018469
0.018422
0.018342
0.023374
0.018406
0.018504
0.018473
0.018616
0.018698
0.018540
0.018624
0.018630
0.018782
0.018734
0.018758
0.019042
0.018983
0.018841
0.018694
0.019019
0.021026
0.019252
0.021670
0.023829
0.018810
0.019057
0.019193
0.019435
0.019338
0.019429
0.019469
0.019465
0.019272
0.019319
0.019640
0.019613
0.019534
0.019799
0.019728
0.019621
0.019610
0.019718
0.019508
0.024628
0.019828
0.018422
0.019727
0.019903
0.020047
0.020010
0.019912
0.019885
0.020213
0.019861
0.020051
0.020056
0.020623
0.020857
0.020758
0.021054
0.020876
0.020766
0.020538
0.025611
0.020774
0.020811
0.020846
0.021064
0.020840
0.030450
0.021051
0.021140
0.021241
0.021041
0.021070
0.023915
0.021282
0.021250
0.021052
0.021303
0.020996
0.021145
0.021436
0.035735
0.021410
0.021258
0.030724
0.021294
0.021411
0.021535
0.021424
0.021471
0.021603
0.021582
0.021557
0.021580
0.030891
0.021579
0.021740
0.021793
0.021873
0.022089
0.021643
0.026752
0.021771
0.021755
0.021883
0.022197
0.021791
0.021876
0.022165
0.022045
0.021995
0.022045
0.022022
0.022143
0.021874
0.022397
0.022159
0.022413
0.022416
0.022321
0.022137
0.027241
0.022230
0.022336
0.026715
0.022495
0.022608
0.022377
0.022619
0.022561
