0.587163
0.019150
0.018146
0.016764
0.016690
0.017721
0.017605
0.017814
0.017688
0.018781
0.018864
0.017669
0.017811
0.018760
0.017830
0.018864
0.018006
0.017764
0.019183
0.018150
0.021614
0.018117
0.018160
0.018159
0.018185
0.018301
0.018266
0.018369
0.019468
0.019606
0.018325
0.019153
0.019924
0.018686
0.019949
0.019829
0.018844
0.019047
0.020427
0.020587
0.025534
0.020833
0.019579
0.020576
0.019317
0.020543
0.019433
0.020581
0.019509
0.019413
0.020897
0.019638
0.020822
0.019737
0.019695
0.019626
0.021124
0.020005
0.019869
0.021101
0.024832
0.021338
0.021526
0.021351
0.021328
0.019910
0.019638
0.019782
0.021174
0.019907
0.021570
0.020175
0.021673
0.020283
0.021887
0.021851
0.021990
0.021821
0.021806
0.021740
0.026697
