537	225	199	422
564	218	173	433
575	225	152	431
580	233	146	437
581	226	143	449
573	222	166	444
580	225	151	428
590	219	148	435
584	223	145	428
573	225	162	423
571	217	158	425
581	223	151	442
556	216	187	454
556	210	177	425
549	221	198	420
555	215	183	395
574	215	152	401
570	216	148	417
577	213	135	429
565	216	161	420
556	219	169	390
557	227	174	377
570	229	159	366
568	214	147	374
571	222	143	357
561	235	161	376
540	235	197	389
565	231	181	386
596	238	156	358
597	238	143	346
600	240	144	339
592	240	141	322
590	232	144	325
577	233	146	337
573	228	139	334
556	228	155	334
557	236	153	334
544	229	163	337
537	227	162	340
532	230	149	347
502	239	158	345
461	234	180	345
458	240	168	350
422	231	175	357
394	236	186	336
381	237	176	344
375	224	170	353
353	233	179	349
358	223	156	343
349	229	155	351
336	233	167	351
327	229	154	357
321	216	150	357
312	225	138	356
297	225	147	366
289	223	157	363
297	222	160	353
293	220	178	329
314	234	167	321
318	226	179	339
325	220	185	351
352	225	143	358
376	231	111	347
384	236	135	333
404	223	132	336
397	233	168	342
423	236	163	341
432	235	170	344
460	233	155	330
490	229	146	343
528	233	117	327
542	239	119	335
555	237	121	334
567	239	148	339
579	238	154	339
575	222	175	360
592	214	166	357
622	219	143	370
649	216	124	363
655	221	122	359
654	221	158	362
656	218	165	366
651	219	183	367
647	218	193	378
669	219	202	393
671	222	144	405
680	210	144	405
699	216	117	405
697	230	117	390
690	228	141	416
694	222	140	448
695	228	140	426
696	222	137	450
699	228	132	425
698	226	141	441
693	228	140	433
690	228	159	463
699	232	154	449
703	237	161	460
716	227	152	466
727	229	169	462
736	215	171	473
751	212	187	494
753	220	191	488
758	210	181	496
754	207	180	517
711	212	223	521
706	206	207	514
669	214	209	500
649	208	218	491
638	214	238	503
635	226	212	488
631	216	213	496
609	210	228	482
614	216	208	481
610	224	224	479
621	217	191	469
640	210	167	478
654	211	160	469
652	217	170	450
663	219	168	459
659	219	223	459
647	220	224	445
645	228	238	449
639	227	196	450
628	231	180	452
594	228	202	461
601	231	190	456
628	221	154	469
637	221	139	460
642	225	138	438
650	223	146	452
665	226	134	459
683	223	122	452
697	209	112	451
693	211	138	455
694	215	148	437
686	226	163	430
685	227	170	424
692	217	153	404
683	219	163	400
690	222	153	392
695	225	132	384
687	222	137	391
698	218	110	369
690	227	139	349
686	239	157	337
669	244	156	318
672	240	133	321
662	243	131	317
648	243	129	314
638	238	122	310
628	230	130	328
621	238	127	319
618	239	135	335
617	242	127	327
629	247	115	338
635	238	107	343
649	238	98	343
654	239	96	340
654	239	107	332
656	241	109	338
654	243	106	336
658	243	99	322
648	246	105	316
629	240	121	322
609	230	127	327
598	241	128	318
585	227	131	325
576	220	153	339
561	234	156	335
558	227	153	336
562	228	150	343
567	227	144	346
569	230	148	357
573	223	144	363
586	229	143	364
604	227	143	376
608	231	135	373
624	232	116	368
637	224	109	372
644	228	117	368
653	231	121	367
657	224	122	381
660	218	122	386
673	221	130	389
679	220	148	370
699	232	147	365
722	231	166	358
750	237	175	359
771	231	178	352
781	231	163	343
786	235	157	361
785	222	179	368
814	222	164	370
821	221	177	381
829	227	175	368
830	212	164	380
842	226	161	368
845	214	141	371
834	225	156	371
836	214	153	382
842	227	139	381
822	235	172	370
816	244	164	374
793	221	169	391
780	221	185	390
763	218	184	383
752	217	179	383
729	218	187	391
697	225	195	387
692	214	168	399
703	227	200	384
672	220	208	372
633	228	223	373
623	230	172	360
586	229	181	367
581	224	173	356
565	246	160	348
555	239	157	338
543	245	152	338
527	242	150	348
505	240	158	340
496	239	155	325
495	238	152	347
499	231	133	352
508	235	135	352
493	234	157	351
483	235	180	352
507	236	143	371
509	230	143	364
529	232	116	375
528	235	135	370
521	234	144	400
526	235	148	409
528	227	130	432
513	230	148	438
516	233	134	422
521	226	133	437
507	231	145	424
510	232	154	445
511	222	152	446
523	229	144	448
521	224	152	443
527	216	146	463
532	218	144	458
528	218	142	471
519	220	146	477
524	227	141	468
513	214	150	465
515	220	146	463
514	220	149	453
522	219	145	457
508	217	176	447
525	220	160	433
534	214	152	440
530	211	158	445
526	217	183	415
541	224	175	424
560	214	143	416
563	209	137	396
552	216	158	379
564	227	147	359
570	227	137	378
565	241	148	362
573	245	141	354
588	244	125	345
578	233	151	349
593	235	139	346
600	212	136	345
599	227	142	345
603	225	143	355
604	217	158	353
623	230	141	337
622	225	140	342
631	227	146	341
645	225	138	339
660	236	138	339
676	243	127	335
675	243	142	328
702	239	147	332
723	243	154	334
736	234	177	340
754	230	197	354
770	226	198	343
798	234	184	339
801	229	189	338
809	232	189	331
821	230	192	345
855	224	172	353
878	226	160	345
896	234	137	332
869	233	181	337
897	237	168	326
911	244	183	317
934	234	160	324
954	248	163	319
978	242	152	307
1010	255	130	309
1015	246	133	318
1033	236	122	346
1043	251	134	337
1049	257	141	337
1036	252	157	344
1035	258	137	325
1021	247	136	346
1020	250	131	352
997	243	143	371
982	239	133	362
953	251	142	369
924	240	149	356
911	249	150	339
897	242	156	338
891	245	152	336
870	235	169	340
898	266	124	311
889	251	135	339
888	243	148	340
899	231	145	353
903	242	139	348
887	242	148	341
882	241	141	346
861	233	148	354
845	222	166	367
824	227	174	350
811	230	160	348
807	235	143	340
788	236	145	334
777	228	137	341
742	236	151	337
728	237	149	342
689	236	176	337
703	233	133	360
673	242	152	327
658	235	155	334
618	238	178	337
594	229	180	336
575	240	175	340
567	239	153	331
573	239	139	337
556	243	130	330
530	245	135	339
517	247	130	349
517	242	119	358
514	234	120	353
524	234	118	345
512	235	131	360
519	234	123	345
522	237	123	352
513	233	134	341
520	247	124	322
512	247	132	314
505	246	131	306
501	247	131	323
476	239	133	321
441	243	164	319
425	235	174	344
440	228	155	369
460	237	142	354
457	242	144	336
443	237	175	354
423	224	177	354
425	226	217	360
471	235	194	351
509	231	161	367
515	238	175	349
526	236	177	361
557	239	144	354
575	247	168	349
599	238	143	345
602	230	145	360
613	220	139	363
617	233	128	358
618	231	132	347
630	235	119	354
632	248	117	341
625	233	121	340
631	236	109	348
621	233	123	344
620	232	114	353
616	235	121	320
625	236	106	316
606	242	124	306
604	230	129	315
616	237	117	326
622	239	109	313
623	248	96	279
624	250	87	275
626	251	87	271
618	244	94	285
622	246	89	283
606	246	104	283
609	250	107	282
616	242	99	278
624	249	97	277
624	250	105	265
623	247	109	277
613	241	116	281
608	232	115	290
612	228	114	303
616	230	105	313
623	237	97	319
629	244	98	318
626	232	107	326
628	233	103	328
612	237	128	322
610	230	119	335
618	224	107	354
610	232	109	352
593	241	129	349
594	247	132	346
599	241	130	345
601	252	130	352
617	241	127	370
625	232	136	397
633	231	147	400
643	217	166	410
657	224	159	408
651	226	193	393
657	223	191	406
690	229	163	407
696	226	166	387
719	221	158	387
739	221	151	379
754	227	176	389
772	235	206	368
775	241	237	366
795	242	240	368
841	224	209	376
883	215	174	402
894	218	180	384
922	226	169	370
929	233	159	380
951	230	148	371
961	238	139	369
970	230	143	366
971	235	157	366
987	241	142	362
987	245	147	358
988	232	138	370
983	223	137	387
979	218	137	391
968	217	140	398
961	218	154	392
953	229	139	377
945	223	134	388
926	224	126	386
905	218	135	391
877	221	147	379
859	223	151	355
828	226	171	372
786	237	188	360
781	226	174	366
767	229	173	347
750	224	174	338
720	227	187	358
711	226	189	378
673	239	228	365
652	248	210	350
651	230	168	366
632	235	142	366
613	219	154	364
615	232	128	359
608	222	117	361
602	225	117	358
594	227	138	366
597	221	128	370
583	228	148	369
590	220	144	352
594	250	130	332
572	245	153	337
564	244	173	345
554	249	163	325
547	251	147	318
559	244	145	328
550	244	177	319
550	242	178	302
545	242	189	285
540	244	219	275
539	248	214	279
533	245	208	287
523	244	213	281
541	251	173	270
539	255	175	265
536	251	194	265
510	249	214	268
478	251	228	263
497	257	219	253
506	254	175	247
506	250	152	247
504	251	147	226
531	255	131	240
508	246	168	252
529	253	153	219
568	253	125	223
573	255	132	225
586	257	125	237
585	255	126	246
569	255	140	236
627	263	116	250
634	253	90	279
628	248	88	284
625	255	92	280
623	253	94	287
624	247	90	292
611	249	100	295
597	247	115	303
592	238	124	309
588	251	127	290
595	245	126	271
632	241	112	307
619	249	139	303
621	246	139	305
614	250	123	304
601	240	124	312
590	233	133	323
587	231	122	316
580	228	120	328
565	230	124	331
571	231	122	328
570	222	114	345
557	222	131	347
546	233	147	365
552	230	146	358
548	225	155	374
542	234	163	365
527	224	163	378
558	229	125	397
564	222	116	397
543	225	149	393
529	242	168	392
526	226	193	399
550	223	155	420
562	222	156	424
573	212	160	422
585	226	152	435
603	213	138	422
595	230	155	408
601	239	143	380
579	250	156	365
576	249	154	376
558	239	156	356
549	240	145	355
540	237	155	362
530	245	164	365
523	241	149	363
526	231	167	368
525	230	148	380
539	243	143	372
540	234	165	401
544	234	175	380
577	228	137	380
590	222	139	383
596	224	142	394
602	231	144	380
608	232	143	365
606	223	149	371
603	229	140	382
607	231	136	369
624	228	123	364
616	237	126	331
585	244	165	313
556	240	198	312
541	240	190	285
572	241	180	295
605	248	137	311
610	251	124	305
607	240	120	320
601	243	119	326
593	237	110	330
572	242	119	327
534	234	141	340
500	232	149	339
482	234	139	330
461	236	143	336
436	231	158	341
407	225	176	355
403	230	184	351
382	222	193	355
385	230	148	354
376	232	138	345
364	230	141	344
352	228	154	357
351	224	159	360
351	223	156	360
349	225	154	356
334	236	170	335
326	231	173	343
350	240	153	334
354	228	163	346
392	226	136	341
409	223	136	334
420	229	138	327
444	232	135	342
449	232	159	340
454	221	172	345
491	224	150	358
513	235	135	346
520	233	147	350
530	227	162	353
529	225	200	355
545	238	201	353
586	232	164	356
616	246	142	349
622	239	164	348
628	239	201	353
660	230	175	364
673	236	141	343
664	232	151	346
682	236	136	351
684	235	134	347
686	228	128	353
676	243	133	333
672	242	128	333
668	254	119	312
666	249	105	307
653	253	103	306
659	252	96	306
650	253	101	302
652	244	100	305
650	239	101	300
662	249	91	295
667	244	89	289
652	246	102	286
648	241	111	291
663	241	103	290
657	256	121	267
658	255	108	256
672	248	95	258
680	254	73	259
675	254	71	255
664	255	87	249
665	259	93	247
678	262	89	253
679	247	95	254
686	246	95	267
688	249	93	269
695	242	92	277
689	250	103	272
689	245	106	277
686	238	114	286
690	225	120	304
684	238	130	301
686	228	140	321
688	233	123	323
683	225	137	331
681	219	135	331
679	229	139	349
675	223	145	352
674	245	143	337
663	233	171	345
670	220	173	372
674	222	134	362
649	220	126	352
636	230	149	350
639	228	145	353
653	214	135	371
650	220	121	379
643	214	119	374
642	215	115	381
636	216	124	370
