0.563154
0.015500
0.015811
0.015593
0.014812
0.015645
0.016671
0.016852
0.016922
0.016883
0.026430
0.018403
0.017140
0.017061
0.017094
0.017174
0.017152
0.017343
0.017311
0.017247
0.019637
0.017480
0.017477
0.017401
0.018647
0.017898
0.017409
0.017483
0.017467
0.017446
0.017550
0.017465
0.017599
0.017638
0.017639
0.017702
0.017777
0.017866
0.017972
0.018117
0.023128
0.018312
0.018362
0.024683
0.018254
0.018191
0.022427
0.018321
0.018353
0.018334
0.018414
0.018988
0.018300
0.020967
0.018351
0.018546
0.020545
0.018685
0.028375
0.022255
0.024501
0.018070
0.019513
0.020785
0.028783
0.022546
0.019401
0.019585
0.019850
0.019889
0.021229
0.019891
0.019805
0.029118
0.019768
0.019541
0.019525
0.019379
0.019330
0.019207
0.024397
0.019319
0.019056
0.019247
0.019200
0.019331
0.019381
0.019350
0.029025
0.019573
0.019653
0.019654
0.019769
0.019834
0.019911
0.019881
0.019932
0.019918
0.020003
0.019975
0.024925
