488	112	424	467
478	114	438	462
476	135	432	445
482	138	430	431
526	143	386	415
511	129	413	436
512	125	411	431
524	126	394	443
478	131	434	459
511	144	385	441
489	147	405	454
484	130	388	459
444	129	415	461
450	132	402	480
416	134	424	503
403	154	440	424
405	150	453	433
410	134	455	441
412	126	441	456
409	116	442	477
399	123	444	468
423	121	409	461
405	132	424	479
433	125	396	471
425	129	427	437
425	118	449	482
436	127	438	461
485	137	421	434
482	140	435	416
464	131	466	420
474	135	477	422
481	132	482	451
516	115	435	452
513	126	424	436
491	125	443	435
472	127	455	454
471	126	447	458
460	115	454	468
492	109	423	491
490	111	419	490
511	124	395	485
488	143	435	443
456	149	467	443
491	144	457	434
517	137	450	436
497	135	443	460
506	134	425	475
521	150	394	449
504	144	406	452
509	128	399	462
487	140	421	447
504	131	408	480
496	132	426	474
459	142	464	449
466	148	457	441
447	143	474	458
457	149	458	437
484	129	447	464
468	124	487	471
469	123	470	480
495	131	444	501
487	135	450	490
488	130	448	483
502	129	440	492
485	118	464	518
476	130	462	513
480	133	453	508
467	135	477	475
452	131	507	466
472	125	487	490
475	122	489	512
444	111	505	520
462	106	476	533
424	119	511	529
428	125	503	520
441	122	476	510
445	101	480	550
389	95	557	566
401	99	561	543
386	101	582	541
401	97	578	535
431	103	567	566
484	100	524	531
475	90	520	559
455	92	533	550
460	87	538	514
460	87	546	548
452	91	546	556
445	93	562	558
437	86	560	540
437	83	544	542
411	83	570	560
388	93	586	541
395	108	604	546
409	114	592	517
422	100	586	526
467	106	527	524
417	90	565	538
449	81	522	517
438	98	552	517
