603	281	160	287
640	290	113	278
646	290	110	269
646	294	102	267
653	287	94	274
659	293	85	275
663	294	84	273
659	295	89	275
656	292	91	272
650	287	97	277
630	288	121	274
635	278	124	285
628	285	134	290
638	287	115	291
634	281	115	295
626	290	115	280
620	285	116	283
627	284	112	283
633	283	103	288
633	280	102	299
635	280	104	288
634	284	102	294
628	279	117	298
637	281	108	293
640	289	106	289
641	294	110	270
643	295	107	260
645	296	97	266
649	290	89	272
650	293	88	270
651	292	90	266
651	290	89	272
650	289	87	269
645	292	89	270
635	288	111	273
632	286	111	275
635	294	104	271
624	290	111	274
618	297	119	261
611	288	124	267
618	283	112	269
608	289	118	277
581	293	146	266
576	293	151	261
599	290	123	264
585	302	140	255
592	299	136	247
592	303	144	237
616	299	110	253
609	290	126	255
611	309	123	240
620	299	113	256
623	287	113	264
632	290	109	261
636	283	107	273
643	285	107	256
647	296	106	240
646	293	109	256
647	282	98	253
643	290	104	259
635	290	105	273
633	288	105	268
635	298	104	267
627	290	107	272
619	288	114	251
609	287	126	274
595	285	138	271
600	290	129	271
583	307	157	259
588	303	148	254
593	293	140	249
604	302	136	242
623	305	114	240
620	296	116	256
613	291	118	258
617	295	119	254
628	276	110	277
633	290	112	262
636	288	114	265
646	293	107	237
655	294	97	225
648	288	111	260
650	285	102	258
644	283	115	277
644	292	118	256
649	287	115	263
662	289	99	281
663	282	91	273
654	280	107	276
645	289	114	271
643	289	124	272
645	303	122	264
656	287	116	279
668	300	104	253
676	286	98	276
684	294	90	266
691	298	86	246
699	293	88	238
706	294	83	263
709	289	95	276
698	288	117	251
709	295	118	252
696	292	144	264
691	295	163	261
687	300	181	269
719	281	146	294
724	285	149	274
721	286	164	282
731	297	155	269
738	296	144	263
727	296	158	273
720	294	149	270
719	292	145	268
718	292	142	271
713	282	140	283
702	285	149	296
709	289	118	299
708	288	110	291
693	285	114	288
696	284	105	289
692	283	103	296
698	279	101	302
704	276	110	289
690	277	132	299
681	269	156	313
665	270	177	313
681	273	156	304
689	285	153	301
682	285	158	311
667	267	171	312
699	269	140	328
712	283	122	312
698	279	154	318
701	282	137	305
697	295	134	302
696	277	143	308
693	279	152	316
681	283	166	305
688	284	156	303
692	285	153	295
706	285	139	293
699	295	147	281
708	294	145	286
700	304	150	269
700	299	145	274
702	294	143	280
694	287	140	275
708	300	125	257
692	287	153	275
711	299	122	264
708	287	123	273
712	293	112	267
711	291	111	260
707	297	117	252
709	295	104	256
703	289	108	253
712	295	96	245
712	289	94	260
716	290	92	260
711	286	99	254
711	290	104	252
703	295	117	267
689	297	134	262
690	291	131	274
688	285	124	283
697	288	120	281
711	285	110	280
711	279	106	282
707	286	119	282
704	278	117	287
691	282	121	282
701	282	106	282
708	280	96	269
689	279	115	284
682	280	113	278
671	289	108	275
668	282	98	273
665	286	96	272
672	282	87	274
677	281	85	276
674	290	96	275
684	290	89	256
691	291	90	259
687	288	103	263
696	293	103	256
712	291	108	253
710	291	124	250
715	291	128	258
719	293	134	259
723	295	129	262
723	290	119	269
722	290	121	268
725	290	111	268
724	286	115	272
725	286	107	277
714	276	113	285
703	278	123	272
699	282	129	271
686	279	132	280
681	282	118	278
673	286	110	269
663	289	113	261
655	277	117	272
633	280	140	261
644	274	134	276
644	280	134	272
650	276	127	281
673	285	104	280
677	278	129	278
688	283	121	282
688	286	130	275
697	283	130	281
712	289	124	270
728	296	121	272
728	277	142	285
739	276	135	282
741	275	158	286
738	286	164	274
747	280	150	284
752	278	137	278
743	279	141	271
746	274	141	288
733	283	150	290
711	280	164	289
713	290	126	270
693	286	133	276
693	284	132	277
682	285	134	270
674	279	126	288
653	281	128	274
654	281	107	274
639	280	112	276
635	282	115	258
620	280	126	279
616	280	125	273
600	279	130	279
589	275	110	279
565	284	125	281
552	281	128	279
527	288	139	281
490	292	169	282
473	294	175	271
463	306	167	268
473	292	123	278
462	282	125	287
453	286	122	293
439	276	122	298
420	273	139	299
403	276	135	294
388	273	145	301
397	286	122	287
394	279	120	296
389	285	124	293
384	279	130	305
383	284	116	300
378	287	126	279
375	289	107	291
368	281	102	291
362	285	94	293
350	285	105	294
330	289	119	286
331	291	104	281
325	287	105	290
314	285	113	290
307	291	108	277
299	285	107	278
297	287	115	286
310	281	96	288
312	288	101	288
313	287	111	285
323	289	102	285
339	283	82	293
340	297	100	284
339	287	97	283
342	289	94	287
338	293	100	289
345	287	95	286
349	288	90	285
348	290	94	283
344	286	101	289
358	286	85	291
347	288	101	292
351	290	97	298
342	285	101	300
353	285	90	293
352	289	88	281
350	289	85	284
351	286	88	281
345	291	91	280
331	296	111	273
331	295	110	273
353	293	84	267
360	287	90	273
363	292	91	269
369	289	98	278
379	295	88	281
385	293	91	275
389	292	105	268
396	291	103	264
394	291	108	269
387	285	119	267
400	291	103	268
412	295	86	265
417	293	86	266
414	298	88	260
405	296	103	262
398	299	117	254
389	286	138	274
402	282	136	280
431	290	96	278
435	302	95	265
435	300	94	272
440	299	90	272
442	295	99	278
453	293	90	268
463	294	82	269
463	295	88	266
468	296	95	268
473	291	102	276
486	291	101	271
489	309	143	251
482	300	165	260
490	296	157	259
492	295	166	251
508	293	139	260
505	296	139	261
505	297	122	262
486	292	146	273
478	294	135	266
473	303	134	263
476	311	111	244
471	306	98	248
470	321	88	239
462	305	81	246
448	305	80	254
433	307	86	254
422	304	87	260
410	300	102	269
404	293	106	276
374	294	138	271
353	287	125	285
345	299	115	266
341	301	109	263
337	303	93	254
326	306	92	258
319	297	86	260
298	301	102	265
291	301	107	258
284	304	110	260
279	299	116	262
293	298	100	261
298	307	96	248
302	298	99	261
301	300	118	265
312	300	117	272
344	293	87	260
359	293	85	262
359	297	99	271
362	289	113	268
363	294	126	265
374	290	118	269
371	287	113	267
376	299	91	270
368	294	98	267
365	287	102	279
360	298	101	269
359	295	92	275
347	301	99	259
339	305	97	270
328	297	102	270
320	294	99	280
306	297	112	271
301	294	106	272
289	302	118	271
301	301	99	261
301	306	100	266
308	296	94	261
318	301	88	265
312	299	109	253
318	301	104	254
322	309	103	251
316	314	124	238
326	301	110	251
326	312	119	249
337	308	115	246
353	298	98	267
346	290	103	278
352	304	90	254
355	306	89	265
349	295	104	270
347	292	95	276
343	305	100	267
345	293	94	275
342	292	93	280
333	292	109	271
332	284	108	269
333	291	113	264
337	294	103	273
340	294	95	277
347	291	94	280
338	288	113	286
345	292	107	270
345	299	107	277
352	288	99	266
357	296	96	273
359	295	100	269
366	305	98	256
374	300	97	256
378	306	98	249
373	294	106	255
382	303	89	251
378	295	90	246
368	292	100	268
368	290	95	267
363	291	99	271
356	295	106	261
358	300	103	258
350	298	108	270
339	289	113	277
341	292	104	281
337	293	104	277
328	291	113	269
328	293	104	281
322	288	115	286
315	283	118	294
306	279	126	295
306	286	126	302
304	287	112	299
302	293	108	308
307	273	97	318
304	276	96	320
304	276	103	329
294	269	105	328
292	275	99	324
292	267	110	333
285	253	114	336
288	265	121	347
273	256	134	350
257	244	140	362
245	259	141	359
253	261	131	349
245	271	139	343
250	278	122	341
228	287	138	341
237	274	128	336
230	279	133	364
227	271	129	348
216	259	143	363
218	259	132	360
214	251	135	377
189	241	163	387
189	248	150	379
190	257	141	385
186	253	146	390
175	252	157	395
174	246	152	397
185	256	144	398
192	245	142	397
183	236	159	401
196	246	161	388
194	244	170	393
183	242	188	384
222	248	162	392
225	260	151	364
247	256	139	369
241	246	158	379
235	257	176	369
237	248	172	379
240	249	162	376
236	249	167	374
250	262	143	373
249	253	154	364
253	246	158	387
232	240	191	382
241	239	181	397
220	243	193	389
235	245	158	375
236	256	136	383
231	259	130	382
219	249	131	389
203	244	128	387
195	249	138	392
169	251	173	389
179	253	166	369
173	244	158	376
164	256	174	374
173	252	146	386
173	247	145	364
157	262	163	367
160	249	151	367
147	263	162	362
139	247	162	365
136	268	171	359
138	264	179	350
154	255	172	356
180	263	148	340
194	273	142	341
195	265	161	339
209	262	159	350
234	281	148	332
252	270	130	330
273	267	120	335
281	262	143	349
284	257	150	347
293	273	137	344
291	267	142	337
294	267	131	321
301	267	108	336
291	267	132	335
275	262	155	341
290	274	132	328
277	276	141	313
286	290	135	314
305	278	105	308
309	276	108	314
310	275	96	314
297	283	112	318
294	284	117	315
282	281	149	306
281	277	131	305
270	265	151	334
281	286	122	322
269	276	127	319
271	278	122	321
273	278	112	326
267	271	115	338
266	269	119	343
248	265	132	350
233	268	145	338
238	272	134	336
238	266	133	338
222	263	144	359
210	260	150	364
206	263	148	371
189	264	156	366
180	255	163	379
174	259	172	363
178	261	157	380
158	251	175	381
174	260	144	380
163	243	156	394
162	241	156	393
151	239	171	400
149	247	178	408
157	253	175	382
166	254	172	389
173	254	160	376
191	260	139	373
184	247	154	378
198	247	133	376
218	254	117	369
206	257	130	359
208	265	135	352
212	263	146	348
222	260	133	359
226	250	147	361
229	254	159	368
248	257	149	356
274	253	129	369
286	250	120	378
289	253	137	371
296	242	127	385
285	241	126	385
278	246	135	395
271	233	138	399
250	254	150	393
242	239	144	385
230	250	139	392
212	238	146	394
185	239	159	404
182	254	146	388
166	242	146	384
163	257	157	389
157	256	162	379
172	245	158	389
177	237	153	379
181	246	156	378
185	257	158	372
202	239	166	375
218	252	143	370
233	247	147	371
234	244	166	388
252	234	171	382
278	243	151	390
300	255	151	368
312	240	159	378
299	242	202	377
296	239	233	372
295	251	230	369
307	247	202	374
303	238	218	388
295	235	225	383
277	235	224	388
266	242	236	380
240	242	262	375
231	252	181	369
206	275	160	365
193	249	152	369
177	261	154	372
156	260	162	359
152	251	170	355
160	243	155	369
150	248	157	372
155	256	163	361
153	255	171	357
170	266	154	358
164	246	176	364
205	258	143	362
232	245	135	376
241	244	146	381
247	241	160	390
276	244	149	391
303	259	139	376
316	244	152	379
328	249	175	373
334	250	177	376
355	256	164	376
353	253	190	370
365	245	184	384
376	240	191	382
426	234	148	393
402	236	201	369
424	240	232	375
475	237	190	379
499	241	178	369
533	238	169	375
544	251	169	360
560	247	160	366
560	241	180	373
582	246	167	379
599	243	170	371
634	240	146	373
659	248	128	363
659	245	155	356
665	249	164	353
678	247	164	364
674	249	184	360
709	263	147	348
713	267	152	335
709	258	168	358
717	247	165	362
731	242	160	366
749	256	155	372
762	239	158	375
778	253	151	364
783	238	174	371
806	243	175	382
828	236	168	384
841	236	156	398
843	230	155	390
853	234	140	383
855	227	129	383
844	230	137	387
833	228	150	383
826	236	153	376
835	241	128	371
835	239	117	368
830	239	123	373
833	235	122	368
825	236	128	370
813	234	143	373
803	242	144	361
798	247	152	363
785	236	177	372
808	234	154	369
804	237	158	369
807	247	143	361
807	230	161	369
822	250	137	372
832	231	133	376
837	238	143	397
852	230	141	391
846	221	160	415
844	227	158	413
825	217	169	413
820	221	175	407
836	225	145	404
809	211	174	415
805	221	169	415
816	228	145	415
799	223	153	417
780	212	178	419
770	217	199	428
807	216	149	418
771	231	190	420
773	221	173	414
776	230	149	409
743	221	173	409
752	232	167	408
732	224	173	407
721	230	177	409
705	240	187	386
713	234	155	382
718	247	148	385
730	236	130	388
715	247	148	379
718	235	142	367
689	243	160	381
706	251	131	371
672	236	164	372
650	247	188	384
642	242	194	379
636	235	156	390
629	247	141	376
614	238	139	381
606	236	148	393
593	231	154	402
586	230	164	392
595	256	146	386
599	234	145	378
615	247	140	377
635	239	138	378
638	232	155	383
637	242	178	390
669	247	150	382
676	223	160	385
687	245	165	388
696	234	175	378
718	242	168	389
744	230	161	396
749	247	179	393
769	237	171	377
802	239	154	389
813	217	184	404
836	228	191	413
857	227	183	406
873	217	179	417
889	228	173	409
913	224	139	400
917	224	172	403
933	225	171	408
934	229	184	396
943	231	180	382
947	232	171	391
944	226	167	396
935	232	167	392
907	241	189	376
881	217	186	415
875	215	169	423
847	221	174	400
839	223	173	399
