611	406	614	331
628	410	581	353
618	399	580	368
572	405	639	357
549	407	630	343
525	404	632	312
513	411	595	315
476	404	566	308
462	386	509	336
439	374	504	338
413	358	494	333
415	345	482	345
398	369	477	314
398	369	461	313
385	372	468	301
380	367	442	332
389	360	408	327
391	360	381	329
381	352	376	348
409	333	324	370
413	309	293	408
420	306	252	392
422	338	217	346
414	317	215	370
394	297	237	383
383	248	262	414
412	315	199	373
412	301	205	386
436	326	188	339
448	341	196	362
460	351	181	350
456	363	164	316
444	355	158	322
441	344	152	328
443	334	152	313
450	320	147	300
469	322	127	290
456	321	140	270
444	306	143	275
452	299	133	284
460	305	122	263
472	290	109	254
472	283	109	245
471	284	105	247
462	292	115	237
458	301	116	216
447	294	114	209
445	295	108	201
428	285	112	194
446	281	100	189
460	286	102	200
456	291	118	199
448	298	135	183
424	265	135	199
405	234	133	217
387	206	149	231
375	156	170	244
425	143	173	239
465	134	165	265
426	166	197	239
386	160	248	245
327	144	265	245
278	141	286	243
245	121	292	252
208	124	305	234
200	130	290	219
195	130	261	216
204	132	240	209
199	136	240	211
197	133	232	217
211	137	224	225
207	140	192	251
215	139	163	286
208	154	164	282
205	165	165	277
202	183	174	268
203	194	169	261
214	197	165	271
220	196	175	288
223	209	180	329
221	214	184	365
223	227	202	387
225	256	200	370
239	277	200	380
237	269	212	417
240	271	230	434
284	316	208	433
383	353	176	361
368	372	185	320
375	385	181	336
