0	225	134	220
6	219	162	212
5	219	192	214
5	216	218	217
-33	237	274	235
1	221	258	234
-7	207	272	246
-4	211	285	251
-11	217	304	238
-6	232	358	241
-2	215	390	242
0	211	383	257
6	192	379	271
2	212	396	247
2	224	409	236
0	230	371	249
8	232	433	244
1	229	483	263
-7	227	490	264
1	243	483	233
2	232	470	258
-6	232	507	271
-4	230	504	271
7	232	505	275
15	232	512	274
15	236	509	274
27	234	519	288
39	254	489	257
63	240	407	279
72	226	433	299
89	227	445	291
95	265	452	247
115	262	431	256
119	270	413	257
109	252	431	276
103	254	456	280
109	264	439	268
119	274	425	253
118	265	426	262
133	273	399	260
171	264	359	266
193	269	339	266
171	284	354	271
181	271	358	274
158	278	370	275
163	288	366	267
194	276	329	280
191	279	318	269
195	282	316	281
200	286	297	274
201	281	300	294
192	280	303	286
220	279	290	288
213	272	296	297
210	288	291	281
211	296	271	263
209	290	264	273
185	286	282	277
188	293	290	270
186	291	279	274
183	288	272	279
171	290	275	269
162	303	280	263
128	277	316	299
81	272	368	304
66	264	379	319
59	270	380	303
75	285	361	293
75	281	374	295
83	267	366	323
77	262	360	320
71	267	377	314
72	271	378	322
51	272	393	311
51	272	407	315
76	276	383	317
50	265	429	325
28	259	452	322
12	283	491	311
21	272	447	316
18	275	427	327
14	275	451	325
16	260	428	323
14	271	448	322
24	258	363	341
33	269	365	327
20	268	401	321
17	271	417	325
10	266	429	338
7	266	455	331
