0.565496
0.016612
0.016543
0.016491
0.016480
0.015545
0.016604
0.016653
0.016596
0.017867
0.016809
0.016719
0.017997
0.016782
0.017013
0.018059
0.016913
0.018017
0.017052
0.018373
0.019542
0.017345
0.017489
0.017406
0.017282
0.017308
0.017366
0.017318
0.017281
0.017562
0.017608
0.018511
0.018745
0.017366
0.017515
0.017568
0.018694
0.017640
0.018836
0.017553
0.022595
0.017891
0.018862
0.017726
0.017793
0.017837
0.017890
0.019056
0.018144
0.018143
0.018183
0.018163
0.018174
0.019389
0.018028
0.018239
0.018234
0.019274
0.018184
0.019396
0.023438
0.019456
0.018406
0.018325
0.018424
0.018636
0.019776
0.018639
0.018618
0.019989
0.020114
0.018638
0.020002
0.020150
0.018841
0.019958
0.018696
0.018679
0.020309
0.018965
0.023933
0.019150
0.019206
0.020479
0.020306
0.019286
0.019220
0.019338
0.019319
0.019365
0.019327
