602	183	142	327
593	190	130	324
581	177	127	333
576	169	126	340
577	185	120	333
568	175	119	338
565	186	113	332
557	179	124	330
556	171	127	337
564	182	127	332
570	185	130	328
585	187	129	320
597	172	132	335
612	164	133	348
627	167	125	353
632	163	130	357
640	169	131	348
639	172	133	343
648	169	131	338
660	168	128	347
673	176	126	340
687	182	116	328
682	177	119	332
688	171	122	343
685	174	131	339
688	181	135	321
688	182	134	319
683	189	136	319
685	181	136	321
689	182	123	322
686	175	121	339
690	174	110	334
693	174	110	338
680	186	118	326
678	178	126	331
671	169	143	335
659	171	136	335
660	177	126	325
639	187	174	328
643	178	146	332
644	178	130	328
647	174	120	335
632	176	132	338
627	182	128	322
625	184	130	328
629	181	127	329
631	178	130	333
631	183	138	323
642	188	134	319
661	186	130	313
674	174	144	333
684	169	153	339
695	179	156	324
703	185	150	316
704	186	126	316
696	177	130	337
681	177	140	336
676	174	140	333
675	182	124	327
671	177	113	338
666	178	117	342
661	176	120	344
652	175	134	338
646	183	139	327
644	181	134	324
648	182	125	329
652	181	121	332
644	175	145	339
654	172	164	344
665	171	169	355
674	173	175	349
698	172	162	335
718	174	142	353
738	171	138	352
748	169	148	347
749	175	156	342
765	168	146	345
782	174	138	343
799	181	131	337
807	171	158	352
831	162	142	354
838	167	140	366
840	155	148	369
840	150	154	376
845	149	154	380
849	161	147	369
845	165	162	360
854	162	135	371
844	152	143	377
840	140	138	388
830	155	136	377
818	162	134	365
812	152	131	375
802	159	148	373
808	162	145	367
815	167	120	366
801	174	120	359
782	178	157	350
778	165	161	362
787	165	141	372
783	166	142	387
786	167	140	381
779	170	158	379
781	164	169	382
784	160	160	384
787	159	146	381
771	172	168	373
776	155	156	376
785	160	145	398
776	146	160	415
765	171	173	404
767	155	163	412
766	150	157	404
744	156	167	406
743	148	167	410
735	157	166	410
722	166	161	402
709	162	149	405
701	153	148	414
701	148	141	414
694	153	137	415
690	162	139	398
697	149	134	390
687	162	145	390
683	171	149	374
690	165	136	391
693	165	125	394
696	152	119	394
699	153	119	388
693	164	130	370
700	172	121	355
709	164	127	363
713	177	145	350
729	176	140	355
741	176	144	351
764	183	126	342
764	171	140	360
790	174	139	349
805	175	144	351
820	175	138	358
840	168	135	365
862	162	132	367
877	172	136	363
890	183	139	347
898	170	140	346
917	166	135	354
921	173	149	367
912	182	171	353
923	175	165	355
929	178	143	351
918	165	134	361
909	172	141	352
896	172	141	359
888	172	131	363
873	178	128	358
851	170	129	359
828	171	152	363
809	159	161	363
801	166	157	364
799	164	147	365
792	167	157	357
779	180	167	346
782	183	166	342
793	177	168	347
815	168	154	350
840	167	145	364
852	169	134	358
864	162	132	373
867	166	137	368
875	163	137	374
877	166	134	381
883	167	129	366
892	172	138	364
899	167	144	366
891	169	188	365
870	171	227	377
870	179	230	365
865	182	228	357
859	177	225	353
844	159	231	376
877	152	196	372
889	167	165	374
892	176	159	358
896	168	162	360
910	161	168	366
915	175	174	367
929	185	168	360
926	179	170	364
925	173	149	365
920	165	150	371
918	178	150	356
936	184	139	348
953	188	134	345
963	180	124	347
962	175	127	350
957	183	139	340
964	194	137	324
970	182	134	330
966	178	142	341
966	180	148	345
965	186	141	350
960	177	149	345
957	173	148	351
952	175	138	354
944	171	142	356
943	173	139	353
936	172	143	355
931	172	153	353
924	169	150	355
909	168	150	359
911	175	134	353
895	175	128	356
878	167	127	356
859	163	142	358
855	153	135	370
851	152	129	369
850	157	118	370
847	154	124	361
846	155	135	375
844	161	144	368
855	168	152	358
874	175	144	353
886	169	144	362
903	164	143	358
915	169	140	369
921	168	146	363
928	156	145	371
927	167	158	375
938	174	153	366
957	177	145	364
976	180	129	342
995	178	133	356
994	167	149	361
997	166	162	356
998	163	170	368
1003	152	165	379
1014	155	159	377
1007	163	164	370
1010	182	149	356
1004	182	145	358
996	170	145	376
999	170	135	390
997	169	134	394
987	172	145	384
991	176	134	371
979	162	135	369
969	180	143	362
961	190	136	350
961	189	131	340
941	182	133	345
935	177	121	353
931	174	114	357
935	180	107	350
925	187	105	342
920	182	114	340
910	177	119	336
909	186	110	326
900	187	110	328
884	183	115	333
851	175	144	334
843	176	138	339
838	185	133	329
833	183	112	323
824	175	116	334
813	184	143	329
801	184	140	323
792	190	141	322
779	189	139	319
750	188	153	319
734	188	149	317
731	187	134	321
729	190	121	316
726	182	122	327
711	185	149	323
714	180	148	326
720	178	137	325
725	185	130	322
738	195	136	316
761	184	123	325
775	171	126	335
788	175	136	333
796	180	146	326
807	175	150	334
829	171	128	336
846	178	120	339
851	174	118	335
859	187	116	325
871	191	116	319
872	179	132	339
885	170	148	340
901	166	144	349
911	183	149	340
930	175	139	352
933	182	141	335
931	183	146	334
930	178	141	340
929	188	130	323
924	173	135	333
919	181	139	324
920	179	133	324
920	185	136	322
922	184	134	320
924	176	123	319
920	185	122	316
924	177	118	315
919	184	120	308
914	195	125	291
906	198	128	292
900	185	134	301
900	189	128	295
907	198	114	284
907	196	118	281
909	190	116	286
914	191	118	291
914	193	122	293
919	197	117	291
922	198	123	289
922	190	122	303
926	187	113	319
932	183	105	319
932	186	101	315
929	185	104	310
930	183	119	319
933	177	109	334
933	184	111	329
931	182	123	334
932	189	129	320
938	189	140	321
964	195	125	313
970	195	130	322
969	181	140	335
972	190	141	321
970	186	138	331
965	184	134	323
959	183	127	333
949	180	126	321
940	178	129	342
938	182	124	332
934	189	132	320
937	190	128	324
948	177	115	339
955	166	129	340
949	187	139	330
943	188	142	321
950	185	119	326
939	182	114	325
932	178	110	334
929	181	109	323
918	186	112	323
917	181	109	312
916	184	99	317
916	187	109	316
916	186	117	325
914	189	138	317
921	184	140	320
928	178	141	335
933	175	121	344
930	180	125	348
928	173	126	360
918	165	137	360
904	174	146	354
885	169	170	340
886	178	163	348
900	173	141	349
905	183	128	333
894	180	134	344
889	186	128	324
873	187	138	324
873	183	142	312
870	186	138	311
874	188	128	310
877	193	125	305
887	188	120	305
885	190	121	307
897	188	106	321
897	181	107	339
901	178	111	348
902	177	111	346
905	165	117	368
900	170	132	360
905	165	151	372
902	170	164	377
918	158	151	377
922	167	153	378
918	161	158	380
919	160	165	389
930	137	152	411
942	140	140	425
944	114	144	436
940	111	147	439
934	134	152	414
933	121	149	438
931	140	156	421
929	125	151	425
919	142	166	403
920	160	162	385
926	156	152	381
924	153	146	378
926	152	139	391
926	156	132	371
923	165	133	373
913	186	145	343
904	168	149	366
884	167	168	354
875	172	162	358
867	170	154	361
856	175	151	359
853	168	138	358
851	164	137	352
849	176	133	350
843	189	142	342
833	180	152	352
818	176	159	342
796	167	169	349
794	174	148	350
789	179	141	346
784	172	142	344
781	171	140	348
776	186	141	336
772	175	146	336
766	180	151	336
761	185	152	328
755	187	156	321
760	178	153	329
774	176	149	328
778	168	160	334
799	182	141	316
812	182	132	323
821	185	126	318
821	189	130	314
822	193	136	312
823	194	144	305
836	182	148	320
853	182	141	321
861	186	139	325
871	177	133	325
878	182	127	320
888	177	120	329
893	175	125	342
893	184	139	332
896	185	150	337
902	168	153	360
909	161	154	364
912	173	150	364
913	171	154	358
913	162	158	368
924	170	159	379
935	148	144	397
939	174	155	392
945	158	167	402
941	156	184	401
953	147	167	410
956	160	160	427
944	167	181	403
948	153	166	399
941	166	176	402
946	157	174	405
950	162	160	385
944	164	161	385
945	166	145	381
931	171	143	357
928	172	140	362
924	175	136	361
930	160	122	364
936	166	122	363
946	166	121	347
944	173	124	347
944	184	125	347
940	170	119	357
942	168	127	363
940	158	126	375
931	165	131	382
940	162	126	369
923	153	154	390
931	162	146	381
927	176	149	364
922	174	143	371
907	160	166	388
889	172	168	376
917	175	139	380
921	190	133	371
910	185	134	385
910	161	133	398
901	154	152	399
911	148	155	403
910	160	162	380
908	165	170	387
910	165	173	374
921	164	160	389
930	146	143	412
938	169	146	404
947	157	127	409
947	157	131	408
939	145	140	405
943	169	153	401
943	148	148	392
951	166	163	412
965	163	151	396
956	153	186	419
964	139	194	430
982	160	176	429
984	149	173	416
994	155	171	427
996	147	164	426
989	149	163	433
970	158	172	414
965	170	164	401
955	160	152	407
942	154	149	403
940	172	140	394
935	165	131	389
931	174	132	380
927	160	140	403
918	157	138	401
915	170	142	391
914	168	136	385
918	171	133	372
912	167	141	377
909	152	150	384
927	149	138	386
933	159	136	390
944	156	134	377
937	153	137	382
928	144	138	396
919	165	138	373
913	186	138	352
921	169	119	358
913	167	141	386
919	152	137	402
921	160	147	403
930	150	136	411
930	136	143	421
919	153	158	412
921	151	159	433
926	138	169	425
926	151	186	427
929	138	196	442
934	138	213	472
940	117	209	482
963	121	195	498
973	126	195	489
973	131	199	486
960	119	200	482
960	138	194	451
951	143	178	427
934	136	190	440
897	128	219	447
879	154	230	435
871	170	216	412
887	153	192	418
896	157	194	416
