0.559878
0.017677
0.017460
0.018383
0.017411
0.017400
0.018340
0.018427
0.018459
0.018500
0.019652
0.018665
0.019690
0.018679
0.018570
0.019805
0.018770
0.018746
0.018825
0.018943
0.021211
0.019006
0.018969
0.020241
0.020591
0.019190
0.019288
0.019312
0.019096
0.019317
0.019519
0.019572
0.019647
0.019618
0.019749
0.019882
0.020205
0.021939
0.018365
0.019497
0.027260
0.020472
0.021899
0.021902
0.021885
0.022022
0.020576
0.022010
0.021761
0.020318
0.020061
0.019978
0.019807
0.019791
0.019676
0.019702
0.019740
0.020030
0.020140
0.020207
0.025193
0.020278
0.020112
0.020238
0.020164
0.020217
0.020330
0.020454
0.020674
0.020689
0.020452
0.021996
0.020650
0.020650
0.020601
0.020742
0.020631
0.020923
0.020997
0.020952
0.025861
0.020761
0.020767
0.020879
0.020965
0.020842
0.020898
0.020855
0.020842
0.022364
0.022446
0.021224
0.021319
0.021281
0.021313
0.021205
0.021385
0.021424
0.021386
0.021533
0.026601
0.021590
0.022887
0.021594
0.021773
0.022105
0.022239
0.022265
0.022119
0.022251
0.022388
