0.566146
0.016393
0.016060
0.015324
0.015925
0.015857
0.017430
0.016949
0.017385
0.017288
0.017005
0.017286
0.017226
0.017322
0.016866
0.017558
0.017359
0.017534
0.017721
0.017477
0.019760
0.017504
0.017695
0.017609
0.017611
0.017461
0.017364
0.017331
0.017338
0.019454
0.019261
0.018980
0.018964
0.019229
0.017736
0.017846
0.017736
0.017845
0.017913
0.017971
0.022625
0.018010
0.018317
0.018205
0.018202
0.018429
0.018541
0.018544
0.018184
0.018823
0.018328
0.018263
0.018374
0.018323
0.018429
0.018454
0.018522
0.018507
0.018817
0.018896
0.023202
0.018598
0.018845
0.018877
0.018939
0.019123
0.018992
0.019155
0.019109
0.019212
0.019119
0.019311
0.019188
0.019458
0.019246
0.019436
0.019164
0.019292
0.019401
0.019504
0.024218
0.019494
0.019508
0.019509
0.019485
0.019510
0.019630
0.019630
0.019793
0.019767
0.019805
0.019885
0.019689
0.018548
0.019861
0.019770
0.019760
0.019768
0.020425
0.020325
0.025317
0.020385
0.020339
0.020425
0.020528
0.020942
0.020791
0.020839
0.020873
0.020894
