0.560662
0.018444
0.019447
0.019460
0.019571
0.011342
0.020450
0.020702
0.021047
0.018500
0.018311
0.018569
0.017601
0.017092
0.017126
0.018215
0.017374
0.018574
0.017288
0.018464
0.019648
0.017410
0.017469
0.017624
0.017522
0.017551
0.017491
0.017531
0.017576
0.018306
0.019587
0.018386
0.019891
0.018539
0.019518
0.019463
0.019485
0.022063
0.020423
0.020355
0.027503
0.021851
0.022008
0.019595
0.019913
0.018579
0.019972
0.018852
0.020078
0.020167
0.020223
0.020106
0.020193
0.018875
0.021173
0.022461
0.022498
0.022418
0.021211
0.022552
0.025854
0.022200
0.020833
0.020770
0.022474
0.022676
0.022851
0.022886
0.021575
0.021472
0.021282
0.021250
0.022530
0.022474
0.022716
0.022756
0.021330
0.022948
0.022872
0.022892
0.028141
0.023111
0.023166
0.023171
0.023091
0.022801
0.021568
0.021677
0.023205
0.023504
0.023266
0.023875
0.021625
0.021700
0.021885
0.019808
0.020641
0.021916
0.021894
0.021859
0.026951
