420	151	87	320
411	156	101	323
420	151	91	319
415	160	93	320
413	148	93	319
400	153	113	323
384	152	124	331
372	155	122	324
369	147	116	331
364	155	98	331
345	161	86	321
340	154	82	320
321	171	95	318
314	162	94	313
313	156	100	319
306	157	112	321
322	156	109	318
329	157	109	316
348	157	96	314
354	156	105	304
358	161	115	301
369	165	111	312
384	160	102	316
391	154	98	316
398	159	99	310
394	158	106	324
398	153	99	324
395	156	109	322
392	149	118	325
405	152	116	332
411	155	109	333
416	156	121	331
430	156	104	321
437	150	101	320
434	155	103	319
425	155	109	320
422	148	108	323
404	152	114	325
404	147	108	320
407	154	103	318
418	149	91	315
421	154	90	315
434	158	85	320
443	162	89	310
446	153	102	314
445	157	116	319
454	158	107	314
463	158	100	307
470	159	91	308
460	165	93	305
451	170	102	299
448	164	99	299
445	163	86	298
436	159	88	299
425	163	94	299
420	159	91	303
408	158	101	310
406	159	100	308
403	154	98	313
401	154	97	317
393	154	106	321
387	153	115	322
388	153	113	322
387	152	107	324
375	156	119	322
371	149	115	334
358	151	125	339
365	146	117	332
366	159	119	331
370	154	128	335
370	142	136	340
404	142	112	328
425	157	97	318
429	154	98	324
436	157	100	320
446	154	102	309
453	154	107	313
472	154	97	316
482	161	103	310
486	160	114	316
509	151	95	320
509	157	114	324
526	153	112	323
545	153	106	318
561	153	103	316
572	154	103	319
578	165	102	323
581	148	97	329
576	156	100	322
567	160	100	319
550	154	114	317
537	154	107	323
527	159	96	322
504	159	107	318
487	151	112	315
486	152	98	318
475	158	100	311
467	152	100	312
460	155	99	319
454	153	98	320
448	158	101	317
449	155	96	312
438	152	101	331
428	139	105	340
434	145	96	343
428	142	91	347
422	138	93	353
414	136	99	359
406	142	99	350
398	144	107	345
397	149	118	352
412	147	111	360
413	133	117	365
420	141	122	364
433	134	120	371
447	140	126	372
467	130	117	369
476	139	118	374
491	133	107	375
497	140	108	371
509	129	99	374
511	125	105	384
513	124	110	390
519	124	112	402
526	131	105	399
533	130	97	393
542	127	93	395
537	121	106	402
533	132	110	397
529	128	113	392
529	143	100	377
517	134	108	375
505	135	118	372
485	124	127	382
478	137	117	389
479	136	109	363
475	138	105	362
468	129	102	381
455	134	113	370
448	148	113	358
449	151	106	347
446	139	103	349
437	148	106	347
428	157	102	345
412	144	108	344
408	150	100	338
398	142	98	337
381	147	106	340
364	145	115	342
348	146	125	344
330	144	123	343
302	145	137	352
285	146	128	346
283	147	118	349
278	137	116	356
270	130	121	354
274	159	120	346
269	150	130	335
280	154	131	341
294	141	134	342
290	151	154	347
303	154	165	338
322	154	162	341
338	159	158	337
363	161	143	333
395	152	121	342
416	144	103	348
422	153	105	357
425	152	108	349
425	152	111	344
427	155	117	349
437	155	104	344
442	154	108	334
450	152	95	340
453	154	104	327
447	161	118	326
439	151	130	312
450	163	113	318
451	158	108	314
459	159	105	310
457	161	106	315
454	158	107	310
455	162	103	310
453	163	95	311
449	167	93	292
441	163	88	293
433	171	88	289
422	161	87	292
415	167	90	287
407	161	96	288
400	158	100	291
391	173	106	282
386	169	104	276
380	167	106	286
378	161	102	289
371	162	106	287
369	168	102	292
362	160	105	296
361	162	88	303
355	156	90	306
349	159	89	304
339	159	92	314
321	159	105	304
317	156	104	310
320	158	104	308
313	156	121	309
326	163	115	304
348	166	103	308
369	158	94	308
377	155	106	315
387	160	117	312
393	148	138	314
417	157	126	318
424	161	121	309
427	158	122	309
417	166	134	303
419	155	124	303
405	163	136	315
391	155	133	312
398	156	103	319
384	157	102	320
371	153	106	314
358	159	106	323
345	151	107	318
342	151	99	317
338	153	100	320
339	157	100	327
335	149	105	330
337	150	109	335
338	140	107	331
342	148	104	342
351	146	101	354
353	141	103	350
358	145	104	352
356	145	108	352
363	148	113	345
362	141	112	363
366	141	115	368
365	139	118	374
376	129	110	382
378	137	111	382
377	140	117	371
384	142	114	376
382	136	118	373
385	139	115	373
383	138	111	379
376	136	113	381
386	136	97	376
389	134	92	384
381	132	96	374
374	141	118	362
374	142	114	362
375	143	113	355
376	138	103	359
373	143	103	354
361	150	112	345
354	148	112	344
351	140	103	344
356	148	99	345
356	146	96	342
354	151	96	340
356	157	100	332
353	153	101	320
359	156	96	327
344	159	116	314
327	154	133	320
301	155	165	328
305	148	167	327
321	164	146	311
326	159	138	319
298	165	169	305
334	156	129	316
334	162	127	303
339	165	116	302
351	163	111	307
351	158	111	301
364	165	102	306
377	154	100	298
380	147	94	294
381	168	94	301
387	165	91	296
386	160	91	288
380	167	99	292
389	163	91	292
390	168	87	293
381	166	93	292
372	164	93	295
371	164	90	298
363	160	91	291
354	166	93	292
339	167	97	301
328	168	100	303
310	161	112	305
295	153	119	309
281	164	129	315
276	163	111	310
265	161	114	309
235	168	143	306
216	160	169	310
225	150	157	322
249	158	133	317
261	169	117	304
261	165	129	296
271	182	138	291
297	161	134	306
318	157	132	315
335	166	156	298
354	176	143	300
377	169	126	296
392	171	108	289
403	181	95	291
403	166	93	295
397	165	102	297
380	162	126	301
356	170	137	310
351	162	109	304
347	160	92	315
331	156	91	308
315	167	96	310
305	159	97	308
294	165	100	309
288	153	102	311
283	157	99	321
292	162	94	319
306	167	83	313
314	166	76	306
323	168	81	306
329	166	102	300
340	176	107	298
365	168	94	309
385	164	86	304
394	166	90	300
401	173	97	295
409	169	108	305
430	166	102	300
447	162	102	299
462	165	103	301
475	159	96	304
480	168	128	311
484	175	139	300
507	173	124	300
516	162	119	312
519	157	107	320
523	160	94	318
526	165	99	306
516	161	106	298
504	174	128	308
493	156	106	304
483	169	100	301
473	170	89	301
466	165	84	290
459	170	87	290
453	164	91	297
453	166	88	293
456	175	92	290
460	169	98	292
459	166	115	292
486	173	97	284
501	172	96	299
514	171	98	294
539	167	82	297
549	166	96	292
560	170	93	294
565	165	108	288
564	155	122	296
569	169	110	298
573	158	114	291
561	172	127	297
559	159	105	292
563	170	83	288
547	163	96	299
521	168	116	298
504	170	121	297
507	166	94	301
488	170	103	297
474	172	100	301
454	166	109	292
456	174	87	293
446	169	87	291
448	161	82	291
448	169	80	291
452	172	81	294
452	170	89	298
465	167	80	294
471	163	81	303
482	162	82	306
487	159	89	308
491	167	99	299
499	161	96	301
499	155	94	310
493	162	102	312
493	170	100	314
489	158	93	319
492	163	86	320
489	159	85	319
489	149	81	326
485	156	82	335
490	154	81	334
492	152	77	337
488	156	84	330
489	160	84	335
486	158	86	329
482	160	91	328
482	156	95	323
490	164	92	315
492	159	90	317
496	167	102	310
499	164	93	301
501	161	84	306
496	160	91	304
487	166	95	298
478	168	95	293
473	169	82	297
469	165	76	294
458	163	75	296
451	162	76	293
435	165	84	295
417	169	96	289
400	170	107	294
393	170	99	292
396	165	82	295
392	175	80	285
385	168	82	286
377	167	84	283
370	165	78	280
359	167	86	290
350	166	83	295
337	161	85	305
323	167	95	304
316	160	91	301
311	167	91	300
306	165	93	306
298	170	89	305
289	160	89	307
281	162	87	307
274	161	86	308
264	163	89	310
258	157	87	313
248	160	101	311
249	157	98	310
244	157	105	312
256	163	96	310
279	164	77	302
274	162	97	302
282	154	108	310
302	156	97	312
311	162	91	303
317	159	99	312
314	156	111	304
326	161	98	304
337	169	99	298
356	173	85	299
367	171	83	291
371	172	94	290
376	172	102	296
387	177	92	292
393	170	89	289
395	179	100	290
404	165	91	292
409	166	85	292
408	172	89	285
405	169	90	281
409	167	84	275
399	174	94	278
395	165	95	278
398	172	83	282
387	172	99	273
390	167	95	280
389	165	98	276
397	172	84	278
395	170	80	281
389	172	78	283
381	173	83	276
372	175	90	282
362	173	92	288
353	175	91	290
338	175	98	293
334	169	95	289
329	165	102	294
329	169	97	294
322	162	100	295
332	168	89	295
332	163	97	299
347	165	93	307
356	166	102	303
370	172	99	301
385	168	97	296
395	164	104	299
418	167	89	304
418	169	111	302
440	160	99	312
458	162	91	302
474	164	94	304
485	162	102	303
500	160	101	303
507	169	118	309
519	158	108	302
529	163	104	295
523	166	118	300
531	169	114	290
535	167	108	292
544	164	101	289
547	168	108	294
553	168	110	293
558	168	111	282
569	179	103	275
573	166	92	275
555	172	96	274
546	177	102	283
532	174	103	273
521	173	103	282
500	167	108	277
504	172	89	283
491	166	80	269
484	178	74	267
476	172	76	270
477	169	69	276
475	176	69	266
479	178	68	272
478	177	82	277
485	169	89	276
494	163	97	275
500	167	80	282
500	166	93	283
495	174	104	287
499	166	102	289
506	161	87	295
499	171	106	288
506	156	86	292
504	171	90	289
501	166	85	283
496	166	87	283
499	171	82	280
493	165	87	278
486	170	93	280
483	170	91	277
474	167	94	275
464	174	92	271
450	175	106	271
447	170	94	264
436	175	109	270
415	179	126	263
388	180	135	260
382	177	110	267
378	176	89	271
365	178	90	270
360	163	86	283
350	170	88	280
338	177	94	282
326	175	87	277
316	171	85	278
310	172	85	282
302	163	89	288
291	170	96	286
283	167	95	291
280	159	95	285
281	166	91	291
286	172	83	283
293	169	84	284
302	164	82	285
304	168	89	282
311	163	89	287
319	170	98	293
329	171	98	285
340	164	93	290
346	166	103	287
357	158	104	287
377	169	88	281
391	171	82	281
403	169	78	272
415	167	77	279
425	166	76	284
430	169	82	281
435	171	89	279
443	174	91	274
457	167	84	274
466	170	80	278
471	168	89	272
480	170	72	278
482	166	72	285
480	172	75	279
481	168	84	285
494	166	71	283
501	171	72	277
508	169	73	281
515	167	70	283
523	174	75	277
527	170	89	276
526	171	107	275
530	179	96	267
544	169	101	266
544	179	102	264
550	177	99	269
544	172	100	275
549	168	90	278
540	168	96	271
532	179	115	269
538	170	99	270
541	165	102	274
537	172	97	280
535	171	86	273
528	175	97	265
521	173	98	274
517	181	101	262
508	174	94	260
498	169	95	269
502	162	76	272
496	178	73	266
489	173	78	264
482	181	78	256
479	175	77	257
478	168	79	258
478	173	74	257
475	185	84	251
479	185	82	250
482	184	83	253
489	179	84	262
498	174	83	270
500	177	83	270
503	173	80	275
503	169	84	278
505	176	78	273
506	178	78	266
505	172	76	273
504	174	78	273
499	172	81	275
494	176	81	270
486	173	83	274
481	170	79	269
474	171	80	268
466	172	89	268
462	173	88	262
459	179	83	260
454	172	87	266
456	175	82	265
454	175	83	257
464	180	78	254
463	179	86	257
467	176	83	263
468	175	90	269
476	172	84	272
479	170	87	274
486	168	81	279
480	166	92	280
483	166	87	287
488	169	87	283
491	167	91	290
490	165	97	286
493	165	89	293
489	164	89	297
485	167	91	297
