0.555697
0.025671
0.015331
0.015915
0.016288
0.016202
0.017287
0.016144
0.016367
0.017606
0.016308
0.017301
0.017549
0.016424
0.016353
0.017524
0.016400
0.017568
0.016540
0.017893
0.018935
0.017646
0.017635
0.016683
0.016630
0.016551
0.018056
0.016786
0.018066
0.016959
0.016964
0.016976
0.018223
0.018294
0.018261
0.018477
0.018234
0.018329
0.018205
0.018348
0.023253
0.018911
0.017795
0.018924
0.017987
0.017980
0.019014
0.017896
0.019176
0.017962
0.017817
0.019038
0.018965
0.017805
0.017926
0.018055
0.018039
0.018086
0.019355
0.018205
0.024357
0.019384
0.019338
0.018270
0.018400
0.018222
0.019559
0.018354
0.018879
0.018677
