0.554894
0.016406
0.015669
0.015532
0.015544
0.015557
0.016382
0.017612
0.016521
0.017566
0.016568
0.017881
0.016845
0.016369
0.016640
0.016640
0.016690
0.016662
0.016471
0.016530
0.018708
0.016644
0.016563
0.018277
0.018638
0.017031
0.018188
0.018124
0.016928
0.016891
0.016895
0.016847
0.016876
0.016885
0.016861
0.018165
0.018311
0.017109
0.018376
0.018316
0.022084
0.018533
0.017667
0.018558
0.017341
0.017411
0.018695
0.017475
0.017404
0.017514
0.017552
0.018870
0.017672
0.017958
0.019199
0.019415
0.017771
0.018842
0.017776
0.019169
0.022616
0.019232
0.017914
0.019266
0.018123
0.018032
0.018037
0.018097
0.019323
0.018161
0.018170
0.018253
0.019380
0.019484
0.018354
0.019614
0.019749
0.019691
0.019037
0.018398
0.024946
0.019783
0.020050
0.018631
0.018674
0.018642
0.019917
0.020123
0.020036
0.019103
0.020448
0.020403
0.019091
0.020629
0.019197
0.019390
0.020427
0.019041
0.019062
0.018939
0.025952
0.021016
0.019329
0.019420
0.020147
0.021718
0.020988
0.021043
0.020115
0.020394
0.021719
0.021745
0.021994
0.022144
0.021190
0.019885
0.019854
0.019897
0.020017
0.020167
0.025127
0.021632
0.020329
0.020221
0.021627
0.021892
0.021776
0.020054
0.021328
0.020132
0.020531
