0.571537
0.018767
0.019857
0.019632
0.016288
0.019928
0.019686
0.017368
0.018335
0.017331
0.021087
0.021237
0.019820
0.019878
0.018593
0.021485
0.017759
0.017782
0.018659
0.018907
0.020259
0.017860
0.019115
0.019158
0.018073
0.019531
0.019651
0.018305
0.018291
0.019731
0.018463
0.019720
0.019622
0.018275
0.019577
0.019765
0.019823
0.019822
0.019907
0.019867
0.023407
0.019634
0.019632
0.019630
0.020985
0.018603
0.018662
0.022547
0.021292
0.021087
0.021162
0.022475
0.022831
0.021324
0.021164
0.022846
0.022796
0.021455
0.018965
0.020248
0.025323
0.023023
0.023077
0.019335
0.019292
0.020608
0.020685
0.020455
0.020629
0.020747
0.023239
0.023079
0.023203
0.021712
0.023211
0.023389
0.023626
0.019922
0.019680
0.020895
0.026067
0.019848
0.020967
0.021230
0.023882
0.022252
0.022287
0.022331
0.022314
0.022328
0.023879
0.022567
0.022550
0.024161
0.022486
0.020219
0.020383
0.021659
0.020560
0.021581
