435	328	54	132
438	325	54	139
438	319	62	144
425	320	84	145
439	320	70	151
445	320	66	148
447	318	70	143
460	319	66	144
468	312	65	151
474	314	65	156
485	314	61	161
494	298	62	172
493	304	76	175
497	299	84	185
503	305	111	180
515	309	121	179
533	315	126	199
545	315	137	214
565	323	135	207
567	317	148	213
554	324	177	209
576	315	170	222
580	301	166	240
584	309	186	219
614	296	182	260
628	306	176	230
661	306	166	262
680	314	168	251
712	312	138	247
717	323	131	277
725	326	119	224
728	325	127	247
733	308	111	264
734	291	111	269
732	283	120	280
726	282	123	260
730	262	109	275
725	269	116	269
708	246	130	263
705	240	126	276
682	237	129	262
677	224	130	270
651	229	141	260
652	218	124	266
648	217	113	277
625	216	129	282
615	202	140	303
610	204	135	313
598	222	144	298
623	203	113	309
642	198	107	334
630	211	134	315
654	209	113	327
661	211	116	332
671	230	117	295
683	229	122	304
691	234	132	299
697	239	140	286
711	236	147	298
714	231	143	316
731	231	116	294
742	229	118	311
749	236	120	298
753	245	137	286
775	233	129	307
788	244	135	294
809	252	133	286
828	247	129	298
851	258	127	283
863	238	127	286
869	242	128	297
894	264	101	261
879	251	123	267
902	244	104	281
888	249	120	262
906	241	92	254
903	248	102	258
907	252	103	233
910	239	103	241
907	240	94	235
899	231	101	221
902	220	97	234
892	224	95	229
883	218	96	214
891	209	91	227
888	214	89	226
875	208	89	238
869	212	91	224
866	233	97	203
869	228	83	215
864	230	85	228
853	246	88	209
839	237	90	217
826	245	88	210
821	260	76	207
811	252	73	218
794	260	81	225
761	268	100	217
747	277	103	210
750	289	86	220
737	282	82	221
708	289	95	205
704	289	100	225
688	287	104	220
663	278	112	225
629	273	137	238
612	273	137	256
600	262	136	273
591	268	129	276
576	254	116	289
548	254	126	299
509	269	139	291
486	268	128	303
452	270	144	316
419	262	150	322
391	245	146	312
367	243	156	318
357	209	150	339
357	199	150	346
360	184	157	362
342	185	181	352
355	157	177	360
377	153	166	401
368	172	197	381
384	144	183	408
407	171	209	421
409	174	232	423
448	170	191	427
465	202	212	453
478	225	199	435
475	210	199	461
465	247	208	459
431	218	229	442
436	206	203	455
431	232	215	466
428	225	217	469
420	241	234	452
426	225	228	481
447	206	207	465
470	205	209	481
475	211	228	482
503	199	203	472
514	220	207	483
509	197	210	482
509	190	201	465
518	198	199	488
516	173	199	494
507	159	204	482
483	174	226	482
475	177	227	467
450	171	252	440
460	179	234	476
469	170	235	482
492	166	255	470
535	196	258	463
548	185	265	462
567	176	275	451
617	199	243	460
633	193	255	472
681	180	249	479
706	175	265	502
710	170	254	499
731	169	267	480
777	195	233	490
763	200	244	462
777	202	237	475
795	196	207	469
743	180	242	449
714	159	256	454
725	161	223	446
708	135	215	448
713	139	217	455
704	156	214	452
701	125	198	456
676	140	193	455
654	151	194	445
655	144	173	439
653	160	172	436
658	173	185	413
675	172	179	407
688	186	179	394
698	192	185	385
700	205	214	345
732	207	173	367
738	199	178	352
742	173	167	352
757	175	160	369
757	182	164	351
763	185	167	350
788	198	147	350
766	193	176	330
780	176	155	344
801	187	141	345
817	179	128	355
806	188	153	335
838	205	131	322
862	192	110	340
853	194	132	332
869	210	124	340
874	212	125	324
869	219	135	315
866	227	139	328
864	233	121	310
835	216	139	326
826	230	137	311
815	224	130	320
793	229	170	324
791	255	171	315
792	252	168	280
805	251	135	286
825	271	117	274
806	269	128	265
789	263	154	269
795	262	139	287
793	239	133	292
782	238	124	298
776	242	118	305
765	232	120	302
753	244	136	308
747	259	135	303
745	255	132	326
