547	300	38	90
553	298	39	93
554	306	40	95
556	315	42	92
560	310	42	89
562	299	42	101
558	285	39	110
547	273	44	101
538	264	40	89
536	255	37	94
532	248	38	102
531	242	36	105
530	246	33	90
522	256	39	87
523	258	34	101
519	250	38	115
516	241	38	107
513	236	45	88
517	236	42	93
519	235	38	105
521	241	39	113
527	242	45	113
526	243	50	97
521	241	48	95
511	245	39	111
505	243	40	120
503	245	42	112
511	241	37	96
524	243	46	95
540	247	51	102
540	250	41	107
568	254	28	106
546	258	35	114
549	265	53	126
547	282	53	125
551	293	42	119
557	298	38	111
560	301	42	107
568	307	42	107
577	314	44	110
587	321	43	111
594	328	43	110
604	328	45	106
612	333	51	104
621	340	42	102
630	348	44	108
638	354	47	105
652	356	44	99
659	348	42	108
665	325	48	110
685	309	50	118
675	325	64	116
685	332	49	145
682	331	54	149
688	314	43	157
692	305	42	169
697	325	40	160
698	342	46	145
697	352	38	128
695	359	37	122
696	374	37	111
699	379	30	101
699	384	42	100
698	393	42	99
697	402	46	102
699	412	49	101
702	423	45	89
698	433	52	77
694	438	62	72
691	440	70	71
683	444	78	71
684	450	82	59
681	452	93	56
684	454	97	52
688	453	93	54
689	458	106	45
693	458	119	40
699	460	125	34
699	458	136	28
698	457	142	27
706	451	135	30
716	452	135	25
718	452	135	24
716	453	138	25
716	453	139	25
720	453	136	24
722	449	135	29
723	451	132	27
733	445	122	31
745	455	112	24
746	454	107	23
751	457	102	21
757	458	96	20
762	458	91	19
764	460	87	19
764	461	92	16
763	460	94	18
765	460	91	18
766	457	87	19
765	454	85	22
