3.744983
0.023744
0.018888
0.017475
0.009536
0.018564
0.026588
0.019857
0.018793
0.019728
0.019125
0.020301
0.020788
0.020393
0.019329
0.020405
0.019027
0.019838
0.020038
0.018913
0.021143
0.018740
0.018991
0.018956
0.018569
0.018951
0.019027
0.019092
0.018937
0.019140
0.019115
0.017966
0.022046
0.022075
0.020214
0.021573
0.021255
0.020139
0.021910
0.021580
0.026486
0.020561
0.020062
0.020061
0.019955
0.020349
0.022238
0.022126
0.021751
0.021718
0.021683
0.021424
0.020425
0.021805
0.020798
0.022537
0.021136
0.022819
0.022976
0.019069
0.025478
0.019061
0.020247
0.020486
0.023095
0.020505
0.020550
0.023048
0.023160
0.020533
0.019387
0.020405
0.020530
0.020705
0.020661
0.020927
0.020763
0.020852
0.019823
0.019682
0.024887
0.020957
