481	129	463	502
476	149	450	479
469	145	450	475
450	127	444	470
456	128	430	491
402	131	451	480
399	147	466	482
403	149	443	459
412	146	456	456
390	137	486	460
410	127	463	483
429	120	427	479
430	117	422	512
434	119	399	486
445	132	394	455
451	130	387	475
450	125	396	475
440	114	427	515
448	126	435	482
462	131	449	455
444	142	497	443
471	126	469	466
499	123	476	475
508	122	476	471
498	115	476	466
472	123	492	435
485	123	473	447
470	135	473	441
448	131	477	440
510	115	413	491
494	106	427	508
488	125	427	485
512	130	412	461
480	145	450	462
469	148	490	438
479	140	502	475
481	135	493	496
486	133	468	492
483	131	465	503
506	140	418	492
517	141	400	481
511	129	402	460
509	122	404	499
503	130	426	488
503	127	429	497
486	151	440	441
483	153	444	453
486	148	447	462
503	145	430	457
502	131	449	491
491	130	469	483
495	127	468	493
501	135	450	504
480	136	481	498
495	127	463	512
517	126	428	521
508	112	448	532
495	128	449	528
469	124	485	527
472	135	472	506
448	133	518	488
461	130	526	523
471	127	506	509
463	105	500	545
457	114	501	563
428	127	519	549
413	131	532	524
413	105	528	547
440	106	511	577
414	98	542	539
