455	376	107	183
451	376	119	174
460	370	90	180
460	370	90	180
460	370	90	180
460	370	90	180
460	370	90	180
460	370	90	180
460	370	90	180
460	370	90	180
460	370	90	180
465	365	99	163
461	368	90	159
455	361	100	170
461	347	79	166
461	337	68	176
451	339	65	176
421	342	80	175
409	347	93	161
402	354	90	167
388	358	94	148
375	360	113	156
382	359	116	159
385	358	115	175
365	361	127	179
344	368	131	200
338	370	123	203
327	372	126	197
339	362	117	208
401	385	102	226
362	365	117	229
331	373	132	238
306	340	160	257
274	339	182	257
266	299	222	291
222	372	197	253
178	380	160	262
348	340	183	242
328	369	169	218
344	369	147	225
347	364	124	219
331	343	105	233
327	346	94	232
309	346	97	224
289	351	102	215
272	360	106	206
262	361	121	208
234	362	144	200
211	371	134	199
206	361	112	200
210	356	84	200
214	361	69	193
216	360	64	203
214	364	73	201
128	393	83	195
141	397	111	199
166	388	130	211
196	380	145	213
219	384	124	204
221	378	139	229
232	388	166	207
233	390	173	202
282	392	174	203
317	381	158	231
342	371	140	224
381	372	118	214
428	365	108	223
436	358	99	222
431	344	98	225
549	335	121	240
499	333	164	245
490	340	128	217
491	348	90	215
486	363	113	203
473	371	134	195
467	357	141	211
435	339	109	205
438	361	93	193
432	381	85	182
426	394	77	177
421	399	70	178
414	398	70	189
410	406	69	194
403	417	82	217
392	425	97	210
389	427	108	212
401	424	107	215
391	432	121	212
394	449	120	191
390	455	139	189
393	458	151	188
425	454	138	190
474	450	106	188
514	448	78	199
529	452	82	192
560	450	74	190
575	445	73	186
584	450	79	170
611	456	78	179
629	462	98	161
634	458	103	171
