0.553670
0.016016
0.015492
0.016912
0.015785
0.017133
0.017982
0.018253
0.018085
0.018049
0.016917
0.018210
0.018033
0.018116
0.016987
0.018323
0.016962
0.018305
0.018423
0.018265
0.020878
0.017232
0.018389
0.018521
0.018414
0.018672
0.018505
0.018624
0.017475
0.018811
0.017560
0.017519
0.018857
0.018975
0.018895
0.018883
0.019057
0.018999
0.019096
0.019012
0.024146
0.019279
0.017975
0.019229
0.019279
0.017985
0.019237
0.018301
0.019287
0.018109
0.019670
0.019551
0.019688
0.019782
0.018431
0.019649
0.019549
0.019607
0.019700
0.019673
0.024676
0.019654
0.019625
0.018502
0.018740
0.020450
0.018873
0.020253
0.020535
0.019071
0.020660
0.020291
0.018827
0.020329
0.019127
0.020545
0.019193
0.020931
0.019312
0.018500
0.024899
0.018806
0.018602
0.020095
0.019032
0.018908
0.018997
0.018975
0.018817
0.020512
0.019046
0.019063
0.020477
0.019163
0.019136
0.019239
0.019094
0.019435
0.020715
0.019502
0.024419
0.019117
0.020797
0.019311
0.020787
0.019472
0.019656
0.019588
0.021060
0.021002
0.021081
0.019544
0.020976
0.019853
0.019937
0.020017
0.021605
0.019970
0.019810
0.020016
0.024853
0.020182
0.020240
0.020105
0.020129
0.020133
0.021690
0.020149
0.020164
0.020103
0.021854
0.020428
0.021629
0.020175
0.020198
0.021694
0.020292
0.021586
0.020312
0.020287
0.026559
0.021637
0.020322
0.020608
0.020906
0.020911
0.020751
0.020980
0.020849
0.020933
0.022498
0.022480
0.022486
0.020901
0.020997
0.021031
0.021037
0.021168
0.021015
0.021220
0.026157
0.021218
0.022737
0.021321
0.021323
0.021349
0.021405
0.021420
0.021378
0.021610
0.023045
0.021684
0.021659
0.021651
0.023269
0.021643
0.023227
0.021758
0.023324
0.023228
0.026737
0.021842
0.021898
0.021891
0.022028
0.021834
0.022743
0.024233
0.022949
0.022088
0.022242
0.022267
0.022261
0.022334
0.022362
0.021987
0.022292
0.022532
0.022525
0.024144
0.029094
0.022656
0.024158
0.024148
0.025037
0.024837
0.023111
0.025116
0.022696
0.024060
0.024042
0.024305
0.024640
0.022959
0.024551
0.022969
0.024544
0.024435
0.024840
0.024978
0.028079
0.023097
0.024877
0.023245
0.024816
0.023324
0.024640
0.025158
0.024737
0.023429
0.024946
0.023546
0.023593
0.024920
0.024435
0.023561
0.024956
0.023758
0.023724
0.023737
0.030101
0.024420
0.026283
0.024428
0.024518
0.024358
0.026229
0.026009
0.024338
0.025793
0.025989
0.026014
0.025979
0.024698
0.025426
0.026073
0.026147
0.024743
0.026316
0.024687
0.031020
0.026392
0.026362
0.024954
0.025015
0.026331
0.026301
0.026380
0.026487
0.026566
0.025156
0.026337
0.025191
0.025032
0.026278
0.026397
0.026522
0.026549
0.026520
0.026614
0.031818
0.026618
0.025318
0.026807
0.026846
0.026963
0.026703
0.026784
0.026951
0.025571
0.025611
0.026985
0.025875
0.027124
0.027069
0.027200
0.026230
0.027489
0.030025
0.028395
0.033224
0.029814
0.028227
0.029964
0.028328
0.030398
0.030213
0.027767
0.026210
0.027535
0.027856
0.026579
0.027850
0.027739
0.058810
0.028739
0.030248
0.030521
0.028961
0.026679
0.032912
0.027916
0.028124
0.027822
0.026535
0.028017
0.028354
0.028073
0.028209
0.028287
0.028380
0.028360
0.027149
0.028335
0.028429
0.028356
0.028465
0.028837
0.028912
0.028714
0.033674
0.028608
0.027198
0.028608
0.028634
0.028979
0.028872
0.028882
0.027473
0.028700
0.027552
0.029103
0.027828
0.029175
0.029088
0.029083
0.028887
0.029097
0.027830
0.029143
0.034079
0.029049
0.029180
0.029404
0.028075
0.029467
0.028006
0.029371
0.027926
0.029626
0.028252
0.029703
0.028192
0.029528
0.029647
0.029934
0.028461
0.028372
0.028309
0.029681
0.034775
0.030206
0.028687
0.030247
0.028544
0.030073
0.030060
0.030065
0.028956
0.028675
0.030281
0.030288
0.030370
0.030199
0.030286
0.030562
0.030489
0.030735
0.029226
0.029845
0.034802
0.031011
0.030730
0.029252
0.030696
0.030683
0.030611
0.031000
0.030877
0.030947
0.030823
0.031130
0.029556
0.031320
0.031467
0.031394
0.031282
0.030495
0.030529
0.029378
0.036465
0.029744
0.029835
0.031511
0.031359
0.031536
0.030995
0.030767
0.030927
0.031290
0.029691
0.031094
0.030175
0.032238
0.031893
0.031944
0.031830
0.032083
0.030334
0.032193
0.035264
0.031992
0.031891
0.032252
0.030505
0.031485
0.031282
0.032370
0.032594
0.032291
0.030912
0.032444
0.032298
0.030795
0.032819
0.032730
0.031830
0.032907
0.032810
0.031177
0.037511
0.032617
0.032976
0.031977
0.033016
0.031481
0.031241
0.032842
0.031384
0.033115
0.031246
0.033343
0.033043
0.033424
0.033162
0.033685
0.031816
0.032564
0.032578
0.032054
0.036840
0.033416
0.033032
0.033093
0.033385
0.033373
0.031778
0.033320
0.033248
0.033447
0.033080
