550	111	50	66
522	123	53	69
496	131	52	65
475	142	49	66
450	150	60	65
428	160	48	63
407	163	56	67
388	171	43	68
362	175	49	71
333	182	51	65
333	182	51	65
276	199	59	60
336	296	50	64
360	289	43	78
389	282	45	77
419	281	43	72
449	281	48	76
486	275	50	79
525	272	43	80
572	272	45	77
622	269	49	72
670	266	52	69
719	268	55	69
757	164	56	64
792	164	48	69
848	267	53	67
887	267	46	74
891	169	39	68
923	162	50	72
1031	272	42	80
1012	165	45	75
1052	161	57	68
1099	159	51	81
1145	164	54	79
1180	161	68	81
1180	161	68	81
1085	213	55	78
1085	213	55	78
1085	213	55	78
1152	232	61	72
1167	241	50	67
1176	243	61	75
1182	250	46	79
1195	253	48	71
1206	253	41	66
1219	257	35	71
1228	259	39	66
1228	259	39	66
1228	259	39	66
1228	259	39	66
1228	259	39	66
1228	259	39	66
1228	259	39	66
1228	259	39	66
1228	259	39	66
1228	259	39	66
1228	259	39	66
1233	277	33	62
1233	277	33	62
1233	277	33	62
1233	277	33	62
1201	285	27	70
1192	284	37	66
1179	287	36	74
1172	286	43	79
1164	288	44	71
1164	288	44	71
1151	294	43	64
1147	294	36	67
1135	294	39	74
1126	293	45	68
1113	295	33	71
1097	295	42	69
1084	297	35	73
1068	298	41	77
1058	296	49	73
1058	296	49	73
1037	298	46	68
1034	297	38	66
1034	297	38	66
1034	297	38	66
