535	102	325	569
532	98	332	604
514	95	342	590
485	97	373	597
486	102	375	590
487	109	366	572
472	111	377	571
479	104	366	576
464	115	389	573
469	108	386	580
486	88	358	594
505	82	352	600
484	82	364	601
499	92	347	581
499	91	351	589
496	80	350	613
480	82	358	602
465	70	372	607
453	78	393	599
443	85	404	587
443	87	397	580
435	72	401	592
450	77	397	595
469	62	366	592
460	69	384	607
456	55	377	607
450	57	385	599
468	39	366	632
481	36	350	651
475	38	361	644
462	34	369	630
464	32	362	624
464	29	366	655
456	17	368	651
441	9	399	660
454	24	383	663
439	27	390	643
438	29	403	649
432	27	396	637
433	22	393	640
424	17	404	637
433	34	403	625
417	27	428	608
408	30	450	622
399	28	446	593
402	36	457	585
407	29	448	616
405	25	463	603
419	33	436	586
418	32	453	605
436	40	434	587
419	37	459	596
420	31	475	615
422	23	461	632
420	42	477	591
432	59	462	581
420	50	468	593
428	61	468	586
422	77	474	564
412	72	484	570
411	72	479	586
414	106	492	544
412	118	483	534
416	129	477	515
406	132	495	513
414	144	496	512
405	155	512	517
405	155	500	508
400	170	520	490
406	164	496	509
403	176	501	498
402	194	505	503
401	208	493	468
392	218	501	470
394	219	512	466
396	228	500	464
399	228	496	470
391	232	510	459
394	256	513	448
393	260	516	427
393	253	525	419
399	229	519	401
405	222	526	401
409	196	523	397
411	178	531	390
410	168	542	387
405	139	554	396
405	132	570	382
412	120	561	383
411	105	558	395
414	125	570	377
419	127	562	375
417	120	574	372
410	136	581	364
427	139	577	366
426	147	577	353
419	139	584	358
412	164	603	339
402	156	616	344
412	168	613	327
