0	225	134	220
4	212	168	222
9	210	187	223
17	222	210	213
40	216	202	217
-5	246	252	221
-5	227	279	228
-8	212	275	239
-4	218	287	258
-6	219	299	240
-5	230	246	231
11	224	272	261
-4	215	215	270
0	223	202	269
4	238	216	256
11	244	216	251
3	239	241	252
0	237	262	245
6	229	251	260
5	230	261	250
7	232	268	260
9	239	266	262
11	228	284	280
22	232	268	288
29	238	272	268
38	231	276	280
52	231	283	278
66	239	262	287
79	257	271	256
86	254	268	260
102	250	265	270
115	249	249	278
124	263	239	252
131	251	243	281
141	266	241	263
141	252	236	286
146	265	227	268
138	258	246	275
156	266	248	276
171	265	218	284
187	259	234	281
192	270	227	268
192	268	243	272
189	280	273	271
190	291	336	252
126	266	354	289
154	277	361	277
161	279	362	276
98	262	296	274
186	293	310	260
-7	272	360	258
-1	271	351	270
-2	275	302	260
-4	277	291	263
2	275	348	268
-5	280	358	253
0	286	364	260
0	293	351	249
4	266	340	276
0	259	344	288
18	253	354	315
25	273	378	288
32	284	415	284
45	276	404	300
55	277	404	304
75	264	363	319
64	268	382	314
75	282	382	299
78	276	360	303
76	269	383	314
60	268	393	317
82	276	372	309
69	272	369	317
54	288	402	298
53	276	411	314
63	289	409	296
37	272	412	315
35	271	452	323
12	276	495	320
11	265	482	321
6	273	478	312
12	273	422	316
15	259	490	324
11	274	479	323
8	271	445	313
22	267	466	325
5	278	553	308
9	276	521	312
20	262	461	320
39	272	405	331
