0.683002
0.016917
0.016564
0.017107
0.015902
0.015956
0.016930
0.017244
0.017230
0.017217
0.018330
0.016866
0.017177
0.018175
0.017075
0.017064
0.018082
0.018215
0.017116
0.018449
0.019575
0.017162
0.017048
0.018236
0.017190
0.018749
0.017184
0.017232
0.018486
0.018950
0.017841
0.017749
0.017724
0.018765
0.019047
0.019051
0.017802
0.017969
0.019088
0.017950
0.024053
0.018904
0.017964
0.019389
0.018217
0.018178
0.019529
0.018435
0.018439
0.019772
0.019268
0.019505
0.018446
0.019182
0.019782
0.019796
0.018628
0.018779
0.018823
0.018817
0.025020
0.018834
0.018710
0.020040
0.018697
0.018887
0.018894
0.020445
0.020573
0.018974
0.020524
0.019958
0.020269
0.019677
0.020750
0.021127
0.021158
0.020919
0.019839
0.020113
0.026222
0.020153
0.020695
0.019423
0.019963
0.021348
0.020013
0.021532
0.020257
0.020225
0.021951
0.021605
0.021777
0.021826
0.020600
0.020556
0.022170
0.019977
0.020645
0.022221
