64	219	235	180
59	213	242	183
67	209	234	181
77	203	223	176
66	215	225	179
50	229	250	150
56	171	236	194
67	197	187	170
27	197	166	166
-1	209	188	150
11	208	186	139
10	203	195	140
4	201	204	138
16	206	196	152
22	213	189	156
28	215	186	145
32	226	173	146
48	217	158	140
32	212	171	145
13	199	187	152
11	202	185	150
10	195	171	157
4	193	173	153
5	194	163	148
5	202	157	130
19	204	137	115
28	201	123	117
52	211	108	117
65	218	102	116
67	225	101	109
81	231	85	106
85	235	92	103
84	239	100	106
81	226	115	116
69	212	118	133
77	208	108	138
75	198	126	148
80	201	116	148
80	204	112	146
82	198	98	155
77	188	107	165
76	188	117	169
77	189	136	164
77	186	145	170
87	180	139	166
83	176	143	167
65	171	172	173
63	176	187	160
52	187	205	144
31	180	235	147
29	167	257	154
32	167	255	148
38	167	260	145
38	161	278	146
59	171	268	145
69	171	287	149
61	185	318	146
67	178	344	168
63	207	355	158
67	216	358	160
47	219	378	161
78	233	340	152
79	239	362	137
81	236	380	136
73	248	389	133
51	249	405	123
52	240	409	133
51	243	408	121
66	238	387	120
27	234	429	128
33	224	417	137
48	232	393	139
51	238	378	125
49	246	373	120
49	228	394	124
26	219	447	140
187	198	422	155
210	195	404	154
210	198	422	155
197	211	418	149
197	223	421	147
196	239	430	141
85	257	433	137
129	246	389	151
63	256	450	138
25	242	506	146
18	219	525	156
20	200	508	171
36	194	521	177
28	195	491	166
68	185	482	175
33	195	500	159
47	186	512	172
40	181	541	187
33	210	517	162
51	214	532	170
89	231	506	158
107	232	507	152
186	238	442	144
179	218	384	151
69	213	304	159
242	204	300	151
254	192	272	166
259	203	254	156
258	206	234	149
273	231	205	125
256	232	204	124
223	239	213	124
156	253	250	112
139	252	265	112
