355	332	404	169
342	340	358	163
379	356	346	144
360	364	332	154
385	367	351	154
366	365	356	161
391	364	324	169
392	369	272	168
412	368	296	162
388	370	277	161
403	359	323	174
392	367	283	169
412	352	317	158
405	344	318	192
376	335	345	208
357	329	335	203
366	321	323	212
347	328	346	214
302	311	359	225
289	297	370	230
277	301	364	249
269	305	362	241
234	282	376	254
236	292	361	239
218	308	368	231
162	299	386	227
155	311	433	209
155	316	445	208
168	331	445	186
174	327	444	176
179	337	412	173
176	328	382	175
174	324	398	168
184	325	397	173
194	322	378	170
202	319	381	170
193	326	412	162
206	328	388	159
207	333	390	147
202	325	395	149
211	320	372	160
215	329	377	151
229	329	350	138
233	328	333	147
235	329	320	144
244	332	300	136
223	333	337	131
236	330	287	154
229	340	290	143
228	347	282	134
251	347	262	134
252	347	258	136
254	352	248	126
250	351	245	130
244	350	262	138
232	348	270	141
213	349	290	151
213	352	283	151
222	356	276	145
227	351	260	152
233	357	258	140
231	356	255	145
233	361	254	141
223	361	253	148
229	372	240	145
221	373	245	150
203	374	268	148
186	370	268	172
166	374	257	169
177	377	238	159
183	375	215	169
184	376	192	168
197	378	154	163
202	380	142	158
201	383	143	159
201	392	150	155
198	395	136	156
195	395	142	158
186	394	151	158
179	398	141	165
200	400	169	169
173	401	199	170
165	401	191	168
170	399	154	171
174	398	144	167
175	398	143	164
174	399	148	171
177	403	139	165
176	411	139	162
174	415	142	155
176	416	142	165
167	416	165	173
151	423	159	177
138	417	158	189
162	419	155	181
133	424	167	177
156	425	192	179
128	423	175	179
154	422	173	182
139	422	167	182
