0.563079
0.017097
0.016484
0.015837
0.016846
0.016955
0.018121
0.017956
0.018252
0.018128
0.018250
0.018385
0.018228
0.018317
0.018334
0.018256
0.018365
0.018333
0.018431
0.019957
0.020822
0.020184
0.018640
0.018698
0.020294
0.018672
0.020346
0.018898
0.018068
0.019206
0.019274
0.019070
0.019973
0.018405
0.019950
0.019952
0.019765
0.019744
0.019713
0.019742
0.024832
0.020947
0.020768
0.020763
0.020865
0.019555
0.020882
0.020742
0.019809
0.020846
0.020812
0.020830
0.020910
0.020961
0.021306
0.021375
0.012444
0.020272
0.020044
0.020046
0.025312
0.020126
0.020292
0.018916
0.019021
0.020290
0.020433
0.020353
0.021163
0.021083
0.021360
0.021204
0.021366
0.021247
0.021280
0.021287
0.021312
0.019779
0.021209
0.021167
0.026304
0.020844
0.019619
0.020859
0.021002
0.021133
0.020856
0.021355
0.021734
0.021107
