152	215	59	157
149	210	79	168
154	206	80	170
168	202	61	168
175	199	56	173
177	191	51	180
176	190	48	180
171	200	46	173
164	216	62	158
159	224	62	150
147	225	55	137
145	217	49	151
141	210	45	162
118	226	54	151
115	242	50	140
111	255	58	122
113	252	55	130
115	249	44	129
120	253	45	130
121	259	54	127
127	273	42	114
123	269	37	124
118	268	44	127
118	262	41	136
100	269	59	132
105	276	80	128
99	282	68	118
91	283	61	125
92	279	50	127
89	286	58	121
92	294	67	116
95	297	64	126
95	295	53	120
99	293	42	123
102	234	41	129
107	299	42	127
104	302	47	135
96	303	56	133
100	304	63	125
103	299	50	127
119	296	38	125
119	304	48	120
136	307	43	117
146	307	47	106
152	311	42	95
156	312	54	102
150	310	73	103
180	301	58	83
191	299	53	80
198	293	57	87
224	283	48	96
224	283	48	96
224	283	48	96
224	283	48	96
224	283	48	96
224	283	48	96
224	283	48	96
224	283	48	96
224	283	48	96
273	258	59	105
264	255	62	108
262	256	58	105
253	260	65	107
233	260	76	113
226	258	81	115
259	356	70	136
239	348	62	136
222	345	58	141
171	253	71	126
164	259	59	117
160	255	53	111
162	247	52	113
170	240	54	129
184	240	49	128
189	244	53	127
203	240	46	126
213	233	41	136
215	229	43	143
219	227	47	149
224	235	53	144
230	235	66	136
245	233	56	128
261	231	42	137
272	220	38	149
285	213	36	152
291	212	39	154
304	217	39	150
315	221	39	133
331	220	32	127
341	225	32	117
348	220	44	116
354	214	47	122
363	210	56	116
370	207	63	136
380	205	59	138
408	196	41	140
420	194	46	147
426	188	50	151
440	188	48	153
453	187	51	149
463	192	50	140
474	184	42	148
481	199	53	133
477	205	54	125
459	210	62	119
455	213	56	114
443	221	53	107
419	213	64	112
405	208	64	129
248	261	49	121
266	260	41	114
284	257	38	108
299	251	47	110
304	246	50	126
282	220	67	133
246	244	52	107
223	239	53	118
191	243	52	117
174	257	57	121
164	248	57	132
162	244	47	137
157	244	44	145
148	239	49	149
149	239	48	159
146	235	48	163
142	251	61	153
139	258	68	140
152	253	63	147
181	240	49	157
188	243	50	163
203	255	57	145
227	250	53	135
240	249	63	119
280	272	58	137
285	266	66	145
290	282	79	129
453	222	66	136
458	217	55	158
458	217	55	158
428	223	71	155
443	208	65	163
446	218	60	142
447	217	54	122
443	229	66	111
446	242	63	109
441	244	64	97
444	244	56	119
424	223	70	105
418	226	73	90
405	220	61	81
407	214	49	90
409	220	40	94
404	215	40	89
400	219	44	86
399	216	42	93
400	243	46	85
377	246	56	70
358	282	54	62
355	283	56	47
342	269	60	60
346	279	52	57
349	280	47	55
355	279	40	56
362	279	31	60
394	230	37	65
395	223	37	74
396	223	35	81
395	219	37	77
392	214	41	82
392	213	42	81
392	210	36	90
389	207	37	86
387	207	35	86
385	206	36	88
380	208	44	82
378	214	47	74
378	213	50	76
378	209	45	79
378	209	44	90
377	208	39	91
376	211	39	87
373	216	38	91
364	215	42	94
350	216	50	88
339	216	58	89
323	225	61	86
300	232	74	86
277	249	71	99
246	260	82	109
233	271	69	113
216	273	62	119
188	276	61	115
160	281	70	136
126	285	79	138
89	291	90	131
63	282	75	153
36	283	61	160
15	284	60	155
