435	328	54	132
435	323	57	142
432	318	69	146
419	320	89	143
430	327	80	139
442	321	70	142
434	319	83	141
459	325	69	136
470	316	65	148
475	315	64	154
489	308	53	170
494	299	61	172
495	295	73	186
499	295	84	192
501	305	107	181
516	309	121	180
532	314	129	202
570	310	109	220
574	322	124	206
574	319	140	208
576	329	146	196
581	311	160	228
580	298	161	240
579	316	195	217
604	304	192	243
626	309	183	225
666	307	162	253
708	316	140	249
721	317	129	231
709	328	146	259
720	333	130	216
723	322	138	226
726	312	121	254
731	286	115	271
735	285	118	277
727	272	119	268
730	262	113	277
722	266	116	275
715	247	128	276
709	242	119	285
682	238	129	264
655	222	145	275
664	224	128	274
656	224	116	260
647	208	114	291
622	210	130	294
618	211	135	295
610	199	132	317
603	212	142	308
622	216	116	297
645	203	100	328
632	216	131	311
646	202	124	339
663	221	118	319
673	225	111	294
682	231	116	300
698	239	116	298
954	226	135	339
710	212	139	326
722	235	130	307
731	222	113	308
740	220	120	319
752	224	108	312
764	238	112	290
775	227	127	314
789	241	129	300
815	251	119	288
834	248	123	300
849	266	125	269
856	239	140	281
868	253	131	282
884	256	115	272
883	243	117	279
902	244	102	279
894	245	113	267
907	242	90	255
903	246	104	259
909	250	101	236
913	237	99	243
910	241	90	236
896	228	106	224
896	223	106	230
895	224	90	229
889	212	90	224
893	212	89	225
891	212	87	229
867	208	99	235
865	211	102	226
872	230	81	211
872	233	78	205
865	231	82	222
852	244	89	208
846	239	80	214
824	245	91	206
825	261	73	209
804	246	80	227
793	260	85	226
745	267	119	215
730	264	119	220
715	269	125	241
701	276	122	230
688	286	126	207
694	295	114	204
679	292	115	215
650	287	129	213
632	284	135	220
610	268	141	260
603	261	136	277
592	270	129	279
578	258	115	284
555	255	120	299
510	269	138	293
479	264	136	307
441	266	156	319
416	259	154	329
391	242	147	323
367	232	150	336
354	225	157	318
340	201	175	329
354	186	165	362
339	176	184	360
357	169	169	349
383	167	158	376
381	158	172	390
390	155	174	388
413	173	201	423
411	167	218	432
455	172	196	423
466	209	206	434
475	225	191	435
470	208	206	461
464	236	222	468
442	200	220	463
431	200	209	469
440	217	199	484
433	206	207	485
422	217	232	479
418	224	232	484
427	213	244	458
464	200	204	496
488	205	210	486
497	198	211	480
515	211	207	488
504	209	219	472
510	196	199	466
509	201	210	479
508	183	208	480
515	164	199	485
488	181	221	473
463	164	239	483
451	169	256	439
480	178	209	477
464	172	229	484
491	169	256	470
528	190	258	473
535	184	277	464
567	188	283	440
622	203	234	482
648	176	231	487
675	179	250	480
709	176	271	503
704	176	264	481
727	178	263	470
772	204	232	475
763	190	244	470
791	187	220	499
771	194	228	480
754	173	229	458
734	169	230	453
718	159	239	466
706	142	221	435
698	140	230	451
711	166	216	437
694	139	200	435
681	138	186	450
655	161	184	433
653	164	173	410
650	169	179	432
662	179	181	407
671	178	189	388
689	189	179	400
692	195	196	375
703	200	201	350
714	192	191	382
741	186	166	372
744	174	170	349
759	186	157	350
765	189	159	340
769	180	156	342
793	190	141	348
779	189	155	344
774	184	167	332
801	181	145	364
817	182	130	350
819	185	139	339
846	205	122	332
855	202	120	327
849	191	143	338
863	212	139	344
864	221	143	313
862	230	145	305
880	226	121	329
872	225	113	317
853	216	116	322
826	245	136	288
802	237	174	301
804	241	147	302
790	252	168	308
776	250	184	306
793	246	153	301
812	274	130	272
802	256	130	279
797	256	137	275
781	268	157	283
796	245	131	285
791	245	119	293
767	243	129	306
759	239	127	300
750	241	142	304
747	261	137	301
739	263	142	322
