0.567682
0.019202
0.017608
0.017613
0.020159
0.017799
0.020455
0.016973
0.020612
0.019160
0.020774
0.019232
0.018027
0.018152
0.018097
0.018284
0.018231
0.017257
0.018260
0.017095
0.020518
0.017454
0.017358
0.018486
0.018595
0.018774
0.020224
0.018766
0.018530
0.018989
0.017421
0.018783
0.017698
0.018973
0.019068
0.017740
0.019011
0.018906
0.021873
0.019042
0.024010
0.017922
0.019151
0.019026
0.019175
0.019324
0.021977
0.020220
0.021549
0.020370
0.024687
0.020603
0.024986
0.020661
0.024841
0.023348
0.025061
0.020705
0.022316
0.018608
0.024576
0.018488
0.019816
0.022575
0.022292
0.020599
0.022069
0.022030
0.022081
0.020887
0.022514
0.022782
0.022639
0.021046
0.021123
0.022718
0.022897
0.019384
0.020595
0.019078
0.025585
0.020668
0.020656
0.020533
0.020635
0.023242
0.020728
0.020740
0.020602
0.020897
0.019477
0.020739
0.020709
0.020963
0.021033
0.021060
0.019760
0.020884
0.021093
0.020025
0.026224
0.019824
0.021326
0.020599
0.024455
0.022957
0.024478
0.022979
0.021372
0.020119
0.021485
0.024225
0.021528
0.020170
0.024604
0.024606
0.021762
0.022189
0.021759
0.021824
0.025457
0.020516
0.022006
0.020474
0.022047
0.020793
0.022062
0.024768
0.022920
0.022886
0.022796
0.024730
0.024913
0.020939
0.022128
0.022466
0.025165
0.021191
0.022243
0.022648
0.026284
0.021230
0.022686
0.021322
0.021276
0.022574
0.022601
0.022529
0.022200
0.022853
0.021657
