184	56	91	262
171	50	103	278
190	103	101	281
200	123	102	268
217	87	96	270
204	84	92	290
171	121	114	278
177	143	108	276
216	158	80	277
226	160	77	243
229	145	79	233
235	139	93	245
249	148	87	238
263	152	82	248
290	158	79	259
280	125	86	255
275	110	79	246
281	130	76	253
303	142	73	238
303	130	84	223
313	119	71	227
322	118	70	237
323	122	73	227
331	125	67	236
332	134	73	236
335	118	68	231
347	104	73	237
347	127	67	243
352	132	76	241
361	126	66	247
346	104	77	255
345	83	85	255
341	75	81	258
342	66	74	260
322	76	86	260
301	90	89	268
304	96	80	272
292	105	88	263
286	96	85	266
258	78	76	269
242	77	77	276
229	126	82	283
241	151	79	267
251	137	97	260
271	137	90	267
296	147	91	260
311	141	89	260
327	131	87	270
324	118	98	264
309	112	100	269
299	112	97	279
276	104	96	271
273	69	84	273
247	58	83	278
236	50	84	279
198	52	115	285
196	68	99	299
200	79	87	289
203	50	88	290
205	40	83	297
211	47	78	298
206	50	84	306
197	79	88	311
193	77	91	309
188	72	88	302
199	67	95	321
193	55	103	321
210	36	104	323
204	46	118	338
198	49	115	331
193	38	155	349
186	28	141	355
152	47	136	340
141	52	136	322
159	42	143	329
167	38	126	299
191	57	119	289
184	68	126	281
202	66	96	267
198	63	110	280
186	56	107	300
185	39	98	283
196	21	103	298
205	33	102	309
193	44	113	300
190	38	110	295
193	34	123	308
191	4	113	298
199	-7	108	293
195	7	116	312
194	21	124	306
172	4	148	296
180	21	139	313
158	88	143	308
121	120	143	316
64	126	126	305
32	130	145	276
92	115	133	264
100	136	143	257
130	138	143	236
151	137	139	213
199	123	107	225
206	124	119	223
205	138	119	216
207	138	111	230
189	155	108	217
207	132	98	220
211	130	86	241
209	128	95	219
222	143	89	219
213	156	71	221
198	140	81	222
206	121	92	223
224	117	95	240
224	84	108	239
221	97	113	246
223	137	106	241
213	130	109	239
223	113	112	239
233	126	105	246
237	128	100	246
