0.561587
0.016381
0.016194
0.015857
0.015757
0.017290
0.015973
0.016397
0.017216
0.016565
0.016587
0.016672
0.016744
0.019190
0.026297
0.017790
0.016871
0.016831
0.016905
0.016857
0.019268
0.017543
0.016921
0.026507
0.018868
0.017122
0.017065
0.017295
0.017213
0.017367
0.017114
0.017439
0.017552
0.017360
0.017490
0.017657
0.021489
0.017478
0.017666
0.017687
0.022529
0.017654
0.023537
0.017814
0.020022
0.017951
0.018726
0.018008
0.018270
0.018265
0.019187
0.019562
0.018464
0.018325
0.018336
0.018333
0.018161
0.018794
0.018578
0.018505
0.023306
0.018512
0.018588
0.018866
0.018742
0.018642
0.018900
0.018786
0.018465
0.018579
0.018548
0.018905
0.018910
0.018952
0.018719
0.018951
0.018859
0.018948
0.018849
0.019308
0.024589
0.021151
0.019494
0.027327
0.019773
0.019114
0.019191
0.019201
0.019196
0.021046
0.019401
0.028794
0.022285
0.019419
0.019585
0.022522
0.019567
0.019665
0.019666
0.019697
0.024691
0.021886
0.029642
0.020362
0.020388
0.020334
0.020258
0.020916
0.020089
0.020254
0.020109
0.020212
0.020251
0.020405
0.020465
0.021179
0.020703
0.020791
0.020712
0.020905
0.025668
