0.563037
0.015434
0.016158
0.016166
0.015210
0.015185
0.017148
0.017152
0.017098
0.017266
0.016373
0.016353
0.016502
0.016557
0.017555
0.016540
0.016551
0.016630
0.016711
0.016600
0.019042
0.016879
0.016689
0.017958
0.016766
0.016727
0.016950
0.016889
0.016878
0.019639
0.016937
0.018051
0.016914
0.018437
0.020149
0.021004
0.017331
0.018704
0.017241
0.018583
0.022356
0.017400
0.017360
0.017535
0.017507
0.017648
0.017666
0.018887
0.018888
0.018840
0.017651
0.018784
0.019372
0.019614
0.017774
0.018943
0.019501
0.018158
0.017771
0.018363
0.023153
0.018257
0.018219
0.018003
0.018477
0.018516
0.018394
0.018460
0.018254
0.018533
0.018459
0.018622
0.018470
0.018579
0.018605
0.019833
0.018546
0.018644
0.018573
0.019241
