0.566297
0.017569
0.017440
0.017491
0.017825
0.018670
0.019542
0.019846
0.018374
0.019759
0.019810
0.019692
0.019867
0.020423
0.018103
0.018324
0.018546
0.017262
0.017215
0.018369
0.020264
0.018646
0.019457
0.016970
0.017000
0.017066
0.019819
0.018673
0.018079
0.019246
0.017107
0.020635
0.020512
0.020813
0.017975
0.020036
0.021212
0.020838
0.017483
0.017303
0.022409
0.017567
0.018766
0.017495
0.018244
0.017399
0.018923
0.019104
0.018589
0.021399
0.017722
0.021683
0.019206
0.017923
0.019007
0.020897
0.017585
0.017919
0.020894
0.017923
0.020938
0.018139
0.020822
0.020981
0.019503
0.019625
0.019646
0.018226
0.018184
0.019662
0.019724
0.018456
0.022014
0.018293
0.020511
0.019217
0.020427
0.023365
0.019013
0.020400
0.023873
0.020756
0.020846
0.020691
0.020630
0.020774
0.020783
0.020815
0.020658
0.023357
0.020690
0.019377
0.020851
0.019303
0.020665
0.023389
0.019515
0.020932
0.019876
0.021203
0.026575
0.020010
0.021298
0.019748
0.021413
0.019990
0.020097
0.019481
0.019569
0.019474
0.019454
0.019581
0.019661
0.019778
0.019912
0.019975
0.019989
0.021621
0.019963
0.019757
0.025997
0.019774
0.021217
0.019877
0.019959
0.019862
0.021473
0.019935
0.020054
0.021221
0.020157
0.019917
0.020054
0.020000
0.021437
0.020252
0.021587
0.020399
0.020276
0.020348
0.025926
0.021887
0.020653
0.020653
0.020709
0.020787
0.020669
0.022178
0.020953
0.020887
0.022213
0.020833
0.022217
0.020943
0.022552
0.021050
0.022186
0.020906
0.022518
0.021131
0.027519
0.020937
0.022479
0.020930
0.021264
0.021356
0.025726
0.021324
0.021320
0.021361
0.022953
0.021331
0.021518
0.021420
0.023020
0.021927
0.023290
0.021693
0.023485
0.021799
0.028191
0.023188
0.023270
0.021918
0.021947
0.021975
0.021925
0.023902
0.022581
0.022303
0.024189
0.024071
0.023602
0.023462
0.024071
0.024467
0.024309
0.024167
0.024297
0.022794
0.029285
0.022684
0.024397
0.022710
0.022685
0.022711
0.023051
0.024712
0.024715
0.022729
0.025478
0.024544
0.024440
0.023145
0.024665
0.023141
0.023199
0.023132
0.024827
0.023338
0.029835
