0.552388
0.016200
0.014975
0.015845
0.015728
0.015676
0.016573
0.015918
0.015787
0.015823
0.016819
0.015770
0.017087
0.017116
0.017157
0.015963
0.017170
0.017316
0.016062
0.017132
0.019412
0.017227
0.017207
0.016275
0.017405
0.016370
0.016351
0.017675
0.016386
0.016411
0.017626
0.016377
0.017625
0.017668
0.017680
0.017838
0.017857
0.017811
0.018066
0.016839
0.022998
0.017954
0.017008
0.016928
0.018112
0.017043
0.017145
0.018028
0.017028
0.018360
0.018239
0.018282
0.018327
0.018481
0.018629
0.018575
0.017439
0.017302
0.018624
0.017550
0.023584
0.017457
0.017683
0.018741
0.017782
0.017471
0.018661
0.018784
0.017760
0.017770
0.017843
0.019062
0.019016
0.017782
0.019050
0.019203
0.019206
0.019237
0.019187
0.017946
0.023058
0.018082
0.019517
0.019442
0.018169
0.019612
0.018142
0.019603
0.019375
0.019611
0.018250
0.019786
0.019646
0.019824
0.019773
0.018647
0.019755
0.019877
0.020010
0.018555
0.024879
