0.558469
0.015389
0.016369
0.016383
0.015229
0.015332
0.016264
0.016347
0.016058
0.016139
0.017337
0.017403
0.016391
0.016350
0.017554
0.017670
0.017539
0.017472
0.017703
0.016673
0.018756
0.017655
0.016641
0.016643
0.016709
0.016709
0.018051
0.018035
0.016698
0.017156
0.017245
0.017173
0.018493
0.017278
0.017239
0.018718
0.017217
0.018941
0.017824
0.018609
0.022540
0.017705
0.017370
0.018369
0.017285
0.017350
0.017395
0.018613
0.017503
0.017982
0.017515
0.017605
0.019203
0.019047
0.018050
0.019078
0.017826
0.017809
0.017774
0.019379
0.022950
0.018070
0.017778
0.019738
0.018482
0.019529
0.019199
0.018415
0.018142
0.018133
0.018395
0.019534
0.018635
0.019964
0.018737
0.018351
0.018338
0.019569
0.019675
0.018450
0.023293
0.019863
0.018530
0.018506
0.019913
0.019990
0.018674
0.020343
0.019201
0.020695
0.020837
0.018845
0.018780
0.020250
0.018974
0.018984
0.018996
0.018996
0.019074
0.020531
0.024122
0.020825
0.020625
0.019083
0.019356
0.019259
0.019277
0.021117
0.020735
0.019376
0.019382
0.020803
0.019355
0.020875
0.019262
0.020831
0.019425
0.019634
0.019517
0.019758
0.024471
0.019599
0.019695
0.021126
0.019808
0.021333
0.021176
0.021312
0.019868
0.021456
0.020152
0.021549
0.020170
0.020099
0.020548
0.021587
0.020243
0.021636
0.020339
0.020561
0.025434
0.021868
0.021921
0.022260
0.022486
0.023261
0.020962
0.021878
0.021935
0.022504
0.022570
0.022451
0.021087
0.020998
0.021090
0.022596
0.022622
0.021144
0.021055
0.021220
0.026040
0.022709
0.021178
0.021096
0.021373
0.022743
0.021443
0.022920
0.023078
0.023086
0.023214
0.023389
0.021386
0.023407
0.021758
0.021734
0.021398
0.023403
0.021880
0.023341
0.026803
0.021963
0.022042
0.022047
0.022003
0.023662
0.022260
0.023490
0.021824
0.023479
0.021887
0.022276
0.023990
0.022099
0.022107
0.023522
0.022205
0.023576
0.022037
0.023559
0.027113
0.022209
0.022251
0.024209
0.024011
0.023993
0.022532
0.024240
0.022530
0.022515
0.022505
0.022125
0.022534
0.024242
0.022534
0.022728
0.024491
0.024293
0.022769
0.024387
0.028231
0.024991
0.023672
0.024996
0.023335
0.023435
0.023493
0.023349
0.024829
0.025074
0.025006
0.025028
0.023737
0.023774
0.023538
0.053993
0.025041
0.025048
0.023484
0.024968
0.028386
0.025035
0.025197
0.025165
0.025366
0.023621
0.023742
0.025364
0.023963
0.025542
0.023810
0.025330
0.024026
0.025358
0.025586
0.023993
0.025564
0.024189
0.024105
0.024223
0.030448
0.025547
0.025389
0.026148
0.024385
0.026161
0.024721
0.026498
0.025864
0.024530
0.024828
0.025002
0.024921
0.024801
0.026654
0.024965
0.026332
0.026431
0.026483
0.026559
0.029949
0.026664
0.025293
0.026336
0.024988
0.026482
0.024796
0.026347
0.026432
0.026721
0.025099
0.025428
0.025534
0.026471
0.025549
0.026807
0.026946
0.026814
0.025794
0.027004
0.028553
0.027152
0.025747
0.027199
0.028538
0.027365
0.025933
0.027429
0.026005
0.027425
0.026056
0.026160
0.026101
0.027226
0.026288
0.027809
0.026199
0.026151
0.026375
0.026345
0.031180
0.027759
0.026436
0.026398
0.026040
0.027489
0.026144
0.027948
0.026649
0.026721
0.026700
0.026798
0.026790
0.026637
0.028286
0.026449
0.027849
0.027464
0.027820
0.028219
0.032698
0.026808
0.028546
0.028309
0.028421
0.028428
0.028656
0.027309
0.027186
0.028654
0.027257
0.027423
0.027098
0.028599
0.028545
0.027313
0.027529
0.027562
0.027125
0.027089
0.032685
0.028559
0.028906
0.028782
0.028874
0.028659
0.027368
0.027966
0.029392
0.027541
0.029120
0.027900
0.028018
0.029417
0.029586
0.028150
0.028150
0.028160
0.027894
0.029477
0.034395
0.029459
0.029692
0.029652
0.028274
0.028041
0.030337
0.028769
0.030406
0.030316
0.030521
0.028652
0.030325
0.030646
0.030643
0.030608
0.030838
0.030832
0.030811
0.030835
0.034805
0.029948
0.030937
0.029248
0.030264
0.030252
0.030492
0.030164
0.030349
0.030428
0.029004
0.030524
0.030451
0.030642
0.030725
0.029107
0.031429
0.030152
0.028967
0.030285
0.035311
0.030334
0.029242
0.029219
0.029098
0.030633
0.030793
0.030811
0.030491
0.029342
0.030721
0.030824
0.030985
0.030894
0.030685
0.031287
0.031368
0.030042
0.030110
0.031758
0.036625
0.031745
0.031836
0.031562
0.029722
0.029852
0.030288
0.030293
0.030351
0.030075
0.031321
0.031456
0.030192
0.029863
0.029967
0.031406
0.031499
0.031639
0.031698
0.030237
0.036763
0.032382
0.032303
0.032346
0.030539
0.032164
0.032507
0.032682
0.030488
0.031040
0.030793
0.032552
0.032622
0.032522
0.032596
0.033033
0.031220
0.032731
0.031159
0.032772
0.037307
0.033342
0.032897
0.033500
0.031458
0.031608
0.031250
0.032803
0.034045
0.031932
0.034048
0.032221
0.032221
0.032267
0.033789
0.033764
0.034308
0.032132
0.033514
0.033774
0.038672
0.032404
0.033689
0.033787
0.034075
0.034202
0.033325
0.033790
0.033729
0.032072
0.033439
0.031860
0.033788
0.033569
0.033765
0.033976
0.034110
0.032415
0.033707
0.034122
0.038964
0.032410
0.032530
0.034238
0.034395
0.034631
0.033022
0.032792
0.034221
0.034363
0.034570
0.033962
0.034057
0.034465
0.034224
0.032625
0.032502
0.034082
0.034146
0.034165
0.039218
0.034054
0.032890
0.034845
0.034268
0.034443
0.034325
0.034625
0.034792
0.033113
0.032884
0.034686
0.035057
0.034992
0.035631
0.035177
0.035150
0.035121
0.035298
0.034966
0.040286
0.035572
0.035428
0.033745
0.035175
0.035384
0.033877
0.033638
0.035293
0.035456
0.033795
0.035531
0.035785
0.035722
0.035756
0.034067
0.035814
0.034071
0.034066
0.035384
0.041116
0.034184
0.034362
0.035718
0.035491
0.035902
0.035571
0.034286
0.036169
0.036287
0.035923
0.035617
0.034424
0.036310
0.036461
0.036623
0.036566
0.036516
0.036612
0.034870
0.039625
0.035970
0.036223
0.034573
0.036599
0.035058
0.036162
0.034959
0.036961
0.035520
0.035241
0.036835
0.036697
0.037728
0.036726
0.035271
0.035359
0.035380
0.037097
0.036154
0.041291
0.037677
0.037791
0.035945
0.037523
0.038095
0.038102
0.037200
0.037316
0.037568
0.037426
0.037705
0.036735
0.037676
0.037835
0.037591
0.035835
0.035818
0.037915
0.038062
0.041004
0.037946
0.037704
0.037907
0.037950
0.037645
0.037999
0.038088
0.038452
0.037848
0.037661
0.037665
0.037694
0.037774
0.037488
0.037662
0.036643
0.038277
0.038397
0.036642
0.041866
