432	280	44	57
427	275	47	62
425	273	38	64
424	275	38	61
420	275	36	63
418	275	38	62
416	275	42	60
412	272	44	64
407	272	51	61
405	273	46	61
405	270	39	63
403	273	45	62
400	274	50	62
393	272	58	63
387	273	61	62
376	276	68	64
391	275	54	63
387	274	52	67
377	275	58	69
385	275	54	63
379	271	54	67
374	270	51	71
385	269	52	66
381	268	53	71
388	269	50	72
384	267	55	73
379	271	53	71
374	270	62	67
368	267	70	70
364	267	74	68
364	269	65	69
374	270	69	67
375	271	67	68
376	269	68	70
367	271	76	67
366	271	77	67
364	265	71	75
365	267	60	74
361	266	55	77
361	265	49	87
366	271	60	74
362	271	63	79
359	266	54	83
361	269	51	81
358	271	51	82
358	269	50	85
356	274	59	77
356	271	59	80
353	276	64	74
361	273	54	77
357	271	57	79
356	272	56	77
359	269	41	81
359	271	36	83
360	272	42	78
358	270	51	81
352	272	58	79
351	270	52	82
355	270	44	82
356	272	39	81
353	272	45	81
356	272	45	81
355	273	43	82
352	277	45	78
352	278	46	75
353	276	42	79
354	274	43	81
353	273	46	83
350	274	55	80
351	275	46	79
348	274	55	80
341	274	62	80
345	276	60	84
345	273	57	82
348	276	56	80
345	276	56	75
340	277	62	80
334	283	62	73
326	288	73	67
320	284	78	78
324	278	72	86
327	273	58	88
322	277	60	86
322	271	45	93
322	275	37	93
321	277	43	93
321	283	55	85
320	281	53	84
317	284	55	82
312	288	61	80
307	287	61	79
304	289	62	79
299	286	63	84
305	287	52	87
296	283	59	88
286	287	71	85
281	287	72	85
274	292	78	82
271	282	78	94
273	283	71	91
274	280	72	92
