0.568788
0.017397
0.015449
0.015229
0.015411
0.015535
0.017030
0.016198
0.016264
0.017533
0.017558
0.016295
0.016387
0.016271
0.016732
0.016677
0.017922
0.016551
0.016590
0.016541
0.018774
0.018112
0.016797
0.016919
0.016965
0.016963
0.016980
0.016782
0.017931
0.017037
0.016979
0.016961
0.017031
0.017040
0.017085
0.017045
0.017238
0.017155
0.017254
0.017321
0.022257
0.017641
0.018527
0.018681
0.017518
0.017674
0.017350
0.018617
0.018745
0.017735
0.018891
0.017548
0.017483
0.019156
0.019194
0.017794
0.017667
0.017719
0.017748
0.017873
0.022749
0.018026
0.018044
0.018146
0.018183
0.018255
0.018370
0.018321
0.018205
0.019339
0.018263
0.018137
0.018275
0.018356
0.018288
0.019494
0.018542
0.018546
0.018618
0.018499
0.023348
0.018421
0.018429
0.018644
0.018604
0.019839
0.020017
0.018610
0.019958
0.018789
