0.593746
0.017029
0.016307
0.016299
0.015311
0.015366
0.016340
0.016360
0.016314
0.016460
0.017456
0.016374
0.016474
0.017470
0.018077
0.018242
0.017904
0.016584
0.016441
0.016635
0.019185
0.016886
0.016807
0.018119
0.016866
0.025980
0.016876
0.016875
0.017172
0.016982
0.018175
0.018128
0.017788
0.016900
0.016793
0.018126
0.016930
0.016994
0.017018
0.018372
0.022080
0.018753
0.018522
0.020097
0.017386
0.018706
0.018636
0.017443
0.018681
0.017785
0.018785
0.017791
0.018833
0.017353
0.018671
0.017531
0.017593
0.017931
0.021791
0.017903
0.020790
0.019015
0.018996
0.019452
0.017967
0.017913
0.019236
0.019288
0.018233
0.019476
0.019447
0.019544
0.021332
0.018344
0.018349
0.019653
0.019646
0.018402
0.018369
0.018389
0.023338
0.018446
0.018425
0.018601
0.018689
0.018653
0.018873
0.018804
0.019010
0.018990
0.019017
0.020136
0.018874
0.020346
0.019013
0.020523
0.020339
0.019079
0.020567
0.020946
0.024153
