0.555446
0.016065
0.018008
0.018025
0.025508
0.018053
0.019031
0.019126
0.019126
0.016812
0.017349
0.016929
0.017601
0.026223
0.016932
0.021658
0.020573
0.018992
0.018883
0.020497
0.021402
0.019440
0.020902
0.018346
0.018410
0.018424
0.017472
0.018727
0.017493
0.018725
0.018596
0.021089
0.021066
0.021013
0.019559
0.019520
0.020966
0.021531
0.020760
0.019876
0.024194
0.018847
0.017719
0.024460
0.019931
0.022910
0.021863
0.020424
0.020228
0.021775
0.020340
0.020504
0.020407
0.020688
0.022110
0.020563
0.020127
0.020263
0.024558
0.024464
0.023047
0.020554
0.021944
0.023198
0.022014
0.022529
0.020737
0.025340
0.022397
0.023832
0.020009
0.019969
0.020326
0.018950
0.018790
0.020144
0.020208
0.020658
0.019451
0.020737
0.024115
0.020612
0.020988
0.020593
0.019211
0.020393
0.021383
0.020849
0.020444
0.020490
0.019637
0.020944
0.019663
0.023682
0.019548
0.023372
0.021986
0.022042
0.023244
0.022974
0.027823
