0.555067
0.015338
0.015187
0.015206
0.015146
0.016279
0.016101
0.015978
0.016244
0.017212
0.017086
0.017262
0.016043
0.016126
0.016193
0.017479
0.016448
0.017586
0.017564
0.016526
0.020061
0.016625
0.016589
0.016533
0.016587
0.017628
0.016619
0.018008
0.016755
0.018061
0.017905
0.018055
0.017059
0.018070
0.017044
0.018401
0.017134
0.018299
0.017136
0.018346
0.022295
0.017261
0.018262
0.017183
0.017289
0.018470
0.020177
0.018613
0.017422
0.017495
0.017497
0.018854
0.017525
0.018741
0.017610
0.018734
0.017567
0.018644
0.017674
0.017917
0.022520
0.019051
0.017760
0.019096
0.017910
0.019033
0.017856
0.019149
0.017952
0.019489
0.018225
0.019574
0.018306
0.019517
0.018124
0.019386
0.018158
0.018461
0.018333
0.018352
0.024616
0.019742
0.018355
0.018595
0.018575
0.018591
0.018566
0.019923
0.018509
0.018584
0.018658
0.018650
0.018688
0.020056
0.018747
0.018707
0.018799
0.018925
0.020195
0.020259
