358	144	40	97
357	147	42	96
348	154	51	87
348	162	51	79
346	165	52	76
347	166	50	77
339	158	58	86
327	151	66	97
322	152	70	101
318	168	73	90
307	170	76	87
292	171	88	90
290	169	87	91
289	170	85	92
289	170	81	98
292	172	76	98
295	179	71	107
298	185	63	103
300	196	58	97
300	192	56	101
306	196	49	99
298	199	54	96
285	193	59	109
285	201	54	108
285	210	51	97
281	216	52	90
270	225	61	93
261	222	70	101
260	240	64	87
251	247	74	81
249	253	71	74
237	253	80	71
231	243	87	83
217	234	97	94
213	227	89	101
209	224	85	103
214	234	71	102
218	247	64	89
207	254	70	82
203	251	74	87
198	245	68	95
192	237	66	100
183	237	70	103
178	232	69	117
173	236	70	110
169	238	73	121
159	247	81	139
155	245	80	143
149	241	78	143
144	237	79	147
131	237	88	146
127	240	91	150
107	243	102	139
110	253	100	125
127	271	93	109
137	275	96	109
145	277	112	104
141	287	132	93
156	293	120	86
156	287	118	97
162	278	115	103
165	273	122	109
170	273	135	108
177	267	135	115
175	280	149	100
182	284	146	93
220	292	122	87
236	300	119	79
259	292	115	84
266	296	121	83
280	298	119	79
290	298	118	78
304	297	111	78
307	292	113	81
313	295	113	81
314	291	117	84
322	294	116	77
321	282	119	98
119	303	97	99
123	302	91	98
143	300	80	103
146	298	82	104
154	297	76	106
163	302	69	101
169	311	65	96
176	308	57	100
182	313	58	93
189	313	48	94
291	303	58	90
281	303	72	91
287	306	84	81
280	299	97	90
286	301	86	87
292	302	71	92
239	308	63	101
247	292	77	110
235	295	73	116
238	289	70	122
241	268	67	131
246	249	59	141
250	238	52	141
