3.561755
0.023486
0.017860
0.017733
0.017411
0.018485
0.028272
0.021720
0.020515
0.018975
0.018824
0.021535
0.019046
0.022047
0.017025
0.023125
0.022210
0.021316
0.022635
0.021427
0.022586
0.021170
0.019020
0.019115
0.018564
0.019457
0.018953
0.017922
0.021249
0.018307
0.017915
0.018296
0.017963
0.019475
0.017895
0.020217
0.021142
0.021472
0.021254
0.020112
0.024596
0.019975
0.019556
0.020010
0.019593
0.021289
0.020968
0.020089
0.019733
0.021438
0.019778
0.021222
0.013000
0.012295
0.013026
0.011932
0.013002
0.012023
0.011714
0.013368
0.011879
0.013373
0.019958
0.020625
0.012288
0.022145
0.012718
0.012999
0.014943
0.013275
0.012869
0.014684
0.014541
0.023072
0.025943
0.019448
0.019380
0.019673
0.019605
0.019491
0.022604
0.020647
