79	90	392	446
78	118	475	436
52	112	542	460
33	103	553	466
17	110	634	483
14	107	670	483
9	94	609	505
2	103	615	489
11	113	619	462
12	107	638	435
17	92	651	448
31	74	659	465
35	98	677	497
22	68	701	480
12	101	641	478
42	107	570	487
86	101	543	464
119	90	519	391
14	93	631	452
19	104	586	500
17	98	642	451
19	102	676	510
42	77	621	516
31	96	667	508
32	100	667	457
73	97	624	415
117	104	584	353
23	99	667	431
22	82	633	532
22	99	636	511
11	104	647	512
14	96	667	524
8	103	665	490
-19	98	587	522
13	100	527	509
26	121	443	490
44	106	432	391
74	101	394	379
140	92	369	402
164	109	370	381
159	142	446	378
168	127	556	384
40	118	629	464
33	105	744	496
38	117	742	497
23	102	768	524
48	94	693	495
69	104	637	498
49	106	660	503
28	101	699	517
23	110	691	511
14	94	706	530
14	91	661	536
4	95	628	523
-1	119	636	502
22	119	569	456
51	121	550	486
74	127	519	478
40	103	546	494
19	106	558	499
17	102	526	512
14	112	535	503
17	101	522	515
9	94	518	526
15	118	532	512
10	113	560	515
13	97	586	528
7	99	597	516
25	101	679	514
18	92	707	523
19	109	734	482
11	108	727	497
20	115	729	476
6	97	647	525
-2	93	656	513
22	101	678	504
19	108	691	487
19	106	703	495
16	106	717	500
3	105	740	452
0	103	730	458
8	96	719	503
9	100	718	476
8	88	717	521
0	89	744	522
0	81	716	526
-1	123	686	391
4	120	648	429
5	98	621	493
34	100	588	397
37	98	573	378
25	100	600	381
38	99	578	368
14	97	607	362
31	106	597	359
49	113	594	370
31	106	636	434
9	105	663	375
-5	110	682	406
31	103	665	517
17	96	683	515
