0.557931
0.016461
0.016586
0.015923
0.014765
0.018070
0.017577
0.016951
0.017059
0.016977
0.017202
0.017078
0.017329
0.017266
0.017141
0.017207
0.017343
0.017319
0.017193
0.017410
0.019626
0.019592
0.017181
0.017287
0.017584
0.018148
0.017826
0.018015
0.019000
0.021229
0.018047
0.018042
0.020512
0.018003
0.018025
0.017840
0.018025
0.018228
0.018137
0.018226
0.023217
0.018339
0.018187
0.027690
0.018547
0.018501
0.018729
0.018404
0.018598
0.019686
0.018494
0.018573
0.018515
0.018418
0.018751
0.018922
0.018436
0.019797
0.028058
0.016241
0.013746
0.011137
0.028221
0.018580
0.018508
0.017912
0.017628
0.027783
0.019038
0.018865
0.018956
0.019028
0.019106
0.019059
0.028422
0.019115
0.018979
0.019264
0.011370
0.019374
0.024169
0.019439
0.019337
0.019529
0.019767
0.019606
0.019547
0.019506
0.019462
0.020169
0.019900
0.019979
0.020271
0.020068
0.020098
0.020098
0.020201
0.020158
0.020184
0.020809
