339	163	92	113
346	155	80	127
341	154	74	137
332	159	71	135
322	156	78	150
293	167	98	149
284	173	99	132
278	173	92	131
263	181	105	118
252	194	79	116
249	194	71	120
238	198	64	112
226	206	72	115
215	217	76	115
204	208	64	102
190	214	70	105
174	219	70	88
157	226	61	74
154	210	54	89
151	199	59	98
147	209	63	86
144	214	69	90
146	204	67	97
145	209	66	84
141	210	63	80
137	222	68	79
137	219	71	96
138	211	65	102
133	198	62	114
132	218	67	99
133	206	61	111
137	218	63	101
142	189	64	104
148	220	63	96
154	226	63	101
149	216	58	94
146	228	61	87
141	236	59	73
144	228	58	78
151	230	56	83
154	233	55	87
152	237	56	95
157	232	57	90
163	226	55	86
168	231	56	93
172	213	55	96
173	234	59	85
179	227	55	85
179	227	60	82
178	231	58	96
178	223	61	101
184	217	49	88
181	220	55	100
175	228	58	99
179	222	53	100
181	221	57	97
187	218	44	93
184	229	53	85
184	223	49	71
186	215	43	75
182	217	51	76
180	222	52	78
181	224	50	88
185	212	49	89
183	209	53	91
187	214	55	95
183	219	59	92
190	208	54	89
193	209	47	95
186	209	49	97
182	210	50	97
172	207	56	95
170	210	54	97
166	210	53	99
161	212	55	101
165	209	52	93
164	204	52	96
162	203	54	102
156	211	61	98
159	209	56	96
158	205	55	103
154	204	54	105
148	210	60	100
155	215	60	92
160	208	59	95
167	209	55	99
171	211	57	98
173	215	62	91
177	208	60	95
177	213	59	92
176	210	58	100
170	216	63	98
167	217	62	90
165	209	56	99
160	212	58	106
157	220	60	102
160	215	60	102
156	213	60	104
159	218	59	96
154	220	64	95
164	217	65	94
174	217	63	92
179	214	64	94
178	219	66	95
183	221	63	88
188	218	62	93
193	217	56	95
189	221	60	88
187	223	59	88
183	218	56	98
178	215	59	95
173	218	60	96
170	223	63	90
170	218	64	92
170	214	58	95
163	213	68	95
161	217	64	92
166	216	62	83
168	213	61	93
164	214	61	95
159	219	65	92
163	217	65	87
163	215	65	91
168	210	58	96
163	213	64	98
171	215	63	93
176	209	47	102
170	206	51	101
162	209	58	97
158	217	63	87
163	212	50	98
158	214	60	95
153	223	62	89
148	225	68	91
152	224	64	94
148	216	64	91
144	219	64	90
142	223	68	87
148	220	70	77
157	215	64	82
155	215	67	89
157	225	72	90
158	229	73	84
165	223	65	91
166	219	66	93
166	222	71	87
173	213	70	87
185	199	58	99
181	202	58	97
177	206	65	101
181	208	65	91
186	200	49	98
186	199	55	100
178	207	62	94
171	209	70	94
180	201	64	100
182	199	58	100
177	202	63	97
176	210	74	93
185	205	62	102
188	197	48	106
187	206	60	110
184	213	67	101
180	214	79	100
181	210	71	105
171	211	66	102
163	218	76	103
162	218	84	102
167	216	73	106
168	208	70	109
163	215	76	105
166	220	81	100
171	216	77	105
172	214	76	103
171	215	76	103
163	225	92	93
168	217	90	90
181	205	74	97
179	204	75	100
173	215	84	92
174	212	91	92
186	203	81	96
190	203	72	99
185	208	77	99
177	211	91	100
187	207	80	95
188	201	69	102
183	204	75	103
179	207	84	97
182	201	76	91
185	194	70	101
174	191	81	104
171	197	89	101
165	200	105	101
176	191	86	105
169	195	80	96
158	195	90	100
158	192	94	107
161	188	108	107
162	185	116	101
153	187	96	103
150	195	116	92
160	190	114	102
163	179	124	105
159	190	147	94
146	191	151	95
149	194	149	88
158	192	140	85
159	195	137	83
156	202	127	87
155	193	142	98
179	193	122	83
181	189	124	76
167	189	135	92
156	189	132	99
174	190	123	86
188	187	111	82
184	194	120	61
171	192	135	75
187	193	138	71
191	189	126	77
200	186	138	72
190	180	143	91
182	183	144	82
174	184	151	78
183	175	147	79
192	170	130	99
196	173	127	84
198	176	123	78
207	175	138	84
202	169	148	83
211	172	132	94
182	196	142	92
179	180	148	102
175	183	148	81
170	192	147	74
162	199	163	61
158	185	172	75
170	200	166	86
183	188	151	85
182	187	154	77
176	176	175	90
187	166	170	113
183	173	177	113
177	183	174	83
174	190	161	83
174	185	164	100
184	191	168	95
186	196	160	92
176	204	185	92
175	204	210	101
