0.554142
0.016173
0.015172
0.015048
0.016081
0.015187
0.016009
0.017215
0.017285
0.017192
0.017085
0.016137
0.016215
0.016123
0.016240
0.016211
0.016267
0.016350
0.016383
0.017680
0.018657
0.016391
0.016457
0.016390
0.017540
0.016545
0.016608
0.016704
0.017823
0.016688
0.016678
0.016779
0.016800
0.018031
0.016913
0.016851
0.018008
0.018334
0.018208
0.017122
0.022993
0.018295
0.018350
0.017369
0.017288
0.017468
0.017204
0.017284
0.018514
0.017253
0.017166
0.018459
0.018511
0.017215
0.017361
0.017432
0.017495
0.018862
0.017546
0.017745
0.022484
0.017852
0.017859
0.017789
0.017911
0.017812
0.019135
0.017848
0.017779
0.017818
