0.561872
0.015051
0.015571
0.015394
0.015887
0.016115
0.016355
0.016301
0.016532
0.016887
0.016617
0.016590
0.016607
0.016677
0.016816
0.016626
0.016577
0.016973
0.016847
0.017462
0.019582
0.017196
0.017519
0.017498
0.017382
0.017360
0.017311
0.017410
0.017622
0.017032
0.017199
0.017642
0.017086
0.017171
0.017448
0.017646
0.017583
0.017344
0.017600
0.017421
0.022439
0.017473
0.017578
0.017593
0.017911
0.017692
0.018048
0.018387
0.017754
0.017975
0.018090
0.018098
0.018067
0.018097
0.018328
0.018523
0.018214
0.018743
0.018476
0.018626
0.022166
0.017496
0.018509
0.018345
0.018580
0.018313
0.018465
0.018251
0.018382
0.018660
0.018444
0.018563
0.018604
0.018544
0.018694
0.018623
0.018746
0.018733
0.018724
0.018883
0.023760
0.019014
0.018918
0.019043
0.019083
0.019434
0.019234
0.019391
0.019509
0.019395
