603	281	160	287
623	292	138	280
644	300	109	259
646	291	101	265
653	286	94	278
658	289	91	282
655	293	91	272
658	290	90	277
656	288	89	278
653	286	93	281
634	285	117	284
641	277	121	286
644	286	109	293
640	287	115	286
636	285	111	287
623	295	120	272
623	284	113	286
630	281	104	288
630	276	109	299
632	284	106	287
637	283	97	296
641	281	94	295
635	281	108	296
639	282	107	287
644	292	103	283
645	291	101	271
642	294	107	269
645	289	95	267
649	287	89	275
651	289	88	273
648	291	94	269
646	294	94	273
646	290	86	267
648	291	89	267
639	287	102	274
628	294	114	269
629	291	109	266
623	293	115	272
626	290	108	268
614	285	119	275
610	290	121	262
605	287	123	270
584	289	141	267
577	293	154	267
587	292	142	266
577	299	153	254
595	298	131	250
596	306	137	233
599	310	135	249
614	291	116	265
611	300	123	254
613	303	123	251
618	286	122	265
627	290	115	263
639	288	104	260
644	282	106	265
653	292	96	254
651	290	106	264
643	285	100	265
645	289	103	247
641	293	101	260
636	286	105	276
631	293	110	273
629	292	110	265
623	283	109	260
615	289	116	272
602	282	133	273
588	295	143	264
585	302	153	262
587	300	150	264
587	293	149	262
597	304	138	238
621	306	108	245
617	298	121	256
611	294	122	252
620	300	116	253
626	281	114	256
629	292	115	265
632	284	118	267
647	292	102	236
651	291	106	250
649	281	111	277
647	284	109	259
642	285	116	280
648	292	108	269
651	283	113	271
661	289	99	275
664	287	92	270
656	284	109	273
641	288	124	273
649	295	113	273
645	292	124	268
653	298	116	253
655	294	124	260
664	296	115	265
677	288	102	269
683	296	101	245
691	287	97	246
702	298	87	256
704	289	104	274
690	281	127	267
706	287	121	269
700	293	136	259
693	295	154	267
692	300	170	270
718	286	150	280
720	280	154	286
723	291	162	271
730	301	158	264
725	300	164	257
732	292	154	276
728	286	141	277
727	286	130	276
724	294	126	269
716	299	137	265
714	288	130	288
706	289	123	291
709	298	107	276
699	289	106	284
689	284	108	291
690	279	103	292
693	278	111	300
700	281	114	288
681	268	145	303
689	276	136	309
689	277	135	302
681	273	154	309
677	290	180	301
681	274	154	304
687	292	148	294
696	266	151	319
701	282	142	313
693	282	159	315
694	287	150	306
695	286	139	297
696	270	145	309
683	282	168	309
677	290	167	295
684	277	165	308
695	283	152	303
700	288	148	290
706	292	139	283
707	289	136	286
710	298	138	282
711	301	130	271
704	289	133	287
704	290	127	276
702	295	132	268
719	286	116	283
707	297	126	265
713	290	117	274
709	303	117	252
709	288	114	260
711	297	109	255
710	289	102	259
706	295	103	253
709	291	99	249
710	295	97	253
712	286	98	259
715	286	97	259
712	287	105	253
704	294	117	269
692	289	133	270
691	291	127	267
687	289	126	271
699	287	119	275
705	281	115	282
682	289	146	279
693	290	142	284
692	286	141	289
693	279	121	284
700	277	109	283
697	283	110	257
693	285	111	276
675	277	125	282
667	281	114	275
663	291	106	266
661	282	100	270
666	285	95	272
670	283	93	274
676	282	95	275
679	291	94	262
684	289	99	264
688	290	103	251
699	292	102	243
708	295	115	262
714	294	119	249
715	297	127	255
724	297	126	252
726	285	121	272
730	291	112	262
726	291	116	270
726	286	114	274
721	289	119	272
713	286	127	277
698	282	132	276
715	285	102	256
699	276	128	286
684	280	133	284
685	281	119	285
676	285	110	275
666	283	108	273
657	281	112	266
638	278	134	280
634	276	146	280
635	277	140	280
659	281	113	277
673	280	104	274
682	279	124	276
685	283	131	287
700	284	117	286
691	275	137	283
713	287	119	279
721	293	131	274
729	285	141	259
735	282	144	267
746	284	150	272
745	286	154	266
752	276	147	284
747	280	144	277
749	279	139	280
747	279	141	281
732	274	153	294
713	278	161	293
711	287	128	281
691	285	138	283
692	278	134	278
679	280	142	281
672	281	131	291
658	281	120	278
652	289	114	275
648	279	99	282
636	276	104	279
624	275	121	282
617	272	121	282
600	275	131	289
582	273	118	285
568	283	117	275
555	290	119	270
533	281	125	282
510	288	145	281
496	288	127	273
471	283	150	283
469	282	125	283
467	286	120	281
444	284	136	293
431	276	131	297
412	272	146	303
399	280	141	289
391	270	142	296
393	289	132	284
404	282	110	297
389	274	128	293
390	280	116	302
384	294	114	288
379	277	121	297
370	283	116	296
366	285	101	298
344	279	120	298
349	293	105	292
329	285	121	291
330	292	107	283
322	285	108	293
309	284	116	290
302	290	119	278
300	288	108	278
302	284	105	285
313	274	94	300
314	285	98	288
318	284	95	290
326	287	96	291
341	288	84	286
336	290	100	284
345	286	92	286
348	290	85	289
345	295	94	284
352	288	83	285
352	290	86	282
348	290	98	283
344	286	103	290
350	282	95	286
349	286	98	300
344	285	108	301
340	286	103	300
349	282	95	296
355	283	86	289
353	290	80	280
354	288	81	279
344	291	93	277
333	291	107	276
335	296	107	266
350	292	88	271
366	286	80	274
366	285	91	270
367	296	98	269
377	295	95	279
388	299	86	266
395	293	90	262
394	287	110	269
395	281	110	265
403	285	95	274
404	293	94	266
410	291	89	269
417	303	83	257
409	297	97	259
393	294	119	262
389	289	131	273
392	285	138	273
427	294	103	262
435	301	94	264
439	306	90	264
440	300	86	269
439	299	86	273
440	306	100	267
453	304	94	257
465	296	79	268
463	298	91	261
464	296	102	268
471	292	104	272
480	291	110	272
487	303	136	253
485	299	156	257
489	294	157	262
484	291	173	259
491	290	164	260
485	296	168	251
483	301	166	253
475	297	165	257
482	297	127	257
484	312	116	245
474	304	102	257
470	303	100	255
467	299	88	262
463	305	91	260
447	299	85	266
427	298	95	268
422	302	90	261
416	303	90	267
401	299	105	270
377	293	136	277
364	284	108	284
340	300	119	272
348	292	98	270
331	303	99	255
332	304	86	259
318	299	84	262
309	298	89	264
290	293	111	272
284	302	108	259
287	297	104	267
291	300	101	258
301	301	90	256
299	299	103	263
295	299	123	262
311	300	118	265
349	293	89	266
360	301	86	264
358	292	105	263
360	294	119	259
367	297	120	266
364	292	133	266
366	291	123	263
359	294	120	267
364	303	104	264
363	291	104	272
356	293	104	279
356	285	98	282
337	300	110	285
351	301	86	264
336	302	94	268
317	299	105	280
314	288	96	272
306	303	101	261
298	299	109	266
305	313	93	253
294	307	107	260
313	307	90	257
312	298	101	260
312	303	105	257
319	295	97	259
319	312	106	252
320	299	104	257
326	305	111	252
331	311	115	256
344	304	106	254
341	296	107	269
354	296	96	269
349	286	101	276
347	291	102	283
341	288	121	281
335	291	131	283
342	297	103	276
334	296	111	269
337	294	102	271
334	291	106	277
329	285	113	269
332	291	111	267
331	298	109	270
337	292	102	275
347	288	94	285
349	291	97	275
336	289	118	288
341	295	110	276
351	299	102	260
358	300	96	273
362	301	99	257
370	297	93	271
380	299	88	261
382	302	94	253
382	296	92	254
382	303	87	259
375	295	95	253
370	294	96	265
367	291	98	264
356	290	109	272
359	292	102	265
358	302	101	259
353	294	106	270
351	283	94	284
343	292	101	285
341	302	99	266
325	292	117	278
328	286	103	283
324	288	110	290
317	287	115	295
313	281	115	293
306	283	123	308
307	272	112	316
298	287	113	314
310	277	96	311
311	276	90	321
308	270	94	328
296	274	105	332
288	267	110	331
283	267	114	333
288	265	118	341
277	261	134	344
266	252	134	353
252	249	150	354
262	261	124	353
260	264	118	345
253	264	130	349
249	277	124	348
249	278	113	342
236	272	127	346
238	282	121	346
233	268	124	347
219	273	137	366
206	261	153	355
206	252	154	372
196	249	148	381
173	243	179	378
177	245	167	376
170	257	170	385
175	253	153	384
172	257	156	396
189	252	138	408
179	251	165	401
193	238	150	391
190	246	169	395
170	248	207	386
200	246	166	383
225	243	154	374
231	258	149	375
240	245	144	372
248	252	154	374
221	240	193	379
242	251	168	375
243	244	156	372
253	250	135	375
254	252	135	370
249	243	160	376
252	242	166	387
222	241	210	385
240	249	183	383
234	255	170	369
234	254	160	365
229	259	151	376
199	241	174	383
211	266	144	389
200	253	136	372
184	249	150	376
169	248	169	378
175	251	164	378
168	245	166	384
172	251	150	374
170	246	152	379
161	245	163	365
159	251	159	375
159	249	150	367
147	257	159	368
132	262	170	354
133	278	180	337
135	270	185	358
137	265	202	348
164	265	179	338
193	268	148	358
217	274	131	347
224	259	136	340
237	278	146	329
263	273	121	334
275	267	120	335
277	260	148	343
281	257	153	351
288	262	149	340
296	270	133	340
293	266	131	344
289	271	134	332
286	258	127	344
289	265	134	342
290	258	125	338
289	275	122	319
299	271	108	311
300	276	119	320
306	267	106	319
311	277	94	322
309	277	94	312
304	283	103	306
290	282	133	317
280	269	135	311
295	273	104	332
281	281	117	324
278	278	117	316
270	277	123	327
267	270	124	330
255	265	133	331
251	281	136	339
241	277	143	342
253	266	118	340
245	281	132	339
231	269	140	329
226	261	141	350
219	269	135	358
215	262	134	371
192	262	153	372
179	266	168	361
162	257	189	367
169	261	176	375
168	246	156	385
166	254	155	382
171	249	138	394
154	244	163	393
152	249	172	398
159	244	165	395
161	241	164	403
173	247	154	391
174	260	163	384
195	247	133	382
199	248	134	373
201	247	127	373
210	249	122	370
194	258	149	358
196	259	153	341
203	271	168	360
216	246	149	358
233	255	133	366
228	249	165	378
244	247	156	364
265	255	143	366
270	244	158	371
291	254	135	366
290	242	133	386
291	237	121	398
289	245	123	392
272	247	131	394
253	243	141	391
256	239	127	392
216	244	156	404
216	227	146	387
195	253	146	402
170	259	164	388
165	252	158	388
157	250	162	389
157	256	166	377
170	253	162	377
174	246	158	391
191	251	145	371
183	241	163	377
206	250	158	373
229	240	128	362
225	249	158	376
232	247	167	380
245	241	172	380
278	245	147	381
298	254	153	368
303	241	169	372
302	232	211	383
300	242	237	374
301	231	223	382
306	249	181	369
311	252	212	382
267	225	238	385
273	247	249	384
232	241	249	377
242	241	208	384
223	244	173	382
198	259	164	369
204	251	136	368
165	256	165	375
159	254	162	362
150	271	175	343
149	254	174	360
154	237	154	367
156	250	152	372
153	251	165	364
149	256	187	367
174	248	161	382
199	254	151	357
218	258	151	361
235	247	145	363
237	251	182	381
268	243	160	389
302	256	199	381
303	248	239	371
309	250	217	382
335	245	178	385
347	236	174	385
365	243	163	395
360	242	186	387
384	235	170	386
396	237	194	380
388	234	224	384
416	244	246	369
447	244	223	360
491	257	194	362
519	263	185	346
509	243	215	360
534	239	198	377
570	240	168	376
572	249	180	369
597	236	173	374
626	242	154	378
644	237	150	369
654	249	158	353
653	248	186	360
666	244	182	368
686	255	166	357
698	255	166	351
702	252	167	351
726	255	144	367
717	243	164	360
734	246	157	380
747	241	161	376
774	253	147	356
774	246	151	366
792	247	165	365
794	238	193	381
824	240	168	384
836	239	166	397
829	236	174	396
856	230	129	390
858	232	125	377
837	227	143	387
825	231	156	393
806	240	180	385
807	232	167	374
817	239	145	369
832	237	122	371
819	241	137	365
822	230	138	375
816	237	135	366
807	239	141	371
820	234	126	372
798	233	156	379
811	232	147	375
801	235	158	372
814	249	143	364
822	229	140	370
821	249	140	371
848	233	112	381
848	238	130	390
850	229	140	388
851	219	147	410
858	222	145	417
833	215	160	408
825	217	166	405
840	225	150	415
821	211	162	423
797	215	185	419
823	222	134	425
787	224	175	417
777	227	175	406
786	219	181	414
809	226	144	418
788	225	159	420
787	211	149	434
767	215	159	428
760	229	156	408
747	233	171	398
733	230	175	404
720	231	180	407
720	222	166	389
719	239	150	394
715	228	151	387
716	240	141	384
723	234	139	380
703	236	158	384
699	240	149	370
697	240	141	380
675	231	159	384
666	246	170	383
660	242	165	383
629	240	169	383
616	246	159	378
600	247	158	370
595	237	157	381
591	253	165	394
584	236	164	375
587	250	157	391
596	237	145	388
610	234	148	385
629	242	146	379
646	228	147	396
636	241	176	385
655	233	178	382
672	247	172	388
693	248	156	382
696	239	176	372
720	240	170	382
758	246	146	389
769	254	145	373
784	238	149	372
806	240	148	383
832	230	153	395
838	217	184	409
857	222	181	417
884	220	158	407
897	229	155	409
909	215	149	413
925	228	162	404
932	217	175	414
939	234	180	395
941	230	181	387
951	227	162	400
946	229	163	395
938	231	165	390
915	226	183	401
878	223	189	409
875	219	176	411
854	219	157	405
851	227	155	403
