102	150	80	144
113	142	58	142
119	133	56	148
123	139	66	143
121	149	76	134
122	146	85	142
126	141	72	145
131	139	68	148
136	130	65	161
145	116	62	180
152	110	66	185
157	117	85	182
168	120	87	183
186	133	77	172
205	143	79	160
226	164	71	150
243	181	66	130
252	182	69	133
263	186	55	134
264	187	58	139
270	201	69	126
290	198	68	135
314	197	76	142
327	214	81	123
352	218	90	112
352	218	90	112
352	218	90	112
467	284	86	125
467	284	86	125
467	284	86	125
467	284	86	125
467	284	86	125
467	284	86	125
467	284	86	125
455	263	87	131
446	256	104	150
445	254	83	147
434	261	86	143
416	257	99	153
411	256	105	157
611	154	97	137
604	156	84	128
597	160	73	126
586	166	74	123
576	173	71	117
583	171	54	118
575	176	59	127
563	175	69	124
552	180	76	120
534	188	89	114
524	191	91	119
510	194	111	120
554	181	88	120
562	177	84	116
573	182	79	110
580	180	90	116
588	185	85	114
610	185	58	112
611	179	55	112
607	185	62	107
607	181	73	112
597	190	95	104
604	191	85	101
614	189	72	108
621	195	76	102
630	196	80	109
648	197	76	122
663	218	79	117
672	248	91	109
694	256	103	108
713	263	87	113
724	270	95	105
770	269	81	128
788	274	80	140
800	277	92	141
819	278	94	142
845	271	77	149
867	268	65	158
889	264	57	166
894	269	81	159
906	251	81	168
919	235	72	174
921	238	78	160
924	235	82	160
924	237	88	156
928	235	76	159
926	238	66	144
929	228	58	155
933	224	57	162
926	220	64	157
935	243	82	158
936	251	118	135
927	231	94	146
938	217	73	165
943	212	70	168
945	214	75	165
943	209	82	170
944	211	84	171
946	216	91	164
966	207	72	173
