0.563190
0.016763
0.015641
0.015614
0.015531
0.015684
0.017545
0.017625
0.017741
0.017940
0.017817
0.018066
0.018630
0.018225
0.018371
0.018503
0.018714
0.018533
0.018874
0.019122
0.019473
0.017238
0.018793
0.018919
0.018698
0.018670
0.019363
0.018909
0.019364
0.019024
0.018871
0.018954
0.019077
0.019108
0.019532
0.019311
0.018947
0.019165
0.019131
0.019417
0.024482
0.025857
0.019448
0.017968
0.022337
0.018240
0.018201
0.018138
0.018108
0.018185
0.018388
0.018346
0.021279
0.018727
0.018681
0.018943
0.018682
0.018844
0.018368
0.018574
0.023345
0.018632
0.018576
0.018739
0.018692
0.018818
0.018999
0.018966
0.018916
0.018871
0.019161
0.019180
0.018965
0.018980
0.019179
0.019057
0.019035
0.019404
0.019450
0.019475
0.024356
0.019486
0.019359
0.019281
0.019701
0.022341
0.019513
0.019544
0.019469
0.021445
0.019614
