170	351	46	49
170	347	43	49
170	343	38	53
169	350	39	45
169	350	38	45
168	347	36	46
167	350	38	45
166	348	37	46
168	347	34	45
171	345	32	48
171	347	35	47
172	344	32	47
172	343	31	49
174	344	30	49
173	346	32	47
175	343	33	50
176	344	35	48
177	344	35	48
180	341	31	51
181	342	31	50
184	344	31	47
185	344	31	48
188	343	30	48
190	344	34	48
190	343	34	49
193	342	32	49
195	345	30	47
197	345	30	47
198	343	33	46
199	342	33	49
201	344	35	46
203	340	32	49
203	340	32	49
206	342	32	49
209	342	31	48
213	341	30	51
217	341	29	50
217	342	29	47
222	340	26	51
224	340	26	50
227	342	27	47
232	340	23	51
235	340	26	51
238	343	28	50
240	341	27	52
246	341	24	54
247	344	26	51
247	343	28	52
252	342	27	50
254	343	28	52
257	344	30	51
256	341	31	54
258	342	32	52
259	346	31	49
259	346	34	49
260	342	38	51
261	338	43	57
259	339	53	59
256	339	52	57
253	337	50	60
250	339	51	57
251	338	49	56
249	340	43	54
247	338	45	58
245	339	48	57
244	338	49	59
242	338	49	58
241	338	53	59
245	334	44	60
246	335	43	61
244	336	45	61
244	337	42	58
244	337	43	60
242	338	46	61
243	337	44	61
244	336	43	62
244	339	44	61
243	342	44	55
243	342	44	55
243	343	46	55
240	342	48	55
240	341	48	58
238	343	49	55
234	343	51	56
232	344	47	52
231	346	45	51
223	347	52	50
219	347	56	51
214	346	56	52
210	349	56	49
