0.553321
0.016494
0.015919
0.015951
0.015813
0.015734
0.018937
0.019119
0.018826
0.020046
0.019122
0.019038
0.026856
0.017105
0.018517
0.018730
0.017283
0.017193
0.026862
0.017678
0.019590
0.027041
0.017671
0.017448
0.017609
0.019045
0.017709
0.017688
0.017576
0.017652
0.020816
0.020653
0.017716
0.017571
0.020597
0.020602
0.020684
0.020753
0.017927
0.017857
0.020931
0.022472
0.018012
0.020909
0.021090
0.021184
0.018487
0.021282
0.018423
0.021184
0.027402
0.021334
0.018421
0.018728
0.019631
0.018473
0.024310
0.021442
0.021388
0.021504
0.023514
0.018956
0.018797
0.021701
0.021631
0.018986
0.018898
0.021883
0.022176
0.019204
0.019211
0.021989
0.019323
0.019216
0.019330
0.022187
0.022418
0.021494
0.020846
0.022624
0.022960
0.022501
0.027734
0.019642
0.019629
0.029233
0.019780
0.019948
0.019909
0.029434
0.019975
0.020269
0.029422
0.020184
0.020239
0.023108
0.020364
0.029891
0.022695
0.020308
