728	427	103	150
733	422	96	150
725	418	96	147
716	414	89	139
703	413	93	137
691	425	107	128
679	424	104	132
665	421	102	137
644	425	102	152
617	424	120	163
599	436	124	154
580	440	142	155
555	432	121	139
537	433	98	151
521	425	85	152
499	419	88	152
485	416	81	147
484	413	74	137
494	408	82	146
496	404	78	153
497	401	92	149
507	405	93	150
526	412	106	145
520	412	125	149
536	397	128	152
559	385	131	160
593	383	125	159
605	395	132	145
625	400	121	137
634	396	117	128
666	404	96	125
672	398	83	128
684	399	76	137
693	393	73	143
709	400	63	156
712	408	64	159
708	417	91	151
706	407	97	157
724	398	76	141
728	379	78	150
727	364	96	160
487	414	102	163
525	400	82	162
545	398	67	168
569	406	73	159
580	417	89	158
588	416	91	149
597	414	82	150
598	413	77	154
598	412	80	155
609	412	72	152
614	415	80	152
611	432	102	142
619	443	102	138
647	439	85	140
669	441	65	142
695	460	61	149
710	460	62	152
727	477	59	178
734	492	60	184
743	519	66	177
753	521	63	181
760	484	57	193
764	466	58	196
759	442	74	188
766	441	71	183
770	431	70	200
774	448	67	193
777	471	74	192
775	494	80	193
764	507	89	178
741	504	106	179
707	491	97	177
690	485	88	169
653	490	98	151
634	499	122	144
627	478	143	162
655	458	135	173
685	444	121	171
699	437	115	176
700	448	126	160
698	461	147	148
723	468	129	139
727	460	118	138
716	451	108	145
706	443	90	150
678	438	96	153
671	443	95	153
668	432	109	164
667	385	129	194
678	376	132	187
698	384	122	171
751	391	91	159
763	381	98	164
793	375	86	161
629	355	85	155
625	363	91	153
632	367	71	157
635	364	59	154
636	366	51	157
635	366	48	154
