668	340	68	84
684	334	70	92
701	341	77	79
706	341	80	73
706	341	80	73
861	281	67	86
875	273	85	82
901	265	73	97
912	255	71	110
911	249	78	121
910	245	81	123
910	229	85	136
901	241	102	131
918	244	95	108
941	248	90	98
949	253	95	97
951	255	95	110
957	255	105	134
970	258	105	167
978	271	98	177
986	302	92	190
986	304	96	193
995	301	90	181
994	294	101	167
1003	277	111	153
1022	266	115	154
1027	277	143	127
1038	273	146	114
1021	267	161	94
1068	247	157	109
1092	245	146	100
1137	225	114	109
1160	211	110	110
1178	216	103	106
1190	233	97	106
1203	242	80	107
1210	238	72	135
1212	249	71	138
1216	261	62	145
1214	281	62	131
1212	287	61	125
1209	272	70	140
1216	254	62	125
1214	259	61	113
1209	265	65	125
1205	305	72	127
1205	320	71	124
1206	325	70	115
1218	337	57	113
1234	347	50	122
1242	358	45	129
1252	378	33	132
1252	391	42	138
1249	407	50	135
1238	416	69	134
1236	449	74	116
1227	446	90	130
1218	473	101	134
1212	469	108	158
1203	466	133	167
1190	469	166	170
1179	476	171	204
1189	495	174	181
1198	474	160	178
1199	453	164	183
1197	442	168	215
1185	432	179	247
1170	429	202	256
1156	438	213	264
1165	445	207	261
1157	444	235	274
1170	444	258	273
1175	441	247	266
1173	421	237	283
1160	413	258	302
1161	424	281	281
1160	429	315	276
1166	450	295	239
1187	429	258	274
1165	433	277	272
1158	400	275	318
1170	398	295	300
