355	332	404	169
344	349	352	153
387	354	326	149
376	366	305	148
407	372	309	146
374	368	334	154
390	370	307	163
381	372	278	157
388	376	281	154
396	373	253	155
393	369	263	162
392	366	277	167
390	353	267	162
401	345	251	192
376	345	254	187
377	339	276	189
369	322	230	204
365	330	215	213
365	319	262	205
335	302	304	219
330	306	288	239
303	311	307	235
267	299	325	234
254	298	304	238
236	318	260	216
243	308	287	211
208	309	317	202
206	326	304	191
187	337	267	168
195	330	259	173
197	337	255	170
209	329	252	169
193	325	252	170
203	326	246	170
202	326	254	167
205	325	256	163
205	333	253	147
216	333	235	150
212	323	264	148
211	323	244	151
222	329	233	146
218	333	236	138
231	327	222	139
239	332	217	132
235	333	215	130
240	334	206	134
242	331	212	132
252	328	177	151
252	345	166	135
268	346	144	130
260	344	155	127
261	346	151	135
259	350	151	129
257	349	152	136
252	348	156	141
238	347	180	137
248	349	146	142
246	355	148	139
238	355	155	142
238	353	153	145
241	354	154	141
241	353	152	141
239	361	150	144
237	359	153	143
235	368	153	142
229	371	156	145
216	370	171	149
206	372	163	165
194	379	157	156
194	378	153	151
190	379	158	160
192	378	159	157
199	376	151	157
197	381	156	154
202	384	141	154
202	391	141	154
199	396	133	151
192	395	144	155
187	396	150	159
179	397	143	161
175	401	143	167
170	396	147	178
166	399	153	173
167	397	151	170
173	399	144	165
170	399	148	163
175	401	143	165
178	403	135	162
176	411	136	158
176	416	139	152
177	418	140	160
165	416	168	167
151	420	163	180
148	420	149	186
146	419	153	187
133	422	167	185
123	425	179	184
111	422	192	186
92	420	214	197
99	419	207	192
