0.559050
0.018190
0.019108
0.019569
0.018106
0.019374
0.019120
0.020422
0.020032
0.020604
0.019270
0.018267
0.018586
0.020795
0.021218
0.020862
0.020896
0.020983
0.021493
0.021186
0.020739
0.021063
0.019788
0.018826
0.021249
0.019871
0.019930
0.021424
0.019946
0.021459
0.019608
0.021058
0.021183
0.019605
0.021311
0.021433
0.019926
0.021338
0.021533
0.021541
0.024887
0.021476
0.021666
0.021536
0.020185
0.021567
0.020442
0.022223
0.020685
0.022172
0.019748
0.022438
0.020741
0.022155
0.020692
0.019763
0.018538
0.020002
0.019988
0.018771
0.025436
0.020095
0.022940
0.019038
0.020245
0.020223
0.020473
0.018979
0.020489
0.020398
0.020579
0.019305
0.020717
0.020742
0.020769
0.021028
0.019685
0.020814
0.021101
0.021029
0.025810
0.019526
0.020881
0.021167
0.021137
0.019843
0.021249
0.021237
0.021125
0.021238
0.021444
0.021308
0.019851
0.019702
0.021198
0.024089
0.022415
0.023986
0.023848
0.024410
0.027264
