580	246	87	284
579	242	84	282
574	239	89	284
577	234	85	286
573	234	87	286
572	236	88	280
572	234	86	287
569	235	90	285
572	237	84	286
572	234	87	283
566	241	91	275
569	244	86	278
571	241	84	277
565	242	87	274
569	247	85	258
563	251	87	259
563	248	84	264
561	245	86	270
558	247	89	265
559	246	83	272
556	244	82	270
550	241	84	275
551	241	79	276
550	236	79	285
550	240	80	278
553	236	78	286
554	237	77	286
557	237	80	283
560	238	79	283
563	242	78	273
564	244	82	268
563	248	83	262
566	246	80	269
569	244	78	271
569	245	80	272
567	238	80	281
565	241	80	279
566	237	75	288
563	238	76	282
562	239	78	289
562	235	75	291
561	236	75	296
561	235	75	299
558	237	78	288
560	237	74	287
559	239	76	283
558	238	78	284
560	238	75	290
556	235	86	296
558	239	84	284
556	241	84	282
551	237	87	286
544	240	95	287
545	239	91	290
550	239	84	290
555	245	77	285
553	249	77	280
555	244	75	284
553	244	76	282
547	243	81	291
551	243	75	299
554	241	72	305
554	243	72	305
555	240	73	308
547	245	79	305
545	243	82	308
537	238	87	306
539	241	87	298
534	238	96	305
529	238	97	305
532	240	89	313
542	236	74	312
537	237	78	324
535	237	81	326
528	237	90	329
527	232	87	353
527	231	90	343
529	238	89	330
528	235	93	338
524	241	102	329
525	239	98	331
520	238	105	326
509	235	119	340
491	234	141	349
500	241	138	346
504	238	133	347
513	234	125	352
527	234	105	354
535	240	99	362
531	232	105	375
526	235	114	368
532	226	108	374
532	229	110	363
536	228	103	368
538	228	102	361
545	229	102	363
544	228	110	350
557	230	104	351
561	230	99	361
566	220	99	374
573	232	99	360
573	227	93	372
574	225	95	369
574	229	98	359
576	234	101	354
576	230	104	358
577	232	117	367
577	239	117	348
583	238	119	349
588	237	107	354
590	230	106	362
597	221	103	376
604	227	107	368
609	227	109	367
614	223	105	383
616	221	109	380
618	218	104	392
621	223	105	378
618	223	105	372
615	227	108	374
624	222	105	378
619	225	106	372
621	226	105	358
622	229	102	351
622	227	117	351
619	224	116	360
629	227	105	356
636	234	108	349
640	237	111	341
638	236	122	339
647	234	132	365
634	234	184	356
649	227	196	372
655	222	191	369
670	222	187	358
686	232	190	357
691	224	200	358
713	225	190	359
725	227	180	365
736	224	169	364
753	224	156	365
748	219	158	369
758	228	151	362
778	218	126	366
783	221	128	362
794	222	121	360
794	217	124	369
801	220	115	361
806	222	114	354
806	230	110	354
809	225	110	353
810	228	112	359
815	223	102	358
816	228	98	347
821	230	103	346
825	228	108	347
829	219	109	356
840	222	101	352
843	213	105	362
843	215	113	361
849	215	110	362
849	212	107	366
851	213	108	368
846	211	104	362
847	211	98	356
844	211	101	359
840	216	106	352
832	220	107	344
824	219	111	347
801	224	130	347
797	220	126	344
795	221	120	351
802	227	112	348
802	229	102	348
800	227	103	345
798	232	104	339
796	233	101	338
798	231	97	340
789	232	104	339
792	237	99	332
788	253	101	315
782	246	104	324
779	255	101	312
772	247	100	317
770	238	88	328
766	239	90	330
761	232	86	333
746	225	95	344
724	227	113	336
725	222	111	343
711	223	120	341
690	221	140	342
673	229	160	341
683	232	132	332
673	229	139	340
665	242	144	328
657	242	145	333
655	234	138	341
653	233	134	342
652	241	140	331
639	238	151	342
642	231	146	353
640	238	129	345
640	235	96	335
642	235	87	329
634	240	89	322
636	234	86	331
626	241	94	321
616	240	103	320
605	240	114	319
602	236	114	328
592	235	123	327
574	239	139	332
577	239	134	331
574	241	128	324
576	243	127	319
576	244	125	318
570	244	133	322
569	247	133	319
567	255	133	309
569	250	136	311
564	252	142	318
570	256	128	307
571	257	124	304
567	261	127	302
563	264	129	302
565	277	120	292
557	260	114	297
550	253	129	311
543	245	144	316
543	239	140	332
537	230	121	336
542	235	102	340
540	229	99	336
533	233	102	329
532	237	99	331
532	234	101	330
532	235	101	327
534	241	97	329
541	238	96	331
543	241	96	326
549	242	92	317
561	235	86	324
563	237	93	312
564	239	100	306
574	260	96	281
584	256	87	290
591	264	76	281
593	260	79	280
594	260	76	279
594	258	76	283
595	256	75	283
593	253	76	289
593	252	74	290
593	248	74	295
590	249	79	293
592	260	74	275
590	256	77	282
589	253	81	285
590	247	75	290
589	250	77	288
590	254	76	282
588	238	75	303
584	241	79	292
585	244	77	293
581	245	82	284
585	253	83	282
576	259	87	273
582	259	74	274
587	259	68	275
580	254	71	280
585	256	66	274
586	253	63	274
580	245	69	279
583	241	67	283
584	246	64	278
587	243	65	277
585	238	63	282
588	242	63	277
585	235	63	285
585	240	68	273
585	240	65	277
582	245	68	267
581	245	69	265
576	241	71	269
579	249	69	253
574	246	69	253
577	249	67	253
574	242	69	257
572	249	66	246
575	253	66	241
574	248	66	247
573	246	64	251
576	249	65	246
578	248	61	251
580	243	60	254
582	249	64	236
583	253	63	227
584	257	64	222
580	265	71	210
587	264	62	213
592	268	60	208
595	261	60	214
597	255	60	223
597	256	62	219
598	256	64	219
595	254	69	221
593	258	73	216
594	257	74	215
592	267	76	207
591	263	80	212
592	262	79	208
596	267	77	206
609	272	61	199
615	265	56	203
616	261	54	217
616	258	61	220
613	260	75	216
611	266	80	208
611	266	76	206
615	264	73	215
618	266	69	213
619	263	74	217
626	259	72	223
628	255	73	227
632	263	67	221
634	259	65	226
631	256	70	225
632	255	67	239
629	248	68	249
628	250	66	247
623	252	69	239
622	256	68	237
615	261	73	234
602	262	84	234
597	259	86	239
592	258	86	246
591	259	80	240
583	251	85	247
585	252	73	252
587	241	68	261
586	242	69	258
586	247	77	253
593	251	73	247
598	260	74	237
599	261	82	233
611	261	70	235
618	263	65	231
625	257	62	239
628	254	63	245
624	252	72	243
630	253	69	241
626	256	75	239
631	255	74	239
628	255	77	240
630	254	72	240
628	252	70	243
624	247	69	245
625	248	62	251
618	252	64	243
612	251	69	243
609	254	71	242
607	257	71	242
598	259	80	241
596	258	77	243
592	256	77	247
589	249	76	256
586	252	78	250
584	245	79	257
583	251	80	250
583	252	80	249
587	247	76	256
585	246	78	256
584	247	79	255
588	252	72	250
588	249	75	253
577	255	85	246
579	253	80	251
581	251	73	252
577	246	72	259
576	245	70	259
571	244	72	263
571	245	70	265
570	245	73	264
566	247	74	254
564	244	74	263
561	244	78	266
563	244	78	264
560	241	80	272
565	241	75	268
562	245	76	268
565	245	75	262
556	249	88	268
560	247	82	262
563	250	77	271
562	243	83	281
555	244	89	275
547	242	101	282
544	238	107	295
556	231	93	291
559	238	91	292
571	239	73	293
569	239	72	295
571	237	67	303
567	238	73	297
565	239	77	298
565	237	79	303
563	238	84	302
564	239	82	301
563	237	84	309
565	236	81	307
563	241	86	298
565	234	88	311
564	240	92	303
563	238	92	308
556	238	102	304
539	235	122	312
542	233	127	308
542	242	127	299
560	236	104	307
574	238	92	314
579	244	90	305
581	249	97	299
585	252	97	301
596	250	97	305
597	254	104	298
602	248	108	298
606	240	106	307
606	235	112	314
618	231	101	308
619	236	103	308
626	238	93	307
625	235	93	307
625	236	93	309
626	241	90	304
623	240	90	301
623	238	87	304
617	238	87	305
618	237	79	305
613	237	76	312
603	245	81	292
598	252	81	286
591	256	83	284
577	252	94	286
555	248	114	284
562	239	104	297
558	242	99	298
553	244	99	300
549	246	102	294
548	252	100	284
547	250	99	286
543	247	102	293
536	250	103	291
531	247	106	288
527	245	106	295
530	254	103	277
523	249	113	290
520	258	107	279
518	250	93	279
520	246	78	287
524	251	79	275
503	255	101	273
493	254	111	275
498	258	105	270
500	260	105	277
511	254	96	283
513	250	90	288
516	254	90	281
516	252	90	291
519	260	91	281
521	258	96	292
526	260	99	289
531	255	100	291
539	256	99	284
550	255	97	289
560	252	96	290
561	249	109	296
568	241	110	302
577	235	107	314
596	236	81	316
599	246	83	298
604	242	77	305
606	246	73	304
608	245	74	298
608	244	75	294
610	239	76	309
616	240	71	315
617	241	71	302
615	242	74	305
619	244	74	292
618	239	73	303
