728	427	103	150
734	428	94	144
724	418	97	145
716	416	89	139
692	425	104	130
689	423	109	132
674	421	112	133
659	420	113	142
642	424	106	151
618	430	117	153
593	444	136	146
583	435	141	146
556	437	120	143
549	434	97	146
525	422	80	154
492	418	94	153
482	423	85	138
484	409	76	141
469	407	99	150
485	407	94	148
494	400	97	154
501	401	103	146
512	412	128	143
515	416	135	146
536	397	131	154
550	381	144	162
585	386	135	155
602	391	138	148
621	401	130	133
642	403	112	124
660	396	95	130
672	402	81	128
683	395	79	140
695	390	69	146
709	400	65	153
710	406	69	158
710	416	85	155
709	404	92	157
726	399	72	143
727	385	78	146
728	371	94	150
739	362	99	152
771	376	82	134
782	372	69	134
787	371	63	119
778	371	72	113
765	363	81	119
747	356	95	123
739	346	73	132
719	348	84	131
692	355	103	127
689	349	100	124
673	345	93	136
669	341	76	135
663	346	73	129
654	348	83	143
654	350	75	151
650	350	71	153
643	351	78	155
641	356	75	158
637	366	73	159
637	368	67	156
633	370	75	158
633	372	81	166
645	388	70	157
642	386	77	160
632	386	82	162
621	382	86	163
612	389	88	165
612	379	90	162
612	373	83	154
603	376	89	152
591	382	102	139
582	396	120	129
585	391	127	133
584	385	130	136
593	383	116	131
604	387	102	126
596	387	102	132
593	381	101	134
586	379	88	140
581	380	82	144
572	392	86	145
567	398	102	140
572	387	118	142
597	376	101	148
622	368	92	140
644	368	72	134
658	370	84	126
660	375	80	125
670	374	81	122
672	370	71	121
663	364	79	128
657	354	74	136
643	352	72	146
633	354	81	154
643	362	61	158
640	361	58	159
636	362	58	158
634	364	54	158
630	363	56	158
