0.562904
0.016005
0.016742
0.015684
0.016685
0.015703
0.016528
0.016545
0.016655
0.016688
0.017698
0.016793
0.016988
0.018106
0.018018
0.017023
0.017077
0.017053
0.017059
0.017403
0.020792
0.018087
0.017178
0.017093
0.017244
0.017197
0.017254
0.017277
0.017358
0.017726
0.017596
0.018838
0.017626
0.017808
0.017737
0.017673
0.019043
0.017988
0.018060
0.017994
0.022718
0.018113
0.018862
0.017727
0.017814
0.017940
0.019116
0.018023
0.018029
0.018026
0.018029
0.018146
0.018435
0.018428
0.018550
0.018638
0.019350
0.018304
0.018652
0.018322
0.023697
0.018409
0.018875
0.018699
0.018883
0.018770
0.020097
0.020077
0.019200
0.020706
0.019081
0.019053
0.018889
0.020218
0.018976
0.019258
0.019418
0.019043
0.019167
0.019315
0.024160
0.019365
0.019066
0.019132
0.019212
0.020546
0.019311
0.019300
0.019616
0.019647
0.019360
0.019377
0.019384
0.020729
0.019342
0.019457
0.029012
0.019632
0.019653
0.019683
0.027126
0.019828
0.021055
0.019773
0.019766
0.019846
0.021153
0.019966
0.020001
0.019778
0.021140
0.021299
0.021325
0.020206
0.020035
0.020229
0.020283
0.021480
0.020243
0.020191
0.025066
0.020097
0.020244
0.020243
0.020340
0.020381
0.020457
0.020370
0.021770
0.020583
0.020526
0.020743
0.020823
0.020777
0.022038
0.021210
0.020999
0.022403
0.020952
0.020964
0.025932
0.021281
0.021034
0.021379
0.022950
0.021219
0.021280
0.021090
0.021213
0.021264
0.021639
0.021533
0.021730
0.021650
0.021652
0.021557
0.021540
0.021480
0.021789
0.021754
0.027286
0.021751
0.021882
0.021913
0.021872
0.022002
0.023257
0.022119
0.023600
0.022144
0.022306
0.021798
0.021832
0.022297
0.022040
0.022349
0.022064
0.022346
0.022296
0.022529
0.027425
0.022481
0.022477
0.024043
0.022528
0.022603
0.022367
0.022423
0.022875
0.022480
0.022972
0.024039
0.022794
0.022919
0.023104
0.022837
0.022980
0.022826
0.022812
0.022901
0.027779
0.024162
0.024193
0.024895
0.025021
0.024813
0.024712
0.023065
0.032165
0.023229
0.023268
0.023284
0.023326
0.023318
0.024858
0.023519
0.025040
0.023517
0.023395
0.025154
0.030248
0.023936
0.023883
0.023866
0.023860
0.024050
0.024085
0.024063
0.024187
0.023904
0.024129
0.024132
0.024262
0.024365
0.025459
0.053730
0.024146
0.024508
0.025407
0.026122
0.030884
0.025724
0.025886
0.025928
0.024496
0.024447
0.024579
0.025925
0.024567
0.024771
0.024595
0.024690
0.024655
0.024725
0.026171
0.024860
0.024846
0.024867
0.025297
0.024899
0.029876
0.025312
0.024940
0.024916
0.025384
0.025429
0.026632
0.025483
0.025548
0.025405
0.025460
0.026933
0.025451
0.025797
0.025847
0.025806
0.025754
0.027046
0.025723
0.027361
0.030946
0.025890
0.025962
0.026670
0.025729
0.025573
0.026862
0.025923
0.026052
0.027113
0.027392
0.025872
0.025902
0.027446
0.026397
0.026317
0.026459
0.026381
0.026546
0.027947
0.031479
0.026198
0.027848
0.026166
0.026644
0.026616
0.027936
0.026542
0.026578
0.028286
0.026921
0.026862
0.026938
0.026945
0.026494
0.026825
0.026782
0.028269
0.027063
0.026760
0.032078
0.028927
0.027279
0.028337
0.027253
0.027394
0.027114
0.027413
0.027339
0.028744
0.028965
0.027549
0.027463
0.027293
0.027329
0.029439
0.028447
0.027215
0.027192
0.027663
0.032661
0.027704
0.027607
0.028929
0.029096
0.027758
0.027769
0.027917
0.029375
0.028035
0.028147
0.028186
0.028047
0.028211
0.028039
0.028021
0.030020
0.029817
0.028121
0.028444
0.033254
0.028013
0.028167
0.028092
0.028071
0.028610
0.028323
0.030041
0.030200
0.028762
0.030274
0.030265
0.028705
0.030008
0.030050
0.028924
0.030291
0.028918
0.029002
0.028869
0.034826
0.030646
0.028873
0.030393
0.028895
0.029830
0.030342
0.029642
0.030912
0.031400
0.031357
0.031323
0.030550
0.029726
0.031383
0.031531
0.031609
0.031894
0.031785
0.031572
0.035945
0.031129
0.030473
0.030943
0.030927
0.029861
0.029674
0.030946
0.031001
0.030878
0.030969
0.031505
0.029900
0.029974
0.030051
0.031716
0.030051
0.031229
0.029599
0.031657
0.036512
0.030000
0.030008
0.029882
0.030015
0.031346
0.029972
0.031425
0.030216
0.031661
0.030286
0.031673
0.030306
0.031603
0.031806
0.030789
0.030788
0.030917
0.030602
0.032669
0.035386
0.031837
0.031080
0.031108
0.030744
0.030616
0.032821
0.032263
0.030623
0.032508
0.030827
0.032388
0.032314
0.032425
0.030793
0.032382
0.031062
0.031377
0.030979
0.032395
0.037517
0.032509
0.032698
0.032830
0.032978
0.033164
0.031640
0.033163
0.032027
0.031787
0.033367
0.033506
0.031963
0.033368
0.031927
0.033709
0.031907
0.033464
0.032141
0.033202
0.038585
0.031817
0.031929
0.033674
0.031992
0.034413
0.032866
0.034298
0.034255
0.034525
0.034336
0.034266
0.034784
0.034667
0.033236
0.034641
0.034940
0.034464
0.032916
0.034991
0.039681
0.032937
0.034882
0.035062
0.033663
0.034940
0.032905
0.034330
0.034417
0.034235
0.034381
0.034677
0.034305
0.034348
0.033155
0.034456
0.033140
0.033202
0.033166
0.034873
0.038300
0.033273
0.033454
0.034950
0.033525
0.034876
0.034747
0.035020
0.035111
0.035568
0.034053
0.033479
0.033622
0.034939
0.034962
0.033758
0.033590
0.033366
0.035403
0.035078
0.038733
0.033618
0.033542
0.033730
0.035865
0.035355
0.035365
0.035875
0.033982
0.034179
0.034137
0.034189
0.034299
0.034312
0.035456
0.036099
0.036619
0.036017
0.034672
0.036441
0.041155
0.036180
0.036114
0.036407
0.034539
0.036231
0.036337
0.036783
0.034786
0.034851
0.034871
0.035057
0.034706
0.036515
0.036947
0.036860
0.036997
0.036474
0.036548
0.035067
0.039851
0.035003
0.036768
0.036386
0.036662
0.036437
0.035166
0.036522
0.037317
0.037359
0.035729
0.037368
0.035696
0.037760
0.035764
0.037733
0.036928
0.035977
0.037555
0.038811
0.040346
0.037069
0.037328
0.037477
0.036116
0.037271
0.037376
0.036953
0.037862
0.036347
0.036428
0.037518
0.037593
0.037713
0.036056
0.036095
0.036224
0.037813
0.037286
0.037783
0.042743
0.036302
0.036214
0.036320
0.036258
0.037928
0.038343
0.038019
0.036802
0.036808
0.036822
0.038802
0.036957
0.037088
0.036954
0.038524
0.036897
0.038785
0.038610
0.039022
0.043770
0.037071
0.038422
0.038544
0.038811
0.038929
0.039157
0.039047
0.039518
0.039144
0.037519
0.038729
0.038891
0.039186
0.037108
0.038765
0.037414
0.037695
0.039054
0.038766
0.044514
