0.568278
0.016794
0.017099
0.015857
0.015910
0.015949
0.017780
0.017033
0.018066
0.017098
0.018022
0.018108
0.017056
0.018330
0.018568
0.017207
0.017267
0.017306
0.018355
0.017391
0.019783
0.017529
0.017610
0.017334
0.017319
0.017487
0.017532
0.018888
0.017509
0.017684
0.017481
0.017442
0.017521
0.017771
0.018689
0.017633
0.017750
0.017771
0.017782
0.019031
0.022816
0.019362
0.017872
0.018115
0.017995
0.017919
0.018009
0.017932
0.018300
0.018172
0.018418
0.018304
0.018255
0.018323
0.018150
0.018343
0.018542
0.018353
0.018311
0.018299
0.024792
0.018717
0.018618
0.019829
0.019917
0.018649
0.018638
0.018654
0.018683
0.019980
0.020386
0.018872
0.020215
0.020266
0.019027
0.020344
0.018848
0.019124
0.019203
0.019256
0.024334
0.019306
0.019295
0.020510
0.019188
0.020591
0.019397
0.019113
0.019513
0.019603
0.019489
