0.549048
0.017118
0.016999
0.008628
0.008315
0.008238
0.017499
0.017932
0.017786
0.019080
0.020533
0.018193
0.018284
0.018159
0.018180
0.018064
0.019100
0.020364
0.019126
0.019312
0.022875
0.020688
0.018527
0.017460
0.018519
0.019143
0.019001
0.017683
0.018815
0.018849
0.018746
0.019151
0.017871
0.017362
0.017221
0.018294
0.018671
0.018548
0.018779
0.017622
0.023736
0.018804
0.017611
0.019456
0.019480
0.018410
0.019159
0.019128
0.017602
0.017649
0.019006
0.018505
0.020196
0.020224
0.018709
0.018798
0.020036
0.020180
0.020330
0.020267
0.024256
0.018101
0.018728
0.019686
0.019733
0.019611
0.019778
0.019777
0.019035
0.019596
0.018381
0.019692
0.018542
0.018652
0.020332
0.020241
0.018461
0.018511
0.020035
0.018599
0.023766
0.018833
0.018822
0.020284
0.018955
0.020228
0.018930
0.018855
0.020426
0.019407
0.019250
0.019222
0.019189
0.018845
0.020410
0.019098
0.019071
0.018929
0.019930
0.019538
0.024603
