0.569437
0.017932
0.017823
0.017786
0.017909
0.018371
0.018507
0.018561
0.018721
0.020217
0.020373
0.019075
0.020530
0.021100
0.017291
0.018641
0.018969
0.018975
0.017001
0.018155
0.020116
0.017149
0.017280
0.017310
0.017508
0.017535
0.017516
0.017272
0.018208
0.019463
0.019180
0.020168
0.019271
0.019493
0.019334
0.019217
0.019366
0.019480
0.019566
0.019580
0.024566
0.018414
0.019727
0.020047
0.019846
0.019758
0.019696
0.019949
0.019778
0.019733
0.019618
0.019774
0.020161
0.019839
0.019767
0.019748
0.020026
0.022648
0.020874
0.019973
0.027446
0.022043
0.022100
0.022559
0.020225
0.020252
0.023328
0.019024
0.020371
0.020413
0.020370
0.023168
0.021379
0.023021
0.021540
0.021123
0.020916
0.023095
0.021391
0.022784
0.027810
0.023134
0.022831
0.022930
0.021180
0.022856
0.021297
0.022963
0.021744
0.023114
0.021593
0.021464
0.021281
0.022764
0.021644
0.023371
0.021890
0.024030
0.022426
0.020162
0.029008
0.022467
0.022374
0.021542
0.020403
0.021683
0.024364
0.020500
0.021827
0.022040
0.022037
0.022525
0.022306
0.022486
0.022781
0.021533
0.021658
0.020257
0.020308
0.020459
0.026586
0.021788
0.020703
0.021252
0.022726
0.021162
0.022685
0.022735
0.020665
0.020720
0.022864
0.022186
0.021997
0.020951
0.020998
0.021056
0.020995
0.022394
0.021624
0.023012
0.028193
0.023381
0.022570
0.021230
0.021305
0.021132
0.021892
0.022794
0.021393
0.022775
0.021572
0.021417
0.021393
0.022755
0.023115
0.021561
0.021617
0.021474
0.021756
0.024031
0.028917
0.023841
0.024002
0.023852
0.024163
0.022571
0.024061
0.023955
0.024144
0.024072
0.024481
0.022603
0.024499
0.024237
0.022966
0.024379
0.024449
0.024465
0.024794
0.024533
0.029728
0.023105
0.023061
0.024644
0.024605
0.024550
0.024652
0.024991
0.024954
0.024905
0.024930
0.023438
0.024902
0.024991
0.024928
0.024743
0.025152
0.023268
0.023657
0.025275
0.029917
0.024916
0.023813
0.025522
0.025432
0.025532
0.025389
0.025541
0.025707
0.025600
0.025506
0.023942
0.025408
0.025288
0.025563
0.025845
0.023638
0.025680
0.025804
0.023689
0.028671
