296	175	95	203
304	180	93	205
306	182	104	204
306	180	111	214
312	174	98	213
310	176	110	211
310	173	107	210
307	177	119	211
303	178	116	207
297	178	114	204
296	188	107	195
288	185	116	191
286	190	111	186
290	191	113	187
293	191	108	188
295	188	108	187
301	193	110	183
305	189	116	186
305	189	121	189
309	184	119	193
320	178	100	196
319	172	107	201
308	170	124	230
306	168	115	235
301	167	120	243
302	167	121	240
301	164	115	248
292	164	125	251
289	167	127	253
284	169	129	252
285	167	130	252
284	166	128	241
292	176	121	213
294	176	118	206
303	175	108	207
305	178	119	203
304	180	137	201
307	184	127	203
308	186	124	199
309	188	127	193
313	192	122	188
311	198	126	189
312	196	132	184
311	194	146	190
309	201	143	186
309	204	133	188
310	208	139	187
309	215	131	180
305	225	132	168
302	242	148	151
303	251	139	144
296	265	165	141
285	287	167	121
280	302	167	92
273	314	191	80
280	316	188	86
272	318	170	78
264	314	174	71
238	314	169	77
248	316	157	72
227	310	177	77
228	311	193	77
223	311	200	75
219	313	199	73
214	316	196	72
224	315	183	73
226	315	183	71
252	316	163	71
249	320	185	65
246	317	195	79
249	318	197	76
260	321	191	76
269	323	202	73
281	326	201	73
285	328	206	76
291	332	214	73
303	333	193	72
304	333	189	71
319	329	190	74
329	328	202	75
349	327	206	79
357	330	209	77
369	331	196	78
381	336	194	73
391	335	190	72
395	335	194	73
399	333	196	74
401	332	196	73
401	334	203	76
398	335	227	73
399	333	241	78
400	332	246	81
391	331	264	82
390	329	269	83
399	329	262	81
392	330	272	78
398	335	286	73
406	335	287	72
397	336	307	71
413	337	298	69
