3.470613
0.023078
0.018434
0.017676
0.008936
0.016416
0.024539
0.018270
0.017719
0.017851
0.018182
0.019660
0.019872
0.019036
0.018384
0.019447
0.019498
0.019846
0.018767
0.018099
0.019325
0.016966
0.017080
0.018044
0.016898
0.017014
0.017171
0.018339
0.017220
0.017277
0.017233
0.017192
0.019364
0.019218
0.019229
0.019123
0.018870
0.020693
0.019130
0.019153
0.024165
0.019522
0.019112
0.020432
0.019153
0.019164
0.019336
0.021089
0.020864
0.020314
0.019103
0.019206
0.020285
0.019247
0.019398
0.019474
0.019635
0.021654
0.020164
0.019495
0.023237
0.018423
0.017891
0.018692
0.018551
0.018607
0.018167
0.018211
0.018260
0.018120
0.018321
0.018156
0.018243
0.018280
0.018246
0.019543
0.019639
0.019440
0.018374
0.018470
0.023406
0.018388
