64	219	235	180
62	214	237	184
67	212	238	183
74	210	234	177
76	214	211	171
88	237	209	140
90	189	209	172
81	197	171	165
60	199	142	164
12	211	166	148
9	207	186	140
6	202	198	145
1	202	207	141
13	200	199	157
7	211	208	158
10	217	210	144
18	222	195	150
24	216	186	141
27	209	182	148
14	200	189	150
9	199	184	154
6	197	176	154
4	193	172	152
5	192	165	146
4	201	158	132
11	200	146	120
27	205	127	117
46	206	119	117
48	216	118	113
67	228	104	109
74	233	93	101
86	236	89	104
85	238	108	107
77	223	123	119
76	211	112	134
77	206	105	143
79	203	118	141
82	202	115	149
84	204	106	156
81	194	99	164
81	187	99	163
82	190	112	163
78	192	133	161
86	188	134	166
78	185	145	163
78	176	151	166
66	168	166	175
66	174	178	165
53	174	207	158
30	181	242	146
23	163	272	158
22	158	271	154
29	161	282	156
38	162	274	145
60	166	268	154
58	176	303	145
56	177	328	154
67	188	342	159
65	211	348	151
70	218	355	155
73	227	351	156
79	231	342	153
83	236	355	140
92	243	369	140
77	248	383	128
68	242	389	133
66	243	390	124
69	242	392	121
71	237	384	125
68	240	379	119
51	234	395	130
37	236	409	136
46	238	386	126
40	248	380	116
35	219	409	139
38	211	426	145
40	207	484	149
29	195	507	167
26	202	499	160
15	221	516	147
24	233	504	147
40	251	480	140
40	252	477	142
41	247	477	149
36	243	478	153
46	241	469	142
41	231	494	150
23	211	501	155
38	202	473	165
30	201	480	162
30	189	494	169
17	185	528	166
23	184	526	174
38	186	521	177
33	195	534	175
21	213	562	175
29	246	506	144
32	242	507	147
22	235	536	149
37	218	515	151
52	208	493	159
91	219	457	144
97	205	432	154
91	224	428	142
105	214	400	144
111	234	373	132
113	229	355	129
115	226	364	140
124	252	336	117
134	253	309	111
