0.563221
0.015533
0.015407
0.015352
0.016428
0.016394
0.016200
0.017435
0.016344
0.016301
0.016299
0.017276
0.017546
0.017669
0.017676
0.017623
0.017643
0.016632
0.017839
0.017851
0.018942
0.016809
0.016740
0.016822
0.016623
0.017912
0.016884
0.017988
0.017080
0.017056
0.016966
0.018115
0.018010
0.017066
0.017181
0.017158
0.017349
0.017228
0.018366
0.017388
0.022204
0.017350
0.018497
0.017392
0.018662
0.017409
0.017440
0.018807
0.017491
0.018811
0.017874
0.017711
0.017833
0.019033
0.017861
0.018851
0.017709
0.019169
0.019084
0.018006
0.022904
0.017911
0.019164
0.018076
0.018072
0.017889
0.018153
0.018159
0.018278
0.018167
0.019384
0.018342
0.019606
0.018544
0.018480
0.019400
0.018350
0.018754
0.019585
0.019819
0.023475
0.018617
0.018536
0.018458
0.018547
0.018498
0.018783
0.018641
0.018766
0.018795
0.018719
0.018826
0.018801
0.020088
0.019976
0.019086
0.019156
0.019048
0.019090
0.020476
