0.566102
0.018068
0.017871
0.019377
0.018258
0.015829
0.017676
0.017997
0.018016
0.018062
0.020869
0.019295
0.020590
0.020902
0.018384
0.018332
0.018393
0.018489
0.018341
0.018390
0.020778
0.018461
0.018510
0.017343
0.018912
0.019110
0.017753
0.018921
0.017951
0.017853
0.018078
0.017930
0.018075
0.019218
0.019222
0.018002
0.019125
0.017910
0.019113
0.020151
0.024146
0.017968
0.019196
0.019148
0.019227
0.019197
0.021985
0.021892
0.021925
0.022042
0.020337
0.020509
0.020590
0.021872
0.020525
0.022226
0.022262
0.022566
0.018759
0.019725
0.023423
0.022427
0.019892
0.022726
0.020126
0.020045
0.020300
0.023026
0.021158
0.021023
0.020987
0.022418
0.020898
0.022619
0.021022
0.022670
0.023066
0.019281
0.019270
0.020585
0.024274
0.020510
0.023624
0.019454
0.023142
0.023223
0.021733
0.021702
0.023285
0.021698
0.021643
0.023693
0.019690
0.021823
0.023558
0.021077
0.021102
0.021175
0.021227
0.021520
