435	328	54	132
433	323	60	140
439	318	60	145
434	322	73	141
447	324	61	145
460	320	50	147
462	316	50	143
467	319	56	144
471	313	61	149
474	317	65	151
488	314	58	161
494	299	62	172
492	299	79	180
497	298	86	186
502	309	108	170
512	312	128	179
533	319	132	186
529	315	150	216
542	331	162	199
563	320	159	196
556	327	179	198
581	310	163	229
579	302	162	231
603	302	165	245
622	297	171	254
632	304	171	229
669	314	154	211
706	324	136	216
723	320	125	231
800	331	98	229
866	316	66	249
905	325	86	261
963	336	102	243
1016	311	78	219
1068	340	77	194
1102	325	77	210
1136	330	103	221
1119	329	140	207
1128	306	153	164
1123	294	151	165
1129	287	153	168
1162	278	118	173
1148	278	136	164
1160	271	124	163
1152	261	126	163
1139	270	139	149
1112	290	164	123
1131	285	156	118
1127	289	147	119
1151	276	129	136
1137	262	139	150
1124	264	151	146
1145	288	141	122
1143	286	136	121
1141	284	143	110
1139	283	147	107
1157	283	128	112
1167	283	122	109
1151	285	128	120
1175	288	108	111
1179	300	103	95
1184	301	95	105
1169	293	107	119
1165	300	118	124
1165	278	114	143
1190	271	93	152
1180	272	96	152
1170	270	114	160
1165	283	122	146
1152	308	130	121
1146	314	131	110
1140	319	140	97
1152	322	127	89
1134	315	141	93
1138	292	136	115
1157	301	133	113
1161	306	119	103
1157	310	121	91
1169	307	114	88
1182	292	102	98
1176	272	99	112
1181	281	102	100
1187	284	95	94
1190	283	88	83
1177	268	99	97
1192	271	88	88
1180	274	99	99
1169	277	112	101
1180	287	102	92
1192	289	85	93
1191	290	89	103
1208	296	72	102
1209	304	75	99
1190	303	81	103
1198	284	82	128
1205	274	71	147
1196	283	89	152
1184	293	93	155
1178	317	105	139
1174	325	108	125
1155	332	122	111
1167	334	115	119
1163	332	123	123
1167	314	111	137
1144	316	124	148
1143	345	103	137
1160	333	129	149
1154	338	134	147
1131	339	153	160
1124	343	157	152
1112	338	174	169
1111	336	161	164
1126	351	165	181
1107	352	170	178
1098	357	190	169
1101	345	190	181
1089	324	186	181
1065	311	221	178
1061	313	231	169
1071	305	212	169
1042	297	239	168
1041	289	242	188
1061	286	187	151
1062	273	168	162
1080	273	143	161
1086	275	148	169
1088	287	183	171
1106	290	178	191
1107	295	179	203
1134	315	153	195
1122	321	167	203
1086	332	190	180
1048	335	216	179
1062	333	228	191
1086	331	217	208
1105	333	193	213
1116	338	174	207
1154	359	138	175
1144	368	141	156
1115	342	164	176
1105	348	179	168
1117	331	175	201
1106	341	176	208
1098	333	185	198
1118	325	174	196
1123	323	157	185
1105	318	175	228
1122	328	168	200
1088	315	196	201
1099	287	192	207
1114	293	176	245
1126	291	158	239
1109	298	177	233
1118	275	175	259
1143	256	138	279
1149	272	127	262
1138	287	140	244
1127	296	160	241
1156	303	137	223
1183	305	104	212
1180	296	101	219
1160	288	123	212
1172	286	105	215
1167	292	116	208
1156	310	129	194
1161	314	128	192
1158	309	122	178
1150	283	136	188
1169	264	119	203
1148	247	130	220
1174	250	111	203
1162	221	115	223
1171	233	109	205
1159	234	123	192
1150	253	137	207
1168	234	114	225
1150	252	126	213
1177	235	110	232
1156	253	127	212
1150	275	136	188
1173	275	116	189
1171	277	109	200
1164	271	117	198
1182	278	103	184
1172	267	111	193
1154	263	121	186
1146	259	135	186
1134	264	140	177
1160	249	128	186
1147	262	136	173
1115	262	165	164
1119	258	165	175
1116	262	162	172
1144	264	142	180
1164	249	118	198
1173	232	112	215
1185	223	89	230
1166	226	106	237
1160	239	117	226
1183	251	87	217
1192	251	80	236
1184	244	100	243
1152	260	127	245
1172	254	109	243
1153	261	125	239
1187	237	102	255
1178	245	101	265
1142	243	105	269
1123	257	100	236
1098	263	105	221
1089	275	110	211
1030	281	89	240
1012	276	70	275
983	276	98	261
964	248	105	283
936	245	142	275
951	260	109	267
946	249	91	276
938	239	107	301
939	248	102	311
931	250	105	311
