603	281	160	287
624	288	136	287
641	294	113	273
640	296	113	272
657	284	91	273
662	299	82	265
663	297	85	267
653	292	96	275
658	288	90	271
643	289	106	275
627	286	126	273
649	284	108	277
644	279	109	296
644	287	108	285
637	286	109	292
632	298	109	270
630	284	104	290
629	281	109	294
631	281	101	293
633	278	100	299
636	284	101	295
636	284	100	297
630	278	116	302
630	285	121	290
644	295	105	276
641	289	108	276
642	294	107	264
644	298	96	260
648	295	93	266
651	291	90	271
655	290	86	272
644	288	97	273
649	289	91	271
646	290	92	268
641	287	100	277
628	288	117	273
634	293	107	261
624	291	111	278
621	293	112	268
622	284	108	271
607	283	121	281
590	286	140	274
578	293	152	265
567	300	167	257
584	300	147	252
575	306	155	259
592	297	135	259
603	299	129	257
609	303	120	245
612	293	120	249
608	301	122	255
605	302	131	253
614	279	126	268
627	297	118	254
643	280	98	274
645	281	102	278
648	291	106	248
648	293	107	263
650	284	96	259
644	286	99	266
638	292	102	270
638	286	99	275
629	296	113	270
630	300	108	258
623	287	112	269
613	282	120	273
605	290	129	268
600	292	129	267
590	299	147	265
581	304	157	261
591	301	143	250
615	298	115	253
621	303	116	250
617	299	122	255
615	293	119	251
621	293	114	255
615	281	126	274
627	286	121	270
636	290	115	262
643	290	112	236
650	296	108	223
647	297	113	244
646	285	109	258
640	291	118	272
647	286	111	273
654	282	106	272
660	292	101	271
658	286	104	271
656	281	105	278
640	285	122	280
638	298	129	272
647	295	120	268
653	294	117	264
657	291	121	263
668	291	111	264
677	294	103	259
685	291	101	257
694	291	93	242
703	288	87	264
710	288	94	271
697	287	118	255
706	291	118	265
699	289	139	264
691	294	168	255
703	293	162	272
716	284	150	286
722	289	151	270
727	294	151	273
729	305	156	259
734	298	150	262
727	297	158	267
728	288	141	281
724	288	137	272
721	291	132	272
719	280	132	290
712	290	126	287
708	295	121	282
704	287	118	289
691	288	116	286
688	278	110	291
690	289	105	288
694	286	107	290
704	273	106	299
684	270	142	305
689	276	136	313
690	271	137	315
680	270	154	316
686	282	165	308
686	279	146	305
686	272	141	315
695	265	144	327
697	261	145	333
696	281	154	310
702	297	137	299
694	285	142	297
693	278	148	304
701	279	139	325
682	275	171	307
689	289	155	303
694	282	154	298
696	280	146	301
715	293	126	281
707	309	138	269
703	302	148	274
706	305	142	266
711	308	126	265
711	287	115	282
709	299	123	258
706	285	132	279
702	295	134	273
708	291	129	270
711	294	111	263
707	295	118	249
711	300	111	249
709	291	106	264
709	290	99	257
708	293	100	246
714	294	91	254
716	287	90	259
718	285	92	260
714	285	102	262
699	294	125	268
685	297	137	262
690	288	130	278
690	286	123	281
698	282	120	282
710	280	109	284
701	284	124	285
687	281	148	284
685	291	145	285
690	283	123	285
688	282	121	280
697	281	113	276
691	282	112	284
680	274	120	287
669	283	111	273
668	287	99	268
660	282	102	278
665	280	95	276
670	278	94	283
677	285	92	274
685	288	85	259
687	290	94	259
690	289	99	264
697	289	106	260
704	285	119	259
710	291	122	254
709	293	139	253
715	294	143	261
718	294	133	254
723	294	123	272
726	291	117	266
727	286	112	275
717	287	125	279
717	283	118	284
703	280	127	280
713	274	110	277
698	278	129	287
689	276	126	285
687	277	111	285
669	283	119	266
666	287	109	268
658	277	113	272
636	278	138	289
639	278	139	286
635	282	146	265
656	287	119	273
668	278	106	280
681	278	126	281
694	275	109	289
694	277	123	287
697	285	130	282
713	287	114	276
721	289	128	276
720	285	154	279
732	279	159	278
735	286	161	268
745	285	158	274
746	287	151	275
744	279	147	282
744	276	142	259
742	282	145	280
729	281	156	288
705	279	174	288
701	282	148	283
695	274	133	295
687	277	137	278
680	275	139	282
666	278	136	285
650	277	128	275
655	281	103	284
642	274	107	294
637	274	106	276
619	278	125	279
614	275	126	278
596	280	137	258
591	278	106	264
572	288	110	273
557	288	115	272
521	293	150	272
500	292	157	285
485	292	159	275
473	290	148	275
471	286	126	280
465	288	124	272
451	285	123	285
437	279	127	289
411	285	145	294
402	283	141	286
383	278	149	295
385	277	133	299
383	282	142	294
386	277	131	303
393	285	113	302
385	289	112	288
372	286	129	289
364	279	129	294
358	279	117	304
343	274	123	300
339	292	115	292
331	286	118	287
332	290	105	290
318	285	110	288
315	284	111	284
303	289	115	278
306	285	104	282
302	280	107	295
316	281	88	283
317	282	93	288
319	289	96	288
327	287	94	284
338	292	85	284
340	294	99	283
334	285	105	281
346	291	87	282
341	294	98	283
351	289	87	282
340	286	103	289
345	291	101	284
345	290	100	283
353	284	89	292
350	286	97	298
351	289	93	300
341	289	100	297
352	286	88	302
353	286	88	287
353	289	80	282
349	294	90	276
342	295	94	274
326	295	116	273
337	289	103	273
348	299	92	265
363	292	81	261
364	291	93	268
371	287	92	275
381	290	89	282
394	298	78	266
393	293	93	269
391	289	115	268
401	289	99	265
401	294	96	266
410	300	89	260
410	286	90	276
414	293	89	269
418	295	85	264
408	292	97	269
416	296	99	263
415	287	108	274
434	299	86	263
441	313	80	252
442	312	87	252
440	301	84	265
442	299	90	273
446	296	88	276
455	294	87	275
462	293	85	272
463	298	91	264
468	292	96	275
471	297	104	272
486	293	101	265
500	297	100	263
491	300	145	265
496	293	145	268
491	295	153	264
509	286	139	269
490	301	163	250
490	299	148	256
477	298	161	253
483	301	129	261
477	303	110	269
478	303	99	261
471	299	93	261
472	303	81	256
463	309	87	249
444	304	93	261
431	299	92	260
418	304	93	265
400	296	117	273
375	285	144	288
370	276	164	282
350	296	125	286
346	286	112	279
332	298	122	265
333	297	101	257
332	303	90	261
314	299	89	259
302	294	100	272
288	303	112	262
284	301	111	260
285	304	106	268
291	295	103	260
297	300	92	260
302	296	99	265
298	298	118	268
314	297	111	269
339	296	98	265
354	293	90	266
358	295	103	266
357	290	118	269
360	295	129	259
370	293	123	264
371	288	122	268
375	287	99	268
372	295	93	269
364	289	103	274
357	306	105	267
355	293	98	278
345	295	102	273
345	309	91	267
333	305	99	258
318	295	104	277
308	295	106	279
307	301	94	263
303	295	101	270
305	311	93	262
291	305	115	260
307	306	95	253
313	302	100	264
317	295	93	265
319	301	102	256
325	309	93	249
318	306	116	248
324	302	116	260
332	299	117	259
345	307	107	257
352	297	100	261
344	295	105	274
348	292	98	273
345	302	107	270
349	287	97	268
344	295	108	286
346	299	95	266
343	296	94	276
341	293	96	276
336	288	107	277
330	287	111	271
333	292	110	267
335	289	104	280
339	297	101	271
343	294	100	271
336	295	112	278
352	287	94	284
346	285	105	282
348	298	103	269
359	294	94	269
367	302	92	259
366	294	98	272
371	300	102	263
380	304	96	248
374	304	107	250
376	297	94	261
375	293	91	253
370	297	95	260
365	289	100	271
362	295	99	271
359	299	103	256
357	301	103	262
350	290	109	277
336	293	118	284
337	296	107	270
340	297	101	277
320	296	125	271
321	293	117	270
324	290	110	284
314	289	117	288
315	283	115	294
307	288	122	296
297	278	123	303
303	286	104	308
306	279	93	304
313	278	90	318
302	270	101	327
296	265	104	335
284	261	110	333
293	273	107	344
272	265	131	334
278	265	133	348
268	260	139	351
244	248	163	353
237	258	153	350
251	274	129	343
254	274	126	334
253	274	121	349
229	287	143	339
235	280	133	338
234	283	127	340
234	277	122	350
222	267	136	354
211	258	143	369
213	252	138	374
199	239	149	381
179	258	171	380
195	250	136	383
178	257	156	391
179	255	152	385
168	258	161	389
184	252	149	397
190	249	146	396
193	249	147	390
190	236	168	396
190	245	182	389
169	247	208	386
216	235	170	394
232	258	149	368
248	247	134	370
235	246	178	382
234	255	179	382
246	246	152	366
244	249	151	375
253	257	139	378
244	246	151	376
245	251	161	370
246	245	169	374
255	269	162	365
242	257	180	366
226	258	193	372
238	254	153	368
233	255	145	378
226	253	135	403
211	254	141	386
204	258	131	391
178	265	159	373
182	246	155	378
170	253	170	382
173	249	167	376
164	252	167	379
168	253	155	374
156	251	167	357
163	259	157	354
161	261	152	368
148	248	163	368
141	263	159	368
130	269	185	350
143	276	175	354
158	268	174	357
174	253	164	354
162	260	193	356
196	265	156	341
209	261	159	350
242	278	134	336
264	261	112	334
277	272	117	329
288	260	125	343
287	263	139	345
295	256	139	349
285	280	147	340
301	266	121	326
290	259	125	344
279	267	170	336
279	264	140	334
283	266	143	332
276	285	163	303
294	286	123	302
296	270	131	313
302	272	110	314
310	276	97	317
299	286	107	314
304	278	104	300
290	283	128	323
279	277	132	307
290	276	113	329
276	269	123	329
274	287	121	321
271	282	124	305
273	275	115	333
257	268	136	337
246	272	139	343
245	271	136	333
245	277	131	341
228	282	151	350
238	267	132	336
232	275	129	345
229	268	126	367
219	265	132	362
204	257	135	374
177	256	166	377
172	259	168	372
176	257	166	381
175	251	145	407
163	245	162	403
160	238	162	399
152	249	168	386
163	252	158	392
156	243	169	402
167	251	160	396
177	261	149	376
184	252	152	382
190	252	137	372
202	254	130	375
198	252	139	364
217	252	113	370
208	256	135	352
197	263	147	359
186	267	188	358
214	253	151	353
231	261	141	358
230	245	157	363
251	254	147	372
279	240	124	364
285	251	126	375
288	250	134	376
291	241	130	384
280	237	139	396
287	248	126	397
268	249	135	389
268	244	123	388
246	246	135	391
239	240	132	390
216	239	137	400
182	254	163	393
166	246	167	392
166	265	156	385
171	256	140	374
168	249	147	387
171	246	154	396
171	231	166	389
192	243	140	386
195	243	145	378
213	256	143	374
231	241	130	375
240	245	129	389
233	245	166	387
256	249	152	383
283	241	137	386
302	262	150	363
307	241	165	368
302	243	185	378
292	245	224	373
298	232	220	374
299	246	195	384
298	241	218	382
293	235	226	386
273	239	245	379
273	244	239	373
251	242	206	384
235	249	151	372
213	260	147	364
204	259	133	361
163	262	169	360
158	269	167	351
159	261	161	345
161	262	150	353
146	251	166	365
153	255	166	352
162	262	162	366
168	262	157	364
165	255	173	374
198	253	148	377
228	251	140	372
245	243	137	376
251	245	156	387
274	242	156	380
298	254	152	365
311	255	183	375
337	246	189	371
339	257	174	368
352	246	168	376
369	245	167	380
367	255	177	392
382	241	173	379
402	248	196	374
386	235	233	371
403	242	266	384
442	240	232	352
466	252	233	379
483	239	242	364
514	248	213	373
543	238	182	374
576	239	160	381
564	251	191	376
599	237	160	391
621	236	159	384
639	237	161	372
651	247	158	360
666	247	162	357
672	254	172	357
691	253	162	360
714	265	141	351
702	264	165	359
717	244	158	369
725	245	154	369
731	243	159	367
748	244	154	373
769	250	151	362
781	250	144	359
799	236	148	368
801	241	182	381
824	235	167	371
831	243	170	380
844	239	156	387
863	235	123	378
850	234	135	383
853	228	125	376
836	234	150	391
841	230	131	391
826	229	140	388
825	239	131	375
827	237	127	375
818	236	141	370
817	233	144	367
811	238	138	366
810	237	134	374
810	238	137	360
813	233	130	373
816	232	131	371
803	237	157	369
801	242	160	372
820	241	142	366
824	236	129	375
835	232	139	385
837	229	151	394
838	225	161	399
843	234	165	390
844	220	164	419
847	221	144	402
846	215	137	411
836	217	149	421
824	216	153	423
815	213	159	426
798	221	165	416
790	222	172	415
794	220	155	414
790	215	165	428
799	227	160	413
807	220	136	417
773	218	166	421
776	228	150	411
738	216	185	417
746	231	168	402
733	230	172	413
717	229	180	400
721	231	165	400
712	235	152	381
713	238	155	375
712	240	151	375
720	234	140	380
704	235	154	390
678	234	180	381
686	248	152	378
677	240	157	375
667	239	165	385
652	237	172	389
635	240	161	381
629	243	141	378
623	239	133	385
603	232	142	388
591	245	159	389
586	243	157	374
588	239	158	387
600	264	142	376
616	243	136	367
631	236	144	386
647	233	147	401
644	228	166	403
666	240	152	393
688	241	143	390
712	238	130	398
715	234	145	388
740	246	145	389
745	226	161	393
754	243	168	397
773	239	164	378
796	237	160	386
818	225	182	398
827	225	201	407
850	228	186	398
878	232	167	409
900	220	158	417
910	218	148	409
912	226	178	421
934	225	172	406
913	230	209	398
950	232	168	383
945	226	171	390
940	230	173	396
938	228	167	405
909	226	188	401
876	221	193	405
873	218	182	414
858	218	159	398
849	225	159	400
