79	90	392	446
93	131	428	414
57	131	532	430
43	128	527	448
28	112	573	451
22	106	623	505
26	104	606	488
16	112	635	468
21	99	641	481
18	96	638	484
19	96	688	463
2	92	794	445
9	101	762	502
11	100	732	471
4	94	735	472
36	112	648	490
31	94	608	524
12	95	601	508
6	96	649	512
12	97	630	506
11	92	594	507
22	90	643	509
13	89	680	512
18	102	693	470
30	90	675	511
34	84	636	521
21	82	673	529
8	93	701	497
9	99	702	498
23	94	675	408
70	105	597	396
79	103	614	370
15	102	674	405
16	120	616	430
2	95	690	511
6	128	660	497
8	106	672	466
24	116	657	483
19	102	684	499
17	102	683	514
10	90	716	520
33	91	680	533
20	101	739	519
20	115	727	511
35	114	729	509
39	103	687	525
53	98	648	500
35	105	670	498
46	98	648	523
32	92	663	519
17	96	744	519
18	97	737	524
21	90	785	542
35	111	803	477
-1	106	810	512
16	113	771	471
14	106	763	487
38	106	644	497
48	112	538	490
15	115	559	500
1	117	554	495
11	119	576	490
20	112	522	502
35	108	490	519
13	110	530	509
15	116	551	512
1	106	552	514
-3	97	590	520
1	92	610	524
32	100	687	506
24	100	729	516
20	99	679	522
12	101	735	488
17	95	685	510
9	97	700	499
10	101	684	493
15	108	708	498
7	109	716	493
17	111	694	445
16	115	649	493
4	91	736	522
12	98	713	490
4	101	723	469
6	97	733	432
2	100	742	475
14	108	683	455
0	104	698	451
1	97	679	503
13	87	639	484
22	99	607	438
22	106	589	399
24	104	583	366
48	98	563	355
27	106	602	347
35	116	594	346
16	108	615	362
9	109	659	422
25	110	663	407
-2	110	707	455
21	121	663	444
34	111	666	483
