0.570194
0.026988
0.026784
0.027154
0.027137
0.027168
0.031436
0.032170
0.031220
0.031062
0.031300
0.031013
0.032357
0.030872
0.031085
0.031234
0.031305
0.031241
0.031439
0.028359
0.030503
0.028361
0.028265
0.029453
0.028553
0.029583
0.028491
0.028637
0.028805
0.028748
0.028722
0.028673
0.028684
0.028994
0.028777
0.028872
0.028909
0.028799
0.029047
0.029148
0.033879
0.029026
0.029267
0.030220
0.029087
0.029114
0.029000
0.029009
0.029262
0.029238
0.029309
0.029312
0.029551
0.029570
0.029576
0.029561
0.029735
0.029956
0.029637
0.029775
0.034676
0.031179
0.031251
0.030061
0.030051
0.029712
0.030104
0.029833
0.030034
0.030041
0.030147
0.030587
0.030125
0.028818
0.028739
0.030254
0.030325
0.030328
0.028807
0.030847
0.035490
0.030483
0.030565
0.030565
0.030332
0.030741
0.030635
0.030788
0.030887
0.030746
0.030742
0.030720
0.031256
0.031045
0.030810
0.030874
0.030785
0.030721
0.030775
0.030813
