0.563917
0.015613
0.015992
0.016266
0.016124
0.016013
0.017121
0.016630
0.026866
0.017403
0.017445
0.017451
0.017543
0.017754
0.017865
0.018042
0.017998
0.017976
0.018017
0.017880
0.019896
0.017724
0.017769
0.017885
0.017848
0.017794
0.017853
0.017999
0.018179
0.018254
0.018181
0.018213
0.017553
0.018528
0.018718
0.018906
0.018854
0.018547
0.018425
0.018353
0.023376
0.018596
0.018665
0.018911
0.019007
0.019102
0.019119
0.019420
0.019579
0.019699
0.019864
0.020020
0.020059
0.020153
0.020086
0.019938
0.019802
0.020200
0.019960
0.019809
0.024978
0.020170
0.020289
0.020742
0.019024
0.018855
0.020632
0.020611
0.020647
0.020725
0.020397
0.020285
0.020409
0.020253
0.020134
0.020488
0.020307
0.020489
0.020739
0.020717
0.025573
0.020666
0.020636
0.020644
0.020922
0.020699
0.021845
0.020816
0.020798
0.021291
0.021212
0.021068
0.030306
0.021116
0.020667
0.020632
0.020751
0.020794
0.020766
0.021186
0.025279
