0.566275
0.017704
0.018393
0.017099
0.016887
0.016930
0.017888
0.017937
0.019202
0.018274
0.019446
0.018453
0.019465
0.018452
0.018531
0.018705
0.019924
0.018717
0.019969
0.018990
0.021056
0.019956
0.018878
0.019928
0.018724
0.018826
0.018854
0.018884
0.018924
0.018941
0.020148
0.018941
0.019110
0.019103
0.019135
0.019439
0.019170
0.019275
0.019378
0.020283
0.025839
0.019619
0.019570
0.019683
0.019717
0.019722
0.019792
0.020935
0.019786
0.019634
0.019589
0.019720
0.019810
0.019857
0.019906
0.019973
0.019891
0.019884
0.021152
0.021280
0.025016
0.020068
0.020178
0.020151
0.021505
0.019979
0.020127
0.020066
0.021317
0.020112
0.020148
0.020115
0.021481
0.020379
0.021809
0.020603
0.020616
0.020638
0.020635
0.020586
0.026936
0.020823
0.020722
0.020628
0.020722
0.020796
0.022426
0.020980
0.020999
0.021101
0.022428
0.021063
0.022333
0.021066
0.021030
0.021026
0.022537
0.021235
0.021228
0.021299
