0.564873
0.016429
0.018283
0.015908
0.015836
0.016891
0.017265
0.017231
0.017322
0.017293
0.017588
0.017256
0.017257
0.017357
0.017302
0.017407
0.017503
0.017543
0.017594
0.017511
0.019618
0.017637
0.017671
0.017910
0.017452
0.017558
0.017662
0.017844
0.017597
0.017686
0.017808
0.017929
0.021195
0.018105
0.018008
0.025715
0.018157
0.018008
0.018187
0.018224
0.023196
0.023311
0.018513
0.018378
0.018473
0.018609
0.018408
0.020579
0.027922
0.018651
0.018788
0.019026
0.018790
0.018757
0.018942
0.018718
0.019012
0.018720
0.018968
0.018772
0.023897
0.028434
0.028430
0.018913
0.019016
0.028480
0.019163
0.018938
0.019284
0.019281
0.019104
0.021842
0.019313
0.019288
0.019410
0.019402
0.019498
0.019604
