0.567215
0.016104
0.015938
0.015899
0.015910
0.015883
0.016850
0.016911
0.016984
0.017979
0.017071
0.016985
0.017105
0.017078
0.017219
0.018217
0.017097
0.018458
0.017387
0.017211
0.019626
0.017243
0.017488
0.017587
0.018386
0.017550
0.018748
0.017587
0.017523
0.017685
0.017617
0.017685
0.018829
0.017794
0.017830
0.017823
0.018001
0.019077
0.017814
0.018146
0.023158
0.018181
0.017931
0.018143
0.018092
0.019270
0.019394
0.018231
0.018238
0.018245
0.019446
0.019368
0.019418
0.019167
0.018465
0.019639
0.019641
0.018560
0.019728
0.018564
0.023463
0.018666
0.018787
0.018574
0.018697
0.018870
0.018867
0.018916
0.020294
0.019142
0.018707
0.018887
0.018806
0.019084
0.019217
0.019252
0.019285
0.019265
0.020434
0.020733
0.024257
0.019450
0.019372
0.019001
0.018998
0.019129
0.019050
0.019663
0.019200
0.019722
0.019677
0.019742
0.019644
0.019755
0.019669
0.019881
0.019890
0.019783
0.019579
0.019588
0.025026
0.020030
0.019967
0.021699
0.019757
0.020086
0.020143
0.020219
0.019938
0.019910
0.020053
0.020073
0.020084
0.020132
0.020108
0.021537
0.020277
0.020284
0.020346
0.020319
0.025389
0.020375
0.020687
0.020797
0.020823
0.021734
0.022445
0.020777
0.022327
0.022381
0.020703
0.020892
0.020989
0.021001
0.022729
0.021155
0.021173
0.021224
0.021321
0.021487
0.026402
0.021445
0.021240
0.021348
0.021379
0.021353
0.021249
0.021368
0.021470
0.021267
0.022489
0.021564
0.023145
0.021858
0.021738
0.022969
0.021730
0.021837
0.021486
0.022994
0.026837
0.021646
0.021508
0.022986
0.023187
0.023767
0.023559
0.022137
0.022158
0.022324
0.022173
0.022374
0.022317
0.023963
0.022052
0.022135
0.022261
0.022290
0.022314
0.023659
0.027550
0.022511
0.022166
0.024483
0.022768
0.023928
0.023672
0.023925
0.023853
0.022562
0.022909
0.024575
0.022846
0.023114
0.024681
0.024529
0.024508
0.022890
0.022955
0.023098
0.028077
0.023205
0.023212
0.023302
0.023345
0.023493
0.023410
0.023441
0.024461
0.024577
0.023540
0.025090
0.023626
0.024980
0.023669
0.025014
0.023751
0.025024
0.023800
0.023866
0.028835
0.023933
0.024027
0.025169
0.024072
0.025688
0.025640
0.025664
0.025012
0.025899
0.024142
0.023979
0.024159
0.025703
0.024548
0.024016
0.024059
0.024065
0.024705
0.026019
0.029723
0.025951
0.024636
0.024748
0.024837
0.024570
0.024781
0.026312
0.024847
0.026131
0.025003
0.026339
0.024966
0.026233
0.024897
0.024961
0.026153
0.026253
0.026263
0.025121
0.031369
0.026522
0.025202
0.026514
0.025322
0.025404
0.025440
0.026462
0.026791
0.026933
0.026789
0.025445
0.026908
0.025543
0.025648
0.026953
0.025744
0.025552
0.025621
0.025772
0.032181
0.027160
0.027214
0.027338
0.026012
0.027272
0.025847
0.025963
0.027044
0.027405
0.026344
0.026195
0.026177
0.026191
0.026262
0.027661
0.027557
0.027660
0.026318
0.026448
0.031173
0.027677
0.026495
0.027604
0.026463
0.026653
0.027793
0.026437
0.027523
0.028139
0.026795
0.026830
0.026957
0.028025
0.026821
0.026861
0.026717
0.026920
0.026842
0.026813
0.033061
0.028253
0.027191
0.026956
0.027004
0.028645
0.028654
0.027406
0.027293
0.027324
0.027306
0.028974
0.027456
0.028885
0.028748
0.027520
0.027415
0.028647
0.028868
0.028845
0.032531
0.027695
0.027496
0.027726
0.027712
0.029193
0.028974
0.029100
0.028017
0.029251
0.028066
0.029149
0.028311
0.028109
0.028293
0.028227
0.029696
0.028245
0.028372
0.029679
0.033170
0.028465
0.029892
0.029339
0.029777
0.029713
0.028468
0.028466
0.028685
0.030023
0.028656
0.028741
0.028608
0.029818
0.028643
0.028547
0.029986
0.030088
0.028814
0.030429
0.033804
0.028553
0.028742
0.029231
0.030176
0.030375
0.030615
0.028873
0.028994
0.028958
0.028860
0.029095
0.030573
0.029149
0.029187
0.029144
0.029236
0.030581
0.030968
0.031227
0.035942
0.029564
0.031271
0.031075
0.030558
0.030827
0.030888
0.029975
0.030054
0.030113
0.029985
0.031399
0.030180
0.029742
0.029754
0.030324
0.030101
0.031644
0.030151
0.031500
0.035206
0.031629
0.030007
0.030550
0.030568
0.031846
0.030446
0.030488
0.032078
0.030316
0.030585
0.032139
0.030573
0.032178
0.032084
0.032122
0.032365
0.032202
0.030928
0.032045
0.035722
0.032437
0.031110
0.032012
0.030633
0.030671
0.030541
0.032177
0.032020
0.030700
0.030961
0.032364
0.030991
0.031245
0.031017
0.032521
0.030936
0.032698
0.032759
0.032424
0.037559
0.033433
0.033470
0.031823
0.031496
0.032879
0.033435
0.033258
0.031803
0.033175
0.033269
0.033586
0.033204
0.033642
0.033553
0.032103
0.031977
0.033468
0.031821
0.032014
0.037346
0.033933
0.032083
0.032432
0.033341
0.033665
0.033589
0.031998
0.033576
0.032019
0.031879
0.033810
0.032631
0.033354
0.033915
0.032367
0.032406
0.032458
0.034002
0.034005
0.037596
0.034107
0.032823
0.034039
0.032856
0.034045
0.033852
0.034143
0.032420
0.034283
0.034050
0.034608
0.034738
0.034833
0.032887
0.034302
0.034558
0.035084
0.033376
0.035518
0.040028
0.033545
0.033615
0.034396
0.033278
0.034863
0.035341
0.035019
0.033515
0.033503
0.034969
0.033550
0.033613
0.033495
0.033587
0.033647
0.033527
0.033375
0.035277
0.033699
0.038720
0.036215
0.033506
0.033922
0.035170
0.034158
0.035388
0.035276
0.035397
0.035464
0.035674
