0.569368
0.015716
0.015041
0.015091
0.015109
0.018053
0.026641
0.017398
0.016434
0.017519
0.017625
0.017510
0.017674
0.017507
0.017484
0.019404
0.018867
0.018915
0.017634
0.017610
0.019955
0.021070
0.017785
0.018045
0.018641
0.018189
0.018289
0.025753
0.018479
0.017836
0.017769
0.017850
0.018537
0.018694
0.018363
0.018458
0.018661
0.027961
0.018408
0.018680
0.030006
0.028203
0.018728
0.026280
0.018862
0.018942
0.020280
0.021374
0.018798
0.028203
0.018658
0.018705
0.018913
0.018871
0.018791
0.018675
0.022796
0.021293
0.020434
0.020692
0.025402
0.020751
0.019054
0.019264
0.019145
0.022561
0.021095
0.020813
0.020779
0.020789
0.019309
0.019676
0.021265
0.019330
0.019276
0.023985
0.019706
0.021531
0.021471
0.021595
0.024704
0.020040
0.019670
0.019510
0.021403
0.021569
0.021723
0.021627
0.021857
0.019925
0.029395
0.019948
0.025986
0.020296
0.020355
0.020400
0.020334
0.019024
0.020458
0.021167
