0.571176
0.020000
0.019329
0.017733
0.017741
0.017896
0.020384
0.019022
0.020547
0.018868
0.020609
0.019229
0.020999
0.017385
0.018527
0.021246
0.019412
0.019409
0.019297
0.019065
0.022513
0.020675
0.020581
0.019507
0.020842
0.020832
0.019831
0.019990
0.019983
0.019835
0.019223
0.019392
0.019241
0.019117
0.022090
0.019197
0.019553
0.017741
0.017947
0.019140
0.023056
0.018004
0.018015
0.018649
0.019130
0.018616
0.019964
0.020030
0.019878
0.018757
0.019940
0.019978
0.020135
0.020065
0.019807
0.019948
0.022549
0.021096
0.020900
0.022444
0.023715
0.020061
0.020250
0.022934
0.019154
0.020230
0.020350
0.023082
0.021437
0.021240
0.020426
0.020944
0.021177
0.021014
0.020972
0.020907
0.020843
0.020998
0.020946
0.021078
0.025890
0.019953
0.020525
0.019402
0.019636
0.019696
0.019518
0.020181
0.021638
0.021748
0.021742
0.021491
0.021317
0.019668
0.019356
0.019730
0.019704
0.020983
0.019781
0.021070
