0.559512
0.015460
0.016531
0.017419
0.016511
0.022888
0.017227
0.017537
0.017296
0.017256
0.017341
0.017231
0.017550
0.017442
0.017570
0.017678
0.017787
0.017346
0.017814
0.017838
0.019944
0.017533
0.017554
0.017798
0.017567
0.018033
0.017791
0.017873
0.027443
0.020501
0.027354
0.018215
0.027588
0.018143
0.018914
0.018236
0.019151
0.018663
0.018463
0.018664
0.023427
0.018717
0.028135
0.018687
0.018808
0.018779
0.018718
0.018830
0.028254
0.018865
0.020163
0.017772
0.019143
0.018951
0.018997
0.019380
0.018981
0.020126
0.019314
0.019272
0.024332
0.019312
0.019530
0.028336
0.019485
0.019396
0.019670
0.019087
0.019044
0.019215
0.019518
0.019345
0.019346
0.019497
0.019462
0.019519
0.019583
0.019513
0.019455
0.019953
0.024418
0.020180
0.019943
0.020136
0.019656
0.020371
0.019967
0.019978
0.019889
0.020072
0.019950
0.020056
0.021262
0.020191
0.020527
0.020402
0.020529
0.020339
0.020477
0.020356
0.025322
0.022699
0.020283
0.021041
0.020838
0.030535
0.020983
0.021021
0.020882
0.020985
0.021114
0.021028
0.020861
0.021328
0.024893
0.022061
0.022145
0.021300
0.021288
0.021650
0.026448
