0.568057
0.019425
0.019624
0.018129
0.017843
0.018935
0.018822
0.020278
0.018861
0.018960
0.018982
0.018758
0.018739
0.018777
0.018892
0.018803
0.020327
0.019017
0.018843
0.019052
0.021523
0.020712
0.018980
0.020284
0.020211
0.019186
0.019408
0.020663
0.020572
0.020586
0.019283
0.019378
0.020790
0.019390
0.019308
0.019305
0.019389
0.019644
0.019845
0.019789
0.024551
0.019739
0.019698
0.019677
0.019684
0.019582
0.019687
0.021149
0.020276
0.021966
0.020876
0.018584
0.019991
0.019916
0.019904
0.020064
0.022233
0.022072
0.022221
0.021031
0.025811
0.021013
0.020922
0.020735
0.020785
0.022431
0.022651
0.021171
0.021051
0.021253
0.022975
0.020526
0.020644
0.019409
0.020756
0.021143
0.021278
0.019865
0.021219
0.021429
0.025615
0.021400
0.019274
0.019357
0.019249
0.021314
0.019690
0.020842
0.023718
0.023480
0.021575
0.021244
0.021157
0.023058
0.021699
0.021863
0.022939
0.023138
0.021633
0.023165
0.026764
0.023160
0.021782
0.021873
0.021826
0.023152
0.021874
0.021753
0.021680
0.021852
0.021789
0.022175
0.022237
0.022404
0.023955
0.023911
0.024035
0.023559
0.023575
0.023485
0.027086
0.023716
0.022403
0.023968
0.022649
0.022432
0.023822
0.022420
0.022342
0.023674
0.023261
0.023770
0.022430
0.023455
0.022288
0.023823
0.022550
0.023838
0.022641
0.022656
0.027646
0.024283
0.022581
0.023975
0.022676
0.022766
0.024125
0.024057
0.024132
0.024147
0.022902
0.022932
0.022907
0.024259
0.023008
0.022972
0.023192
0.023183
0.023118
0.024679
0.029591
0.024623
0.023353
0.023320
0.024640
0.023451
0.023350
0.024978
0.023559
0.024844
0.023572
0.024899
0.023410
0.023583
0.023658
0.023813
0.023978
0.025517
0.023882
0.023937
0.028759
0.025182
0.025341
0.024219
0.024102
0.025541
0.024180
0.024187
0.024371
0.024344
0.024584
0.025901
0.024480
0.024483
0.024597
0.024751
0.024597
0.024644
