0.560424
0.015705
0.016213
0.016088
0.016179
0.016347
0.017605
0.017459
0.017525
0.017728
0.017825
0.018415
0.018222
0.018168
0.018501
0.018140
0.018425
0.018547
0.018367
0.018901
0.019223
0.017063
0.016129
0.017776
0.017472
0.018509
0.018751
0.018809
0.018813
0.018495
0.018751
0.018795
0.018701
0.018858
0.018917
0.019028
0.018850
0.018955
0.019170
0.019208
0.024692
0.019425
0.019220
0.017836
0.017825
0.018172
0.018008
0.017881
0.017953
0.017927
0.018173
0.018219
0.018310
0.018303
0.018412
0.018494
0.018841
0.018579
0.018850
0.018755
0.023888
0.019027
0.018464
0.018928
0.018438
0.018484
0.018427
0.018608
0.018681
0.018707
0.021515
0.018923
0.018870
0.018763
0.019098
0.018960
0.019058
0.019207
0.019153
0.018958
0.024120
0.019276
0.019243
0.019370
0.019492
0.019470
0.019494
0.019511
0.019434
0.019511
0.019752
