0.562267
0.016527
0.016315
0.015263
0.016282
0.016210
0.017300
0.017181
0.017272
0.017285
0.016203
0.016424
0.017374
0.016403
0.016366
0.017416
0.017609
0.017651
0.017618
0.017788
0.019926
0.017768
0.016870
0.017658
0.016806
0.017793
0.016955
0.018114
0.018101
0.018180
0.016986
0.018242
0.018153
0.018271
0.018386
0.018240
0.017264
0.018665
0.018471
0.018373
0.023444
0.018498
0.017492
0.018689
0.018888
0.018707
0.018924
0.018972
0.019017
0.018728
0.017604
0.018748
0.018929
0.018923
0.019013
0.018919
0.018984
0.019090
0.019201
0.019185
0.022999
0.019265
0.019394
0.019481
0.019577
0.019617
0.019499
0.019568
0.019727
0.019624
0.019650
0.019854
0.018411
0.019728
0.019761
0.019729
0.018561
0.019916
0.019949
0.020028
0.025113
0.020098
0.018698
0.018708
0.020076
0.019967
0.020097
0.020187
0.020243
0.020248
0.020383
0.020290
0.019093
0.020383
0.019005
0.019487
0.020378
0.020467
0.020698
0.020685
0.025587
