0.557246
0.017638
0.017748
0.017681
0.017735
0.016749
0.017832
0.017992
0.016798
0.016855
0.016840
0.017557
0.017311
0.018763
0.019042
0.018244
0.016896
0.017137
0.017210
0.017133
0.020126
0.019256
0.018585
0.018532
0.018447
0.017380
0.018202
0.018590
0.017473
0.017579
0.018768
0.018810
0.018972
0.017720
0.018340
0.018948
0.017802
0.017819
0.017860
0.017642
0.024124
0.019158
0.019396
0.018728
0.018755
0.019438
0.018105
0.018123
0.018895
0.020443
0.020702
0.019055
0.020332
0.018903
0.020633
0.020489
0.019235
0.018394
0.020431
0.020657
0.023523
0.018617
0.019962
0.018728
0.018642
0.019937
0.020002
0.018789
0.018968
0.018809
0.020176
0.020320
0.020068
0.018971
0.020232
0.019557
0.019928
0.021267
0.021399
0.021412
0.024084
0.019847
0.020387
0.020441
0.019394
0.019355
0.019394
0.019403
0.020189
0.021003
0.020768
0.020302
0.021838
0.020949
0.021775
0.020950
0.021793
0.020443
0.019617
0.020336
0.027041
0.021180
0.019835
0.020696
0.019951
0.020012
0.021471
0.020094
0.021430
0.020032
0.020068
0.020166
0.020200
0.020116
0.020431
0.020338
0.020484
0.020421
0.022065
0.020504
0.026974
0.020670
0.022031
0.022000
0.022099
0.022070
0.020696
0.022036
0.020834
0.022085
0.022488
0.021068
0.020994
0.021037
0.021275
0.020834
0.022470
0.022531
0.022305
0.021063
0.026007
0.021239
0.022417
0.022604
0.021399
0.021215
0.022693
0.021207
0.021360
0.021468
0.021485
0.023010
0.021751
0.021588
0.021661
0.021690
0.023202
0.021772
0.023015
0.023102
0.028147
0.023381
0.022920
0.021599
0.021716
0.021655
0.023623
0.022136
0.023533
0.022143
0.023572
0.022260
0.023422
0.022899
0.023651
0.022290
0.022333
0.023941
0.023658
0.023575
0.028658
0.022503
0.022402
0.024830
0.024773
0.023136
0.024965
0.024781
0.024731
0.024633
0.024777
0.024882
0.023539
0.024862
0.024929
0.025041
0.025296
0.025527
0.023641
0.025513
0.030331
0.025247
0.025404
0.023258
0.024542
0.023157
0.024891
0.023251
0.025782
0.024173
0.024839
0.023569
0.023591
0.023532
0.024957
0.023670
0.023566
0.023620
0.023582
0.023587
0.029895
0.025036
0.025396
0.023988
0.025575
0.024126
0.024214
0.023882
0.023981
0.023890
0.025391
0.025447
0.025349
0.024224
0.025914
0.024303
0.025758
0.024480
0.024474
0.024396
0.030994
0.024508
0.024558
0.024632
0.025938
0.025807
0.026160
0.024749
0.024831
0.024656
0.026220
0.024853
0.024880
0.026299
0.024725
0.024881
0.024859
0.026566
0.027514
0.026443
0.032220
0.026488
0.025223
0.026520
0.026117
0.026535
0.025347
0.025474
0.025348
0.026565
0.025295
0.026919
0.026910
0.025437
0.027127
0.025663
0.027031
0.025506
0.025368
0.027564
0.032690
0.026446
0.027804
0.027915
0.027589
0.026533
0.027802
0.026656
0.027981
0.028220
0.029011
0.028108
0.026871
0.027407
0.027577
0.026070
0.027317
0.026255
0.027569
0.027658
0.032794
0.027851
0.026490
0.027867
0.027976
0.028520
0.026554
0.027622
0.026548
0.028086
0.027959
0.029024
0.029044
0.029083
0.027670
0.026916
0.028406
0.029190
0.029425
0.027437
0.034159
0.027098
0.028346
0.029441
0.028005
0.029406
0.029223
0.029350
0.029407
0.028074
0.028452
0.029695
0.028073
0.029289
0.028069
0.029719
0.028364
0.028867
0.028957
0.029129
0.034146
0.029326
0.027785
0.027726
0.027590
0.028766
0.028442
0.029157
0.028128
0.028081
0.028087
0.030085
0.030308
0.030051
0.030420
0.030425
0.028934
0.030510
0.029043
0.030437
0.035370
0.030320
0.030617
0.030036
0.028375
0.028110
0.029252
0.029029
0.030990
0.029326
0.030977
0.029415
0.030809
0.030039
0.028787
0.028715
0.030890
0.031004
0.029392
0.030900
0.034429
0.029384
0.030904
0.031155
0.029681
0.031148
0.030030
0.031438
0.031520
0.031416
0.031524
0.030541
0.031626
0.031749
0.031677
0.031566
0.030371
0.030150
0.031690
0.031611
0.036441
0.031722
0.032014
0.031739
0.030286
0.032033
0.032178
0.029881
0.029853
0.030415
0.031912
0.032003
0.030374
0.030361
0.031821
0.031981
0.032203
0.032146
0.032316
0.032363
0.037281
0.032312
0.032151
0.031002
0.031971
0.032438
0.032280
0.032518
0.032724
0.031096
0.031245
0.032671
0.033237
0.033103
0.031428
0.032863
0.032748
0.032859
0.032832
0.032908
0.037076
0.031702
0.033129
0.032795
0.033083
0.032319
0.033090
0.033229
0.061190
0.032831
0.031734
0.033524
0.033243
0.031854
0.033220
0.033702
0.033667
0.033590
0.033502
0.032027
0.038426
0.032029
0.033797
0.033930
0.033863
0.033910
0.033690
0.033996
0.033639
0.034199
0.032262
0.033977
0.033742
0.032313
0.033870
0.033979
0.034256
0.034122
0.032573
0.034357
0.039183
0.033572
0.034429
0.034318
0.034551
0.034402
0.034292
0.033043
0.034377
0.034530
0.033638
0.034039
0.033795
0.034905
0.034679
0.034223
0.034244
0.035480
0.034172
0.035380
0.039433
0.033976
0.035303
0.032646
0.033351
0.035106
0.033401
0.035128
0.035049
0.033399
0.035379
0.033630
0.035065
0.035321
0.035071
0.035474
0.033763
0.035274
0.044337
0.033825
0.040170
0.035511
0.033889
0.034192
0.035692
0.035761
0.035984
0.035852
0.034434
0.035728
0.035851
0.034170
0.036163
0.034522
0.035866
0.034658
0.036544
0.036128
0.036527
0.034917
0.041293
0.034631
0.035717
0.036629
0.034817
0.036311
0.034587
0.036573
0.036809
0.036805
0.034722
0.036310
0.036783
0.036867
0.035233
0.036672
0.036730
0.036692
0.035079
0.036702
0.041776
0.035096
0.035068
0.035374
0.037117
0.035595
0.037478
0.035353
0.037142
0.036757
0.037156
0.035345
0.037060
0.037203
0.037410
0.037343
0.037256
0.035579
0.037126
0.037606
0.042081
0.037367
0.035900
0.037546
0.037270
0.035794
0.035772
0.037369
0.037706
0.037970
0.038119
0.038248
0.036495
0.037888
0.037910
0.036363
0.038040
0.037968
0.038351
0.036534
0.043516
0.036175
0.037925
0.038008
0.038301
0.038611
0.038401
0.036755
0.038356
0.036165
0.038036
0.038242
0.038407
0.036648
0.038346
0.038531
0.038474
0.036714
0.036483
0.038415
0.043435
0.038262
0.038465
0.038622
0.039397
0.037067
0.038614
0.037094
0.038920
0.039336
0.038983
0.039153
0.037269
0.038867
0.039025
0.038786
0.039159
0.039357
0.039301
0.037596
0.044267
0.039419
0.037603
0.039306
0.039217
0.037708
0.039571
0.037872
0.037957
0.039612
0.039552
