0.559828
0.016982
0.015536
0.016744
0.015509
0.016462
0.016451
0.017464
0.016387
0.017624
0.016532
0.016359
0.016506
0.017579
0.016652
0.017580
0.016827
0.017857
0.018034
0.016823
0.019077
0.017863
0.016883
0.017970
0.016854
0.017986
0.016977
0.016996
0.017091
0.018348
0.017149
0.018275
0.017028
0.018310
0.017304
0.018382
0.017509
0.019448
0.017401
0.018569
0.022305
0.017408
0.018865
0.017648
0.017674
0.018940
0.017739
0.019031
0.017729
0.018988
0.017869
0.019224
0.018000
0.018673
0.017889
0.019011
0.017946
0.019173
0.018134
0.017961
0.023042
0.019458
0.018064
0.018157
0.018302
0.018305
0.018266
0.019491
0.018351
0.019285
0.018095
0.019395
0.019598
0.020013
0.019000
0.020205
0.018862
0.018755
0.018775
0.020126
0.023725
0.020431
0.020650
0.018582
0.018950
0.018471
0.019087
0.020010
0.018777
0.019198
0.020684
0.020662
0.019042
0.019368
0.020840
0.019170
0.019273
0.020929
0.020300
0.019133
0.025905
0.019777
0.019355
0.019792
0.019493
0.020711
0.019452
0.021391
0.019561
0.019884
0.019524
0.019604
0.019620
0.019658
0.019825
0.021150
0.021227
0.021102
0.021202
0.021175
0.024798
0.021153
0.020200
0.021935
0.020278
0.021751
0.020458
0.021747
0.020412
0.020462
0.020522
0.021759
0.020669
0.021943
0.020641
0.022420
0.020750
0.020603
0.020679
0.022258
0.025685
0.022329
0.021797
0.020978
0.020911
0.022285
0.021025
0.021176
0.022101
0.020836
0.022156
0.021010
0.021185
0.022707
0.021358
0.021249
0.021345
0.022225
0.021440
0.022390
0.026484
0.022402
0.022356
0.022523
0.022603
0.021655
0.023166
0.023247
0.023269
0.021814
0.021810
0.023320
0.023399
0.021810
0.022923
0.021616
0.023465
0.021720
0.021778
0.021769
0.028662
0.022424
0.023440
0.022023
0.021846
0.023416
0.023645
0.022116
0.022225
0.023320
0.022053
0.023588
0.022505
0.023848
0.022507
0.022383
0.022745
0.022719
0.022792
0.022786
0.027622
0.024267
0.024390
0.022725
0.022962
0.022852
0.022945
0.024425
0.022595
0.022650
0.023055
0.022891
0.022950
0.024582
0.023263
0.023080
0.024804
0.024830
0.023392
0.025056
0.027898
0.023366
0.023446
0.025098
0.023543
0.023129
0.023691
0.023560
0.023753
0.025265
0.025469
0.025188
0.025342
0.025360
0.023650
0.025137
0.023604
0.023550
0.024081
0.023991
0.030521
0.024278
0.024115
0.025213
0.025702
0.025833
0.024340
0.025710
0.024469
0.025822
0.024407
0.024272
0.024395
0.024276
0.024421
0.024384
0.024566
0.025703
0.024460
0.024471
0.029580
0.026270
0.024793
0.026088
0.024718
0.024743
0.024705
0.024902
0.026154
0.026272
0.026676
0.026150
0.026265
0.026563
0.026584
0.025078
0.025156
0.025046
0.026567
0.025180
0.030232
0.026719
0.026671
0.026919
0.025577
0.026717
0.026669
0.026632
0.026639
0.026808
0.025588
0.025503
0.025591
0.027090
0.025630
0.027236
0.025951
0.027384
0.025934
0.025825
0.032099
0.027263
0.026088
0.027205
0.025901
0.026056
0.026098
0.025959
0.027492
0.026348
0.026043
0.027466
0.027566
0.027782
0.027724
0.026365
0.027642
0.026403
0.027615
0.027613
0.031343
0.028844
0.026495
0.026363
0.027960
0.026691
0.026667
0.026795
0.028299
0.026838
0.028112
0.026951
0.028397
0.027543
0.026971
0.026958
0.028575
0.027305
0.028155
0.027505
0.033638
0.027286
0.028571
0.027346
0.028735
0.027546
0.027290
0.027327
0.027394
0.027329
0.027463
0.027379
0.028650
0.028678
0.028826
0.027749
0.027763
0.029133
0.029193
0.027900
0.032743
0.027834
0.028033
0.027990
0.029551
0.029588
0.027873
0.027920
0.028040
0.028125
0.028149
0.027952
0.029441
0.028017
0.029884
0.028295
0.029893
0.028190
0.029594
0.029897
0.034674
0.029919
0.029576
0.029758
0.029623
0.029760
0.029932
0.029938
0.028347
0.029958
0.028467
0.029784
0.029961
0.028514
0.030206
0.030165
0.028800
0.028725
0.029060
0.028951
0.035616
0.030798
0.029046
0.030624
0.030885
0.028611
0.030121
0.029210
0.029259
0.029411
0.029426
0.030889
0.029479
0.029648
0.031151
0.029721
0.029571
0.029787
0.031100
0.029804
0.036041
0.029671
0.029604
0.029751
0.031403
0.029700
0.031237
0.031201
0.031512
0.031177
0.031252
0.030038
0.029992
0.031605
0.031719
0.031760
0.031576
0.030357
0.030106
0.031823
0.036605
0.031978
0.032271
0.029855
0.032073
0.030580
0.031700
0.030241
0.030315
0.031829
0.031890
0.030596
0.030520
0.031892
0.032124
0.030498
0.031872
0.032006
0.031959
0.030684
0.037010
0.031189
0.030959
0.032712
0.030890
0.032693
0.032592
0.032466
0.032697
0.032758
0.032752
0.031437
0.031283
0.032847
0.033098
0.030919
0.031333
0.031536
0.031201
0.032946
0.038033
0.031862
0.031662
0.031631
0.032650
0.032729
0.032781
0.032968
0.033237
0.031612
0.031583
0.031873
0.033391
0.032830
0.033087
0.031746
0.031851
0.031920
0.033365
0.033539
0.036864
0.032077
0.033671
0.033606
0.033777
0.033651
0.033421
0.032127
0.033694
0.032062
0.032176
0.032057
0.032618
0.032369
0.033876
0.032549
0.034187
0.034072
0.032692
0.034042
0.039697
0.032894
0.032977
0.034319
0.034909
0.034544
0.033301
0.032992
0.032999
0.034395
0.034587
0.033046
0.032952
0.032921
0.032918
0.033161
0.034437
0.034300
0.034925
0.034633
0.037998
0.034632
0.034424
0.034726
0.033117
0.035208
0.033245
0.034626
0.034631
0.034791
0.034609
