0.586653
0.016130
0.015559
0.015625
0.016779
0.017694
0.016844
0.016901
0.016907
0.016609
0.016894
0.016874
0.016912
0.017014
0.016896
0.016791
0.016855
0.016848
0.018347
0.018134
0.019171
0.017171
0.016963
0.017245
0.018459
0.017416
0.017260
0.017313
0.018516
0.017460
0.017535
0.017587
0.018615
0.017464
0.017540
0.017698
0.017735
0.017798
0.017871
0.017790
0.022638
0.017920
0.018775
0.017838
0.019192
0.019202
0.018058
0.018048
0.019207
0.018160
0.018042
0.018316
0.018613
0.021392
0.021313
0.021358
0.018504
0.021329
0.021445
0.021379
0.024668
0.021209
0.022487
0.018618
0.018655
0.018728
0.022947
0.018808
0.018829
0.018835
0.019001
0.020634
0.018781
0.018995
0.019037
0.019194
0.018950
0.022058
0.022104
0.019169
0.024221
0.019130
0.019228
0.019338
0.019401
0.019315
0.019770
0.019775
0.019821
0.019987
0.020089
0.020004
0.019854
0.021270
0.019646
0.019655
0.021371
0.019984
0.020151
0.020039
0.024715
