0.583123
0.019598
0.017263
0.017989
0.017050
0.017194
0.018154
0.018136
0.018132
0.018142
0.018203
0.018205
0.018260
0.018276
0.018417
0.018337
0.019628
0.019774
0.019859
0.018589
0.021024
0.018692
0.018660
0.018648
0.018729
0.019833
0.020165
0.018858
0.020053
0.018763
0.018821
0.019003
0.019049
0.018975
0.019134
0.019150
0.019394
0.019448
0.022442
0.022490
0.022535
0.022507
0.022592
0.023791
0.021236
0.019688
0.022617
0.019798
0.019883
0.019863
0.019863
0.021015
0.020003
0.020055
0.022817
0.020161
0.020133
0.020198
0.020110
0.020113
0.026337
0.021357
0.020196
0.020211
0.020293
0.021466
0.020184
0.020272
0.020353
0.021439
0.020493
0.021978
0.020685
0.020549
0.022061
0.022008
0.020828
0.023428
0.024764
0.020547
0.025658
