0.564351
0.015950
0.015787
0.015847
0.017441
0.016874
0.018075
0.018460
0.016930
0.018271
0.018145
0.016943
0.017926
0.016916
0.017951
0.018223
0.018144
0.018417
0.017249
0.016974
0.019494
0.018560
0.017227
0.018631
0.018500
0.018395
0.018370
0.017315
0.017568
0.017460
0.017558
0.018684
0.018876
0.018801
0.018873
0.018975
0.018904
0.018945
0.017741
0.017776
0.024221
0.019305
0.019268
0.022031
0.019401
0.019531
0.019343
0.019551
0.018237
0.019347
0.019821
0.020041
0.019768
0.018529
0.019801
0.018592
0.019714
0.020020
0.019824
0.018600
0.024791
0.020045
0.020052
0.019937
0.020141
0.020265
0.020289
0.018885
0.020428
0.018924
0.020359
0.020514
0.019078
0.019064
0.019285
0.019232
0.019128
0.021044
0.020687
0.019768
0.024614
0.018766
0.018765
0.020328
0.018896
0.020148
0.018966
0.018880
0.018957
0.019059
0.019118
0.019074
0.019363
0.019298
0.019180
0.019144
0.019092
0.019192
0.019226
0.019354
0.024328
0.019387
0.019497
0.019422
0.019405
0.019555
0.019600
0.019720
0.019760
0.019740
0.019778
0.019830
0.019843
0.019900
0.019827
0.019787
0.019738
0.019812
0.019980
0.019985
0.024969
0.020100
0.020091
0.020144
0.020205
0.020245
0.020124
0.020266
0.021658
0.020259
0.020497
0.020336
0.021389
0.020358
0.020383
0.020296
0.020367
0.020397
0.020377
0.020346
0.025236
0.020235
0.020412
0.020839
0.021036
0.021035
0.020943
0.021008
0.020957
0.020824
0.020743
0.021253
0.020966
0.021000
0.021104
0.020947
0.021163
0.021204
0.021206
0.021247
0.026154
0.021442
0.021455
0.021350
0.021423
0.021419
0.022885
0.021550
0.023230
0.021637
0.022079
0.021736
0.021733
0.021626
0.021736
0.021722
0.021719
0.021715
0.021683
0.021843
0.027503
0.024112
0.024488
0.024398
0.022107
0.022858
0.024771
0.024622
0.022198
0.022237
0.022388
0.022329
0.024050
0.022512
0.022512
0.024020
0.022687
0.022489
0.022504
0.022683
0.027475
0.022686
0.022801
0.022780
0.022761
0.023483
0.023578
0.023331
0.023404
0.022630
0.022756
0.022964
0.023870
0.022945
0.024588
0.023154
0.023067
0.023164
0.023509
0.023263
0.028114
0.023141
0.023118
0.023388
0.024204
0.023292
0.024080
0.024976
0.023970
0.024933
0.023521
0.025258
0.023715
0.024914
0.024863
0.024885
0.024882
0.023810
0.023721
0.023814
0.028739
0.024127
0.024586
0.024384
0.026301
0.024568
0.026544
0.024717
0.026232
0.026007
0.026214
0.026034
0.026231
0.026108
0.026085
0.026153
0.026582
0.025092
0.026340
0.026418
0.031227
0.024936
0.026627
0.025255
0.026886
0.026618
0.026565
0.026515
0.026495
0.025405
0.026815
0.026854
0.026667
0.026691
0.027048
0.025517
0.026776
0.026786
0.026665
0.026656
0.031784
0.026928
0.026925
0.026799
0.027112
0.025694
0.027238
0.025747
0.026844
0.027194
0.026994
0.027102
0.027298
0.026013
0.027165
0.027332
0.027386
0.030231
0.026159
0.027616
0.035228
0.028539
0.028356
0.028596
0.028779
0.028822
0.028912
0.026327
0.027772
0.027797
0.027835
0.027805
0.027744
0.027637
0.059307
0.030265
0.030101
0.030596
0.028108
0.027723
0.032869
0.027788
0.027886
0.028224
0.028129
0.028416
0.028124
0.028360
0.028473
0.028622
0.028649
0.028802
0.028672
0.028547
0.029906
0.028755
0.028790
0.027351
0.028510
0.028543
0.033673
0.028866
0.028909
0.027601
0.028927
0.028792
0.028912
0.028992
0.029140
0.029864
0.027551
0.028976
0.029165
0.029246
0.029356
0.029290
0.027673
0.027999
0.029571
0.029731
0.034400
0.028135
0.029338
0.029563
0.030007
0.029595
0.029834
0.029680
0.028167
0.029824
0.029906
0.029831
0.028491
0.028341
0.029634
0.030051
0.029951
0.029857
0.030398
0.028517
0.035280
0.028704
0.030054
0.030168
0.030171
0.030429
0.029101
0.029044
0.028836
0.030614
0.030468
0.030613
0.030591
0.030709
0.030615
0.030788
0.030829
0.031215
0.031374
0.030342
0.034489
0.029667
0.031202
0.029481
0.029588
0.029437
0.030709
0.031184
0.031501
0.030005
0.031675
0.031571
0.031593
0.031177
0.030449
0.029891
0.030649
0.029501
0.030914
0.029473
0.034397
0.030201
0.029960
0.031765
0.031793
0.031870
0.031809
0.031173
0.031018
0.030992
0.031954
0.032231
0.032289
0.030617
0.032195
0.030816
0.032500
0.030922
0.030686
0.030559
0.037000
0.032199
0.032317
0.032761
0.033029
0.032806
0.031154
0.032465
0.032837
0.032858
0.031364
0.032927
0.031430
0.032928
0.032830
0.031866
0.033481
0.033066
0.033360
0.033044
0.037735
0.033948
0.031734
0.033028
0.033162
0.031460
0.033396
0.033322
0.031555
0.033242
0.033426
0.031834
0.031873
0.033412
0.032133
0.033462
0.032149
0.031305
0.032811
0.032171
0.037031
0.032105
0.031982
0.033478
0.033577
0.033745
0.033922
0.031977
0.033944
0.032244
0.033819
