0.567233
0.018130
0.015877
0.015927
0.015800
0.016542
0.017937
0.017031
0.016997
0.017025
0.016997
0.017094
0.017172
0.017216
0.017245
0.018029
0.017323
0.017370
0.017473
0.018514
0.019794
0.018665
0.017590
0.018679
0.017335
0.017460
0.017520
0.017765
0.017825
0.017925
0.017965
0.018017
0.017437
0.017556
0.017629
0.017560
0.017624
0.017787
0.017999
0.018542
0.022755
0.018109
0.019029
0.018165
0.017995
0.017960
0.018511
0.018301
0.018338
0.021095
0.018289
0.018405
0.021276
0.018487
0.021341
0.018338
0.018368
0.018409
0.018315
0.021389
0.021457
0.021432
0.021473
0.021534
0.018881
0.018832
0.018850
0.019826
0.018751
0.019908
0.018850
0.018752
0.020087
0.018783
0.018792
0.020050
0.018994
0.023381
0.019253
0.022038
0.025642
0.019326
0.019284
0.019321
0.019405
0.019424
0.019477
0.019490
0.022201
0.021293
0.019547
