0.563051
0.017304
0.015833
0.015949
0.017137
0.015417
0.017742
0.016517
0.016614
0.016475
0.016748
0.017889
0.018568
0.018511
0.018379
0.017379
0.018238
0.017586
0.017702
0.018207
0.020658
0.016836
0.016936
0.016855
0.018000
0.017038
0.018049
0.017144
0.017943
0.017256
0.017143
0.017400
0.018216
0.017176
0.017071
0.017324
0.017318
0.017337
0.018439
0.017606
0.022557
0.017442
0.017673
0.017437
0.018907
0.017619
0.018687
0.018846
0.017866
0.017771
0.019106
0.017824
0.018109
0.019151
0.018102
0.018080
0.018203
0.018039
0.018015
0.018262
0.023216
0.018256
0.018289
0.018154
0.018415
0.018697
0.018729
0.018814
0.018681
0.018655
0.018481
0.018455
0.019747
0.019759
0.020153
0.018852
0.018757
0.018774
0.018816
0.018832
0.023840
0.018912
0.018901
0.019092
0.018923
0.018876
0.018888
0.019045
0.019179
0.020436
0.019020
0.020553
0.019303
0.019165
0.019236
0.019318
0.019356
0.019392
0.019468
0.020956
0.024492
