0.551656
0.016558
0.015991
0.015914
0.025357
0.017681
0.015823
0.017242
0.016692
0.016999
0.016767
0.016871
0.022996
0.021774
0.016945
0.017218
0.017213
0.017230
0.017782
0.017927
0.028872
0.017324
0.017244
0.017145
0.017467
0.026721
0.017083
0.022461
0.017621
0.017652
0.017689
0.017528
0.017657
0.017639
0.017642
0.017817
0.017678
0.017932
0.017798
0.018014
0.023011
0.018090
0.018184
0.018029
0.018055
0.018280
0.018140
0.018320
0.018430
0.018301
0.018569
0.018668
0.018723
0.018422
0.021389
0.018905
0.018856
0.019083
0.018820
0.028320
0.023715
0.022645
0.018862
0.024984
0.018868
0.019027
0.019240
0.018548
0.018482
0.018707
0.018865
0.018959
0.018837
0.018667
0.018950
0.018982
0.019051
0.019066
0.018872
0.020183
0.023899
0.019537
0.020720
0.019786
0.019100
0.021068
0.019334
0.019311
0.019261
0.019516
0.021064
0.019565
0.019557
0.019618
0.028490
0.019832
0.019747
0.019950
0.019857
0.019821
0.024813
0.020478
0.020254
0.029960
0.022658
0.020467
0.020434
0.020318
0.020461
0.020426
0.020286
0.020138
0.020265
0.020808
0.020592
0.020703
0.030595
0.020696
0.021051
0.030378
0.035455
