0.565616
0.018740
0.017450
0.018850
0.017282
0.018749
0.018384
0.019907
0.018487
0.020092
0.019855
0.020066
0.018753
0.017844
0.020546
0.018503
0.018678
0.018536
0.019761
0.019987
0.020898
0.018692
0.018774
0.020416
0.018904
0.020190
0.020470
0.011177
0.018895
0.022561
0.019434
0.017209
0.018596
0.020274
0.021163
0.020890
0.019302
0.020545
0.019072
0.019096
0.021975
0.020883
0.020942
0.021208
0.021382
0.021249
0.020897
0.019541
0.019747
0.021522
0.022528
0.020023
0.021814
0.022211
0.022407
0.021763
0.020013
0.021462
0.019766
0.019576
0.024812
0.020032
0.020206
0.020143
0.019945
0.020072
0.020269
0.020389
0.021855
0.021831
0.022139
0.022244
0.020795
0.020656
0.020732
0.022499
0.021006
0.020873
0.020474
0.022029
0.025741
0.021076
0.021086
0.022746
0.021286
0.021312
0.022957
0.020929
0.022418
0.021065
0.021509
0.019224
0.020848
0.020799
0.023382
0.021608
0.021608
0.023640
0.022113
0.021141
