170	351	46	49
171	347	41	50
171	345	37	51
169	348	40	47
169	349	38	46
168	347	37	46
168	348	36	47
167	347	36	48
168	345	35	48
171	346	32	47
171	347	34	46
172	343	30	50
172	342	32	51
172	344	32	49
174	343	31	51
174	341	34	52
175	342	35	50
178	345	34	47
180	344	31	48
181	343	31	49
183	345	33	45
187	344	29	48
189	341	30	50
190	343	34	49
190	343	34	49
193	340	32	52
194	344	31	49
196	346	30	46
198	344	32	45
200	343	32	47
202	344	36	47
204	341	32	49
204	340	32	49
207	342	32	50
209	341	32	50
213	341	31	50
216	342	30	50
218	343	29	45
221	340	27	51
224	341	26	50
228	341	27	49
232	340	24	52
234	341	27	50
237	343	30	50
239	343	28	50
246	341	24	53
246	346	27	48
247	345	29	49
252	341	27	52
255	344	28	51
256	344	31	52
257	342	30	53
258	343	30	51
258	348	33	47
257	347	36	48
259	343	39	50
260	338	45	58
258	340	54	58
256	339	54	58
252	339	54	57
249	339	55	56
251	338	48	57
250	336	42	59
248	339	45	58
246	341	46	55
244	337	49	59
242	336	50	62
242	339	50	57
245	336	44	57
244	335	45	60
244	336	44	60
244	337	42	58
244	336	43	63
243	338	46	61
242	338	44	60
244	337	43	61
243	339	45	61
244	339	43	60
243	341	45	56
243	343	46	55
240	344	49	52
240	342	48	56
237	343	51	55
234	345	51	52
232	345	47	51
230	346	47	51
224	346	50	53
219	348	54	49
215	346	56	52
210	346	56	55
