339	163	92	113
344	157	84	125
340	153	75	133
331	156	73	140
323	158	76	142
295	173	92	124
290	170	86	136
280	171	93	139
265	177	98	129
253	193	76	116
252	202	67	112
238	197	62	113
226	204	70	113
213	214	69	97
204	212	64	100
191	212	72	116
176	219	86	121
159	208	77	117
149	197	74	111
147	208	77	113
146	205	68	98
145	210	75	106
143	201	77	111
144	203	67	114
140	212	71	120
136	209	73	115
138	212	71	122
137	208	62	113
134	216	60	119
132	217	65	107
132	209	61	106
137	216	61	104
141	219	62	99
149	226	57	93
153	226	61	94
149	228	64	82
144	231	62	79
139	237	62	70
143	237	59	69
149	237	60	72
152	236	59	75
152	238	55	78
156	238	54	74
163	235	57	79
166	234	59	89
172	239	57	90
173	234	61	87
181	227	52	98
182	227	56	86
178	230	59	96
181	227	54	95
183	219	51	90
182	221	52	90
178	229	51	98
181	228	51	97
185	220	46	93
186	219	47	101
178	228	58	96
185	223	50	95
184	214	50	93
183	212	49	107
178	221	53	97
182	222	46	93
184	219	51	84
185	212	50	101
188	214	57	98
184	217	56	95
190	210	57	89
194	206	45	100
186	208	49	99
181	209	52	100
176	207	53	104
169	209	54	97
163	210	56	99
160	213	58	100
166	207	49	99
164	205	53	98
164	205	50	101
157	210	59	99
161	208	53	96
157	208	56	91
153	210	58	95
149	212	59	98
154	215	61	92
161	207	55	95
167	207	55	102
170	211	58	99
175	214	56	92
180	208	55	96
176	203	57	105
178	209	55	102
170	218	64	93
167	217	62	92
165	213	57	92
162	216	54	99
156	221	64	101
157	217	66	100
156	216	63	99
158	220	61	95
154	220	64	95
164	221	65	89
175	215	61	95
182	214	57	95
181	220	63	91
184	222	60	88
190	218	58	93
194	214	54	100
189	219	58	94
187	223	58	88
184	217	55	102
180	215	57	93
173	221	60	85
170	223	64	90
171	222	62	86
168	212	63	97
163	213	66	95
160	219	68	90
164	216	66	82
171	212	55	96
165	211	57	98
160	219	65	93
164	217	65	86
163	215	60	91
167	209	59	98
162	214	66	98
171	213	63	97
171	211	64	97
167	211	59	95
161	210	60	95
158	216	62	87
163	213	46	89
161	213	54	95
153	221	62	92
149	224	67	91
150	223	67	94
147	217	67	89
144	216	65	92
141	222	69	89
149	221	68	76
160	212	60	91
157	216	63	88
158	225	70	91
158	225	73	91
161	224	70	87
166	222	66	89
167	224	68	85
178	217	63	79
179	208	64	87
180	206	60	92
178	209	65	97
180	211	64	87
184	208	62	90
185	198	55	101
179	203	60	100
171	209	70	94
184	204	57	99
182	196	59	103
180	202	59	94
177	209	73	95
182	206	67	98
184	202	64	101
183	205	65	110
178	214	75	99
179	214	80	95
182	210	73	103
170	211	67	103
164	218	73	100
162	219	83	101
169	213	70	112
168	208	70	108
164	215	75	104
165	221	83	98
171	216	78	102
175	214	74	103
173	215	73	104
164	221	90	96
170	214	88	93
181	205	74	98
179	205	76	98
175	215	82	92
176	211	88	93
188	202	72	100
190	204	74	97
182	208	80	101
178	211	90	99
189	207	72	98
185	202	80	101
183	202	77	104
174	210	92	94
181	198	81	103
183	193	74	102
178	193	76	103
172	194	86	106
167	194	103	108
169	192	102	102
168	192	85	98
161	197	85	99
157	194	95	104
161	202	123	91
149	191	108	93
155	193	86	92
154	193	107	94
163	189	106	104
168	180	90	104
169	184	79	103
154	190	98	95
150	193	107	91
163	189	95	89
157	189	105	93
154	203	115	85
159	189	108	102
170	192	115	84
184	192	112	84
182	192	122	71
175	195	128	55
178	194	118	66
184	189	113	82
186	191	114	61
188	194	121	58
187	194	128	72
194	187	114	80
201	183	127	80
203	183	128	80
183	186	142	76
174	188	150	69
177	177	151	72
188	176	140	69
193	174	139	76
198	175	124	79
200	178	144	74
212	171	137	81
222	178	123	80
219	177	105	88
182	197	103	89
171	198	117	76
167	200	126	69
161	194	137	70
159	182	143	79
171	183	163	85
181	191	162	78
183	186	154	77
179	182	151	82
179	179	174	93
185	180	194	99
180	182	231	89
171	185	250	91
178	189	240	88
180	190	264	90
185	192	279	94
176	191	296	125
177	190	297	121
