0.555968
0.015716
0.016026
0.015572
0.016569
0.015594
0.017624
0.017767
0.016459
0.017528
0.017548
0.016497
0.016900
0.016707
0.018020
0.017874
0.017946
0.016831
0.016876
0.017923
0.020274
0.018051
0.016812
0.018010
0.018303
0.016929
0.018324
0.017133
0.017088
0.017024
0.018320
0.018446
0.017436
0.017270
0.017464
0.017429
0.018591
0.018592
0.019599
0.017623
0.023756
0.017572
0.018711
0.018848
0.017798
0.018936
0.017797
0.017890
0.017834
0.019100
0.017939
0.017933
0.018055
0.019364
0.019466
0.018057
0.019383
0.018166
0.019348
0.018174
0.024492
0.018218
0.018258
0.019509
0.018312
0.018468
0.018529
0.018433
0.018412
0.019834
0.019977
0.018647
0.019947
0.018607
0.018667
0.018707
0.018897
0.018745
0.020120
0.018739
0.023714
0.019010
0.020156
0.018991
0.020492
0.019191
0.019231
0.019240
0.019254
0.020447
0.020481
0.019260
0.019244
0.020704
0.020749
0.020746
0.020745
0.019465
0.019432
0.019570
