0.564307
0.017367
0.017324
0.017389
0.018272
0.020164
0.018152
0.018043
0.019473
0.019027
0.018739
0.018459
0.018694
0.020270
0.017001
0.016947
0.018191
0.017216
0.017397
0.017322
0.021031
0.016870
0.016727
0.018090
0.017158
0.017200
0.017056
0.016976
0.017177
0.018978
0.021696
0.018907
0.022012
0.021945
0.018621
0.018278
0.017274
0.017582
0.017348
0.017225
0.021556
0.018029
0.018790
0.017346
0.017614
0.020199
0.017486
0.017700
0.017825
0.017692
0.017711
0.017760
0.017856
0.018973
0.018037
0.017798
0.020736
0.017694
0.020847
0.020985
0.022940
0.018059
0.019446
0.018380
0.019551
0.019698
0.019703
0.020110
0.018415
0.019603
0.018526
0.019768
0.019280
0.019454
0.019316
0.020894
0.020471
0.020859
0.020712
0.019222
0.025843
0.020798
0.020999
0.020755
0.021028
0.020974
0.021029
0.022098
0.021014
0.020788
0.020671
0.020683
0.021009
0.021096
0.021087
0.020922
0.021074
0.019617
0.021306
0.021629
0.026172
0.021372
0.021429
0.021527
0.021478
0.021658
0.019570
0.019725
0.021055
0.019517
0.019517
0.019639
0.019880
0.021241
0.020054
0.021353
0.020023
0.021628
0.020226
0.021049
0.024734
0.019763
0.021102
0.019812
0.021390
0.019948
0.020000
0.020079
0.020051
0.020222
0.021611
0.020155
0.021578
0.021785
0.020226
0.020190
0.020350
0.021722
0.021793
0.020508
0.025364
0.020504
0.020601
0.021967
0.020618
0.020431
0.021899
0.020627
0.020549
0.020953
0.020993
0.020823
0.020902
0.020863
0.021098
0.021166
0.022141
0.020881
0.021047
0.022466
0.025911
0.021047
0.021175
0.022155
0.021224
0.022643
0.022823
0.022749
0.022766
0.022827
0.021534
0.023000
0.021539
0.022777
0.021357
0.021394
0.021700
0.023199
0.021759
0.023258
0.026680
0.023252
0.021887
0.023061
0.021685
0.023304
0.021909
0.021909
0.022204
0.023914
0.022636
0.022520
0.022549
0.022639
0.022658
0.022487
0.022408
0.024019
0.024177
0.022552
0.027522
0.022648
0.022660
0.022677
0.022784
0.022761
0.022558
0.024225
0.022622
0.022945
0.024317
0.025278
0.025212
0.024607
0.023030
0.024515
0.023163
0.024672
0.023102
0.023101
0.028089
