586	439	87	68
592	446	86	60
597	446	88	60
602	449	87	59
604	449	86	59
598	446	87	61
601	443	84	64
594	442	84	63
593	441	85	62
586	437	87	65
577	434	95	67
569	431	108	66
563	431	113	64
557	429	114	68
555	427	112	71
550	425	110	73
553	424	108	72
553	420	98	73
552	421	96	66
545	417	97	62
554	412	86	67
547	411	86	61
549	408	82	68
546	409	81	65
547	404	80	69
544	404	81	65
545	400	84	68
546	401	84	62
549	394	84	68
554	390	84	71
554	389	83	68
555	384	89	66
560	378	83	72
567	375	83	69
568	373	83	72
575	362	84	77
581	361	86	75
589	357	88	79
594	358	87	72
611	350	81	73
618	349	81	72
622	339	82	82
629	338	78	79
633	343	80	76
636	340	82	78
641	344	83	77
644	347	86	75
652	345	86	79
659	350	88	76
664	355	90	74
665	357	91	74
662	362	96	74
664	365	88	71
659	366	88	75
662	370	81	70
662	376	77	66
658	376	77	70
651	378	81	73
652	378	79	77
647	383	79	77
644	386	80	76
636	388	83	80
631	395	84	80
623	403	84	74
623	406	81	71
620	411	80	69
618	411	78	71
614	418	78	67
612	424	77	59
610	419	79	68
605	419	82	66
603	413	83	69
596	415	89	65
593	407	86	68
589	404	89	67
584	397	87	72
584	394	88	73
582	387	86	77
581	388	86	77
584	382	85	77
582	384	82	73
581	383	82	73
580	382	83	73
582	381	84	73
583	379	85	76
583	371	86	78
583	368	85	77
580	363	89	76
584	361	87	71
590	353	83	73
588	352	79	73
591	345	82	75
592	348	81	73
592	346	83	73
589	347	83	69
585	338	88	72
584	336	87	76
581	326	86	76
579	325	87	73
578	318	92	73
