296	175	95	203
302	180	99	205
305	180	104	205
302	179	123	213
311	177	106	218
311	178	107	206
308	175	118	206
309	178	112	212
303	176	115	209
299	179	112	204
292	188	111	194
289	182	110	195
288	188	114	192
287	189	112	192
289	188	114	192
294	189	118	189
298	192	118	185
305	185	115	193
306	189	119	190
311	180	116	197
319	177	99	198
321	172	105	214
309	169	115	222
308	168	110	224
301	166	122	248
302	165	118	244
302	166	114	242
289	167	133	246
288	168	124	249
284	168	120	247
284	167	127	249
288	166	116	242
290	170	116	227
297	173	107	212
300	174	113	208
304	179	123	204
304	180	140	205
303	178	147	202
301	185	143	196
308	187	134	198
306	190	147	195
307	190	142	192
309	193	140	190
307	196	153	187
310	201	145	184
307	200	142	191
309	207	140	190
307	216	137	177
305	230	131	163
303	237	144	157
304	250	144	153
297	265	149	134
288	290	156	115
274	301	179	95
275	309	177	85
275	315	174	87
267	318	169	73
270	316	157	69
290	316	134	80
302	311	131	86
301	310	133	98
302	311	111	77
304	310	107	80
301	311	105	83
306	313	96	78
304	316	96	77
298	316	104	77
294	316	102	76
294	316	108	83
295	316	113	77
296	315	120	75
304	315	135	84
306	323	148	72
315	325	161	73
314	329	172	75
308	333	191	73
315	334	177	71
317	332	175	73
325	328	185	75
333	327	196	76
351	327	200	79
355	328	211	82
368	333	204	77
379	335	196	74
390	333	192	74
396	332	191	76
400	334	192	73
398	333	203	72
402	334	205	75
402	334	219	77
397	336	239	72
401	333	246	79
397	331	256	81
384	331	270	82
382	329	279	80
385	329	282	81
388	335	292	75
397	332	298	76
409	336	295	73
406	335	306	73
