0.560608
0.015986
0.015743
0.015522
0.015548
0.015532
0.017087
0.016551
0.017013
0.019255
0.016831
0.016541
0.017192
0.017297
0.017364
0.017488
0.017467
0.017350
0.017407
0.017476
0.019710
0.017556
0.017654
0.017610
0.017451
0.017451
0.017411
0.016911
0.016879
0.018685
0.018691
0.018363
0.018426
0.018529
0.017190
0.017061
0.017267
0.017314
0.017235
0.017280
0.022265
0.017403
0.017558
0.017798
0.017715
0.017727
0.018007
0.018029
0.018177
0.017684
0.017704
0.017811
0.017797
0.017934
0.018108
0.017987
0.018117
0.018156
0.018284
0.018257
0.022733
0.018153
0.018307
0.018404
0.018574
0.018502
0.018349
0.018543
0.018545
0.018654
0.018656
0.018600
0.018610
0.018606
0.018731
0.018576
0.018609
0.018859
0.018546
0.018955
0.023539
0.018847
0.018891
0.018959
0.018944
0.018961
0.019236
0.019233
0.019252
0.019287
0.019418
0.019250
0.019340
0.019480
0.019475
0.019298
0.019254
0.019449
0.019538
0.019558
0.024659
0.019782
0.019763
0.019766
0.019793
0.020100
0.020167
0.020033
0.020095
0.020099
