580	246	87	284
579	236	85	290
579	235	82	286
577	233	84	293
573	233	85	290
568	234	92	285
571	232	84	289
574	235	82	286
569	236	88	285
572	236	83	282
570	240	87	270
573	239	78	276
573	245	80	265
569	244	85	265
567	243	86	268
565	245	84	268
561	247	88	265
560	245	87	270
560	243	84	274
559	247	82	270
554	244	85	268
552	243	81	273
548	240	84	278
551	238	76	285
550	237	77	287
552	242	76	278
555	238	76	288
558	239	78	281
560	241	77	272
562	238	81	285
566	242	82	274
564	243	83	274
566	247	80	269
570	250	77	261
570	245	80	266
570	244	80	272
568	237	78	279
565	236	78	290
564	239	77	285
563	239	74	287
563	238	76	292
561	238	74	284
563	238	73	290
562	237	73	293
559	237	76	285
561	238	73	292
560	239	75	284
559	240	80	275
559	238	81	290
556	236	88	286
557	239	83	282
550	239	89	287
545	237	92	290
551	241	86	287
551	243	84	285
553	238	79	296
553	246	75	287
554	245	76	283
553	241	75	291
554	240	73	307
555	241	72	307
552	242	74	304
551	241	75	295
552	245	76	282
545	243	83	300
542	244	83	303
535	241	92	304
536	238	93	303
535	240	96	300
538	243	87	298
538	235	81	318
539	232	79	332
538	234	78	338
533	238	83	320
530	239	88	323
529	235	88	326
532	233	81	345
530	236	88	342
522	239	100	327
521	238	100	329
523	239	103	331
519	238	110	331
509	235	118	336
500	232	133	350
521	245	112	325
507	241	128	332
520	240	111	334
524	234	108	357
532	236	100	360
536	240	100	357
536	231	98	364
529	231	112	368
533	231	107	366
535	227	104	383
540	222	102	378
547	218	101	375
551	228	100	361
558	224	101	368
560	223	102	374
566	226	99	377
570	226	101	369
572	226	96	373
573	219	98	380
573	229	98	385
576	226	96	377
579	226	101	371
578	231	110	367
579	238	118	361
581	235	121	353
584	232	111	378
592	228	101	367
600	222	101	370
600	226	108	358
609	229	105	357
615	225	109	359
618	223	100	368
617	225	104	372
620	221	103	376
617	225	102	383
623	221	100	384
622	225	101	376
620	217	104	389
622	218	106	376
619	225	105	359
623	221	112	357
623	229	112	354
628	233	108	345
635	237	107	340
636	232	118	347
638	232	127	355
644	238	131	343
653	237	148	339
652	237	179	343
656	226	197	357
666	221	192	375
685	225	185	371
701	224	186	356
718	220	175	367
728	230	177	367
736	222	170	362
749	225	161	357
751	220	157	357
768	222	134	362
765	223	150	362
780	225	136	359
793	221	118	355
795	224	122	362
803	224	113	350
803	224	112	356
810	225	104	353
802	218	120	360
810	221	112	360
814	220	107	356
817	227	99	350
820	226	104	349
824	226	110	345
835	221	104	351
834	219	108	355
845	223	107	351
844	219	108	359
852	222	108	359
848	223	108	357
853	216	102	364
845	209	107	357
846	213	99	355
841	215	105	349
835	211	108	351
829	220	112	344
816	218	120	348
817	220	110	353
803	220	120	351
800	222	115	354
796	224	115	357
798	229	107	346
800	233	104	342
796	235	102	336
802	239	97	332
795	244	98	328
795	238	98	330
795	249	95	324
788	262	100	307
785	256	100	316
779	267	99	298
770	242	101	327
768	238	91	328
768	236	86	327
760	235	86	333
746	227	92	345
730	221	107	350
720	222	116	346
712	224	117	340
692	221	137	346
685	230	144	337
670	227	155	344
668	228	147	341
668	234	138	332
657	242	144	327
652	243	142	327
647	237	147	337
648	233	149	343
647	235	138	349
639	238	146	345
638	231	145	350
638	229	105	341
643	233	91	331
636	242	90	318
634	239	87	327
624	240	98	318
619	238	100	320
608	238	111	319
594	233	127	331
586	235	130	333
585	236	128	331
577	235	132	331
579	239	118	326
578	239	122	328
570	247	135	320
566	245	140	323
570	251	129	313
572	249	129	311
568	248	135	319
567	249	133	316
561	250	143	316
564	255	140	309
565	260	129	310
569	274	108	288
563	264	115	302
559	263	106	298
561	253	108	312
541	249	148	313
531	243	156	328
537	236	119	331
538	232	105	341
540	238	99	329
534	239	102	327
534	235	101	330
531	234	105	330
530	245	102	328
528	239	107	328
532	240	105	330
541	244	99	328
552	243	88	326
560	237	89	323
567	233	87	320
570	241	93	303
575	247	95	296
581	253	91	288
589	249	80	296
593	250	75	294
595	258	75	283
591	251	79	289
594	240	77	302
595	243	72	304
594	250	76	292
590	251	79	288
590	251	79	286
591	253	77	289
591	255	76	281
593	251	73	291
594	249	73	295
591	244	73	301
591	246	72	299
589	242	76	295
583	236	80	299
585	234	77	304
584	247	77	293
586	261	79	271
581	262	81	270
581	261	77	271
582	260	70	270
586	254	67	281
583	248	65	283
585	245	63	288
584	243	65	284
585	247	64	279
583	241	66	281
585	234	64	288
586	244	65	277
586	241	63	280
588	237	64	285
584	239	67	277
586	246	64	272
584	239	67	273
577	238	76	269
578	245	69	261
579	251	71	252
575	246	70	255
575	246	67	255
573	246	66	252
574	249	65	252
572	246	66	249
574	251	66	248
571	252	69	241
576	257	63	235
574	253	65	243
579	250	64	241
582	252	61	232
582	248	63	234
580	255	71	223
584	258	65	219
589	262	60	215
593	267	57	212
593	260	61	217
597	259	61	215
598	256	61	222
599	252	62	222
593	257	72	216
587	253	81	221
588	258	80	216
587	260	86	215
591	264	79	209
590	263	82	209
598	266	75	205
608	263	61	208
615	263	56	203
616	267	54	204
615	262	62	209
612	265	71	208
614	264	75	210
613	265	71	207
616	264	69	212
618	267	72	211
621	263	70	217
627	262	68	216
623	257	79	221
630	259	72	227
633	261	68	230
630	257	72	234
631	254	69	240
627	257	69	231
627	248	67	245
624	254	68	236
622	259	69	221
612	260	77	236
606	265	77	230
599	266	83	228
597	260	80	240
590	255	82	245
587	242	79	258
585	247	76	253
580	248	79	253
586	245	71	258
589	243	71	255
593	251	75	246
596	254	76	244
601	259	78	238
611	260	70	235
618	256	65	237
626	257	61	241
629	253	63	246
624	254	72	240
627	255	74	239
631	254	70	244
630	253	73	242
632	254	72	241
628	255	73	237
626	251	72	245
624	245	69	250
619	242	69	257
616	247	66	247
612	247	70	251
609	251	68	251
604	259	75	241
596	252	79	249
593	261	78	243
589	260	80	243
591	255	75	246
587	254	78	249
583	253	82	252
583	250	82	252
581	249	83	253
587	252	76	253
587	245	75	259
584	248	78	256
583	252	80	251
579	248	84	256
585	249	76	256
584	248	75	254
582	246	70	254
575	243	74	262
574	247	70	258
573	244	68	263
571	241	68	268
570	244	74	267
568	240	73	268
561	246	79	265
565	247	73	262
562	244	77	266
559	243	81	269
563	241	76	270
563	244	74	268
561	245	80	268
557	247	83	265
561	247	81	268
563	251	79	266
566	244	78	282
556	238	89	288
545	245	103	279
542	237	110	295
548	234	106	288
556	238	94	291
569	241	74	290
570	239	71	297
568	241	73	296
568	238	72	300
565	237	76	299
565	237	78	297
565	235	82	308
561	232	91	309
556	237	97	304
559	233	94	307
562	236	88	305
561	238	92	297
554	237	105	313
563	234	96	313
555	233	105	318
533	237	132	303
529	237	142	303
542	238	128	307
553	242	117	303
573	237	89	322
582	246	86	307
577	246	100	310
586	245	98	320
592	253	103	301
598	250	102	306
595	246	116	298
605	235	109	306
607	233	110	317
619	230	100	307
622	234	98	311
624	238	95	307
624	239	96	304
628	239	89	303
627	240	87	303
623	235	90	306
623	237	88	311
619	238	86	306
616	239	85	302
609	242	84	303
602	243	80	300
601	248	76	292
589	250	85	296
569	241	102	300
564	243	102	295
567	241	96	300
554	253	107	285
550	248	102	287
555	250	93	293
552	249	95	292
545	246	102	288
542	244	103	299
539	249	95	281
533	252	105	284
531	247	109	294
529	246	102	290
523	254	112	279
523	252	107	287
524	249	89	291
524	251	73	283
520	247	82	281
506	255	97	269
493	253	113	276
490	264	113	271
503	257	102	275
511	252	93	286
515	253	92	282
512	251	95	285
512	250	100	286
515	249	94	299
522	254	94	296
527	263	98	290
532	262	97	278
539	260	100	287
550	249	95	303
553	251	105	296
555	245	116	302
568	236	109	309
582	235	92	321
592	247	91	300
599	255	82	291
600	256	80	283
602	250	80	276
609	242	73	305
607	240	77	307
610	238	75	312
613	239	75	304
616	237	73	298
618	240	73	310
618	243	73	308
618	241	75	314
