0.559376
0.016494
0.015933
0.015932
0.015877
0.015748
0.016962
0.017333
0.017618
0.017493
0.017435
0.017310
0.017385
0.017508
0.017591
0.017719
0.017745
0.017839
0.017738
0.017665
0.019838
0.017499
0.017619
0.017461
0.017654
0.021667
0.017470
0.017622
0.017905
0.018038
0.018051
0.017921
0.017967
0.018138
0.018714
0.018676
0.018494
0.018442
0.018348
0.018225
0.023149
0.018317
0.018239
0.018200
0.018330
0.018423
0.018479
0.018682
0.018896
0.019228
0.019450
0.019706
0.019833
0.020154
0.024156
0.019751
0.019989
0.019917
0.020027
0.019846
0.024744
0.019862
0.020299
0.018764
0.020334
0.020588
0.020266
0.029913
0.020117
0.020080
0.020081
0.019956
0.023024
0.020222
0.020023
0.020189
0.023200
0.023208
0.020169
0.023322
0.025316
0.020588
0.023476
0.020572
0.020618
0.020483
0.020337
0.020566
0.020626
0.021221
0.020942
0.020773
0.020756
0.020467
0.020540
0.020671
0.021086
0.021009
0.021084
0.020818
0.025871
