0.562986
0.015619
0.015435
0.015544
0.015593
0.015430
0.016506
0.017634
0.016446
0.017502
0.017515
0.016600
0.016430
0.016683
0.016610
0.017804
0.016889
0.018062
0.016960
0.017801
0.019243
0.017899
0.018112
0.017148
0.017090
0.017933
0.017184
0.018501
0.017300
0.017284
0.017356
0.018527
0.018495
0.017364
0.017516
0.017618
0.018589
0.017467
0.017668
0.018722
0.022653
0.017688
0.018026
0.019266
0.017704
0.017741
0.018061
0.019108
0.017814
0.018052
0.018014
0.017975
0.019168
0.017905
0.019291
0.018170
0.019297
0.018141
0.018243
0.019401
0.023398
0.019618
0.018289
0.018306
0.018587
0.018498
0.019750
0.018439
0.018315
0.019624
