420	151	87	320
414	154	97	323
411	157	101	323
410	155	103	317
405	144	111	326
397	154	111	326
378	149	131	329
370	157	119	324
362	150	133	338
350	146	124	328
346	160	91	312
329	167	97	312
257	174	107	299
250	166	119	299
245	164	129	317
311	154	102	307
327	163	99	324
333	158	97	315
338	166	114	306
349	157	111	307
365	167	107	308
373	159	108	318
379	156	103	318
390	150	102	311
392	157	105	313
396	153	101	324
399	156	100	321
392	155	108	322
395	159	116	327
395	152	126	329
415	160	104	321
415	153	115	323
425	151	115	325
435	151	102	322
438	151	97	318
423	154	112	325
411	151	118	324
410	151	109	325
416	152	95	317
413	153	95	318
410	157	103	324
420	156	92	322
428	158	92	312
440	161	94	306
447	162	100	310
450	155	104	307
459	165	102	308
460	160	103	305
473	155	85	305
460	164	95	298
449	164	103	304
448	168	100	303
440	166	94	292
437	162	89	289
427	163	93	301
420	155	94	307
411	161	97	311
408	158	97	305
404	156	98	310
398	153	101	312
391	155	108	316
388	161	115	323
392	151	107	322
389	160	105	320
384	153	105	317
372	156	116	328
362	153	126	336
365	155	120	329
359	150	127	333
367	163	130	322
384	148	125	333
399	153	117	332
421	157	103	320
424	149	104	328
437	158	104	322
449	158	97	316
461	150	94	313
476	159	91	318
483	154	96	309
497	155	97	315
496	151	112	312
507	157	116	324
515	159	133	313
534	161	125	315
557	152	104	322
562	154	121	322
575	155	107	322
578	156	106	326
571	153	115	316
568	157	95	326
555	165	98	307
537	155	108	316
525	148	100	323
508	156	101	326
496	154	102	322
485	155	101	315
477	154	96	313
468	153	100	314
460	156	102	317
460	153	93	317
453	162	95	315
444	154	100	310
434	151	108	323
436	138	98	333
430	147	98	344
425	143	96	349
422	135	93	349
417	138	93	357
404	137	102	357
401	142	102	354
400	142	109	360
410	140	109	355
413	145	121	357
414	140	129	365
422	136	138	359
434	140	139	376
462	137	121	354
479	133	115	363
485	139	116	370
497	133	109	372
504	142	111	370
510	125	110	375
516	132	113	384
513	126	118	396
527	128	106	401
535	129	97	396
545	128	89	401
537	116	104	404
532	131	112	400
526	128	117	388
524	138	116	375
511	137	120	373
505	131	119	373
485	124	126	379
472	143	125	367
477	137	111	365
473	131	103	369
472	130	98	378
455	138	113	363
455	148	101	352
449	135	102	353
448	143	97	355
434	145	108	348
426	144	106	339
412	151	108	346
408	149	97	343
400	146	99	333
382	148	106	342
367	142	114	339
349	153	123	343
326	143	130	340
308	145	125	349
283	141	128	347
278	144	124	347
276	138	115	357
274	136	119	356
269	141	126	352
267	146	134	351
281	156	125	338
285	148	144	343
296	142	149	340
302	150	170	344
311	150	181	348
335	152	172	349
349	154	164	359
373	147	155	344
396	151	141	343
424	153	99	358
428	160	102	351
425	154	111	343
424	151	130	338
439	160	99	344
436	153	119	330
448	171	103	333
448	159	117	322
444	152	126	329
445	162	117	312
448	166	116	317
450	163	113	318
452	160	120	300
452	155	115	315
448	157	113	311
451	163	109	311
456	157	93	314
452	166	84	297
441	161	88	301
434	167	86	290
418	167	94	292
410	164	99	289
407	161	94	295
402	163	97	292
397	163	97	292
383	176	107	282
387	169	92	273
380	167	103	283
375	159	108	288
365	170	109	292
361	161	103	305
362	161	94	304
356	160	93	301
349	160	90	305
343	159	87	308
320	156	106	307
320	156	100	307
312	160	118	303
320	160	109	309
334	149	103	314
350	159	102	314
364	160	109	308
375	153	114	306
387	153	113	321
399	161	131	313
416	159	126	301
427	169	113	302
431	153	119	303
433	166	108	306
415	159	132	312
407	160	130	307
402	156	116	316
394	147	107	323
381	153	110	324
369	159	111	319
348	157	119	329
344	147	105	320
338	152	105	326
335	157	108	327
340	149	98	327
336	152	107	336
338	145	109	342
332	145	116	336
346	151	102	337
350	149	102	350
353	144	104	353
357	142	102	354
360	142	108	354
358	149	118	351
366	148	108	364
367	138	114	366
368	141	113	362
371	134	116	370
371	134	114	383
382	140	109	373
380	138	112	373
389	138	107	375
385	137	112	373
369	141	130	372
373	136	115	374
382	144	104	368
388	136	98	373
380	132	102	377
377	137	107	367
376	146	111	361
384	143	99	351
374	143	109	354
371	141	105	355
362	149	112	348
352	139	114	343
354	141	105	349
347	145	110	343
351	139	100	338
352	152	100	339
350	156	103	330
351	149	102	328
356	153	103	329
352	158	107	320
356	161	100	323
356	158	100	312
354	163	110	325
348	159	115	312
338	152	126	323
326	160	135	314
331	165	130	311
357	163	101	308
362	155	89	305
357	162	99	305
365	161	100	301
375	162	93	305
380	159	93	301
364	160	118	287
377	174	102	298
385	164	95	294
384	164	95	292
389	162	87	294
393	167	85	295
385	161	92	289
379	164	93	299
372	165	92	298
370	163	91	299
367	164	84	297
350	165	96	301
337	166	101	295
322	162	106	310
301	157	122	308
292	156	121	310
285	158	119	319
277	159	112	314
256	164	128	317
250	169	126	310
237	162	143	308
238	156	141	311
230	163	155	308
248	167	133	310
247	169	144	299
255	179	162	302
266	176	178	290
321	155	153	320
341	164	150	304
361	165	133	302
384	172	114	294
394	170	107	293
401	175	94	290
402	170	98	293
397	161	99	293
391	163	97	294
366	168	117	311
345	160	117	304
341	157	98	319
331	161	94	313
315	162	93	310
305	163	93	315
299	163	90	314
291	161	99	314
284	159	102	313
292	175	91	314
304	166	80	310
309	167	80	311
320	163	86	305
331	163	96	312
348	163	93	312
363	167	98	301
380	168	92	300
394	168	90	306
402	170	94	294
418	163	91	298
427	172	99	300
454	170	86	300
465	162	92	304
470	170	127	307
483	163	116	303
498	176	115	306
509	160	116	310
521	171	114	307
515	155	119	316
517	161	116	313
522	171	110	310
517	172	105	306
504	168	127	308
486	165	119	310
478	162	106	306
472	169	92	297
468	172	79	285
460	166	85	296
457	163	82	301
458	171	81	294
460	170	85	292
464	159	91	292
466	164	104	296
489	169	91	293
496	174	102	295
522	168	83	293
547	167	70	294
556	167	85	290
557	167	110	293
567	165	102	296
569	163	110	301
572	157	115	302
572	168	113	291
572	167	109	296
559	169	103	293
557	168	92	294
551	170	88	297
533	166	100	294
505	171	121	299
498	158	111	294
482	171	117	298
473	165	103	290
461	169	96	294
456	167	87	291
449	170	84	289
444	164	88	286
445	165	85	293
447	176	87	283
452	175	90	290
465	163	80	294
473	167	81	298
481	163	84	305
488	160	89	307
495	161	94	300
497	165	98	302
495	157	102	304
497	154	91	307
490	165	102	309
491	162	90	316
490	158	88	317
492	159	82	325
485	156	85	325
485	157	82	324
491	156	78	332
490	155	81	336
489	152	81	332
484	160	90	331
481	157	91	330
482	161	92	324
484	161	91	323
489	159	91	315
486	168	100	317
493	162	102	312
501	169	98	308
497	154	97	302
494	155	94	302
494	162	84	303
483	162	89	295
462	171	100	294
465	168	82	296
457	165	79	292
447	164	82	294
433	174	91	286
415	171	98	285
400	169	107	292
400	163	87	291
398	171	78	287
391	171	83	287
386	171	81	280
380	164	78	288
372	162	76	288
360	169	84	289
347	163	89	299
331	167	103	306
321	166	93	300
318	167	83	300
315	158	86	305
306	167	93	302
300	162	87	309
292	163	81	308
279	162	89	307
269	163	90	308
260	167	91	306
256	158	91	313
246	159	102	312
237	150	116	309
243	155	103	316
257	155	98	318
271	154	86	316
275	159	97	304
286	157	102	309
304	157	90	309
310	164	91	305
317	160	98	303
311	160	116	300
317	156	109	305
336	160	96	308
351	167	93	289
367	172	83	295
366	167	103	297
371	165	104	303
383	167	103	301
395	166	89	295
398	170	98	297
405	169	93	291
409	169	88	286
407	177	87	284
412	172	77	281
410	164	77	281
406	171	83	285
397	165	94	275
397	179	87	270
393	170	92	265
388	175	99	275
396	165	88	281
398	173	82	281
393	170	82	277
387	174	83	278
380	175	84	277
372	176	87	277
362	174	91	287
351	175	91	288
343	173	91	292
338	169	91	293
331	164	99	297
321	164	106	296
326	176	97	295
324	167	98	300
333	153	98	296
340	172	103	302
359	169	97	296
366	166	104	301
386	160	96	305
407	164	87	303
413	169	101	297
425	173	98	307
441	163	99	306
460	163	90	302
470	165	113	301
489	158	99	307
496	165	114	303
512	158	108	305
521	162	102	307
528	162	102	304
524	160	117	304
532	174	113	298
534	162	114	292
544	171	103	288
548	165	107	288
556	172	106	286
561	172	105	281
566	176	106	276
572	177	94	267
565	169	84	270
545	175	103	278
532	181	103	282
521	170	91	275
511	171	95	281
502	169	96	274
491	165	84	278
482	169	79	272
479	176	71	272
480	170	64	269
473	177	72	270
475	180	73	264
478	174	76	277
485	168	100	277
490	162	99	276
495	171	92	284
499	167	93	283
496	175	102	281
500	170	95	299
505	167	95	288
504	167	91	294
505	172	89	287
504	165	88	287
502	162	87	277
498	168	82	284
498	166	81	278
492	174	90	281
485	169	91	281
479	168	99	275
473	163	89	277
463	173	94	273
457	171	92	274
447	174	93	268
438	171	109	271
422	172	118	277
405	178	100	274
388	173	90	276
374	171	89	272
363	176	91	275
362	166	82	280
352	173	87	277
339	171	91	277
330	169	83	279
321	176	79	277
301	172	96	279
301	165	89	285
289	164	98	289
284	165	94	287
277	159	97	289
284	157	86	289
289	170	80	295
294	164	82	288
300	167	86	285
307	163	86	286
308	162	91	291
322	166	93	289
329	169	97	288
339	165	89	292
342	167	110	287
359	165	100	277
378	165	89	280
393	171	79	283
406	168	72	278
417	167	73	278
423	170	79	280
430	167	83	281
434	174	91	276
444	171	90	275
453	170	89	272
460	171	90	275
472	167	83	272
476	175	85	276
479	169	76	277
480	171	78	279
485	169	76	284
491	166	80	281
497	173	85	280
508	163	72	281
513	170	79	276
522	171	85	280
529	180	86	276
530	174	102	269
533	169	89	274
543	175	104	267
544	171	104	275
549	179	99	265
549	170	92	273
541	170	98	277
545	165	95	273
529	176	116	264
537	175	107	269
544	166	95	272
543	173	86	280
535	169	88	271
527	176	98	261
517	174	108	267
519	182	95	251
510	169	87	264
507	168	76	266
502	171	74	271
491	177	82	254
493	173	75	265
481	180	83	253
479	171	78	256
477	170	80	258
479	170	75	258
471	180	93	249
478	185	87	249
480	184	85	255
489	178	84	267
494	173	86	271
500	170	84	276
499	168	91	275
498	172	92	280
505	175	79	278
507	178	77	267
503	173	81	272
500	171	85	274
502	167	76	277
489	177	92	274
486	176	83	271
480	178	82	261
476	166	79	271
466	175	88	265
463	173	84	266
459	182	81	261
453	174	85	263
459	177	76	260
458	177	79	259
463	180	78	257
466	174	81	261
467	179	87	259
473	176	81	265
477	172	82	273
477	172	90	272
482	164	84	276
481	170	89	279
485	165	89	284
490	168	86	283
491	170	89	289
485	171	101	289
492	166	90	288
492	169	85	294
488	163	88	302
