0.576763
0.028147
0.027822
0.027847
0.026749
0.026537
0.030874
0.027813
0.027740
0.031204
0.031115
0.031017
0.032375
0.031308
0.030843
0.031230
0.031052
0.031398
0.031020
0.031076
0.033769
0.027954
0.028361
0.028244
0.028146
0.028486
0.028048
0.028161
0.028220
0.028735
0.028684
0.028427
0.028829
0.028735
0.028769
0.028446
0.028789
0.028853
0.028921
0.028562
0.033613
0.028805
0.028834
0.028748
0.029046
0.028874
0.028914
0.028924
0.028882
0.029144
0.029204
0.028929
0.028851
0.029261
0.029056
0.029349
0.029255
0.029262
0.030439
0.029593
0.034669
0.029819
0.029326
0.029511
0.029713
0.029716
0.029684
0.031166
0.030165
0.029713
0.029769
0.029911
0.029943
0.028425
0.030208
0.030146
0.029936
0.028476
0.028426
0.028523
0.034998
0.031048
0.030248
0.030438
0.030169
0.030209
0.030329
0.030231
0.030337
0.030260
0.030402
0.030173
0.030274
0.030171
0.030283
0.030507
0.030363
0.030352
0.030920
0.030950
