603	281	160	287
635	296	121	272
646	288	107	278
652	295	96	266
645	289	105	277
656	293	89	267
662	293	84	275
659	291	90	274
657	290	89	276
646	290	101	276
641	284	111	281
642	274	118	293
638	287	120	289
645	283	109	289
640	282	104	297
636	286	102	286
633	284	99	288
632	280	104	291
636	277	100	300
633	281	101	299
636	281	105	291
639	281	96	298
636	282	102	299
640	281	102	293
644	291	103	283
644	291	104	273
644	295	105	260
642	297	99	266
649	294	90	265
646	293	95	268
651	292	90	265
649	289	91	276
645	289	91	271
638	292	104	259
634	286	108	274
630	291	112	272
635	296	105	260
629	293	105	272
621	286	116	270
615	289	118	270
614	292	117	254
602	292	130	270
586	288	143	269
570	295	159	264
595	301	130	257
588	291	139	264
602	299	124	253
609	297	120	256
609	304	121	250
610	288	121	261
610	300	121	257
613	300	122	251
626	278	110	276
631	292	111	267
639	278	107	273
640	290	113	244
647	292	107	256
650	290	108	260
644	289	99	245
649	287	99	255
638	289	106	267
635	287	107	276
631	300	110	256
627	292	110	271
614	284	124	273
602	282	136	273
597	287	136	268
584	292	145	273
579	308	159	258
586	301	148	258
591	295	146	240
615	303	116	247
617	306	121	249
621	301	115	237
619	297	112	244
612	287	124	269
627	289	111	263
635	285	107	269
638	281	110	275
647	288	103	250
655	292	100	235
650	289	108	251
651	287	106	241
639	288	120	279
648	287	107	265
655	282	103	266
662	290	99	275
664	286	93	270
654	281	111	276
639	291	122	270
645	296	121	266
645	291	124	271
649	297	121	265
661	293	116	266
668	288	109	266
674	286	105	264
685	296	101	248
692	288	97	246
701	292	88	263
707	292	97	271
698	283	117	260
715	291	111	266
703	293	133	265
692	288	165	269
695	287	173	284
719	281	150	287
721	290	150	270
725	292	158	276
725	299	165	267
734	298	152	267
732	289	149	283
727	287	142	286
717	297	147	260
721	297	136	261
713	293	144	272
717	290	122	284
710	303	117	274
708	301	110	272
692	282	113	291
687	283	113	291
686	301	111	268
682	291	125	282
700	276	114	295
689	268	134	312
684	276	150	307
680	270	153	320
676	274	162	311
690	292	152	293
680	290	161	306
679	271	154	316
687	268	161	323
706	288	135	306
694	275	162	304
689	299	158	301
684	279	158	295
696	280	144	308
680	275	170	318
681	272	167	313
681	276	172	310
697	290	148	291
693	289	154	291
704	295	143	282
702	294	148	281
696	298	156	277
692	297	164	282
699	284	145	289
711	294	122	269
719	289	108	275
715	284	116	283
707	299	127	266
701	295	143	272
717	291	105	272
711	287	109	261
707	298	117	257
712	291	100	264
709	287	101	260
711	295	96	247
707	287	99	264
717	291	91	257
714	289	94	260
714	286	100	257
700	293	125	268
694	292	132	269
692	292	129	274
700	290	113	278
705	283	108	279
708	280	113	288
688	284	133	279
710	287	113	280
699	282	125	281
694	282	120	286
687	281	121	277
706	281	100	285
683	278	122	282
678	281	120	279
672	287	108	269
671	290	92	260
660	286	103	267
668	281	92	277
676	282	86	273
683	284	84	272
688	294	82	259
689	285	88	263
690	290	98	257
701	288	100	259
705	293	118	257
711	293	121	248
715	293	126	243
720	295	132	264
736	290	108	256
733	292	108	267
727	285	117	276
728	286	108	276
726	280	110	280
722	289	112	279
707	277	122	288
716	280	103	250
709	284	115	271
688	277	132	281
689	278	112	282
677	282	107	270
669	287	106	269
657	276	114	273
640	280	134	281
615	281	165	263
641	281	133	270
659	280	115	274
677	281	96	271
678	279	127	278
685	279	124	279
696	278	119	283
697	278	128	282
711	280	121	277
725	291	126	271
727	284	142	271
734	280	150	269
735	286	167	272
737	286	167	274
734	288	166	275
741	280	155	276
744	287	144	252
748	278	135	285
741	279	139	288
723	279	150	294
713	285	130	282
691	283	138	280
685	279	141	278
681	276	141	286
672	276	128	287
658	279	120	263
647	283	115	279
636	282	117	273
635	285	112	262
624	283	120	261
618	279	121	270
612	277	118	280
588	283	115	274
569	285	118	281
549	287	130	269
515	291	161	275
490	291	171	277
479	290	167	278
459	303	169	263
473	295	121	271
464	284	120	280
443	284	135	286
433	279	134	289
415	271	142	299
399	282	142	291
387	273	144	299
385	276	137	301
386	277	135	298
394	275	117	306
387	285	123	292
390	292	109	298
384	278	114	299
372	287	120	289
366	278	104	304
355	279	102	301
343	284	113	295
331	291	115	288
324	286	113	286
324	287	106	289
316	287	103	281
305	295	108	274
304	285	98	280
301	288	107	286
312	276	91	287
316	284	95	286
318	290	100	287
328	285	92	288
335	287	94	284
339	295	100	285
343	288	90	276
346	294	87	284
345	294	90	284
349	292	89	281
348	288	91	277
347	289	100	279
348	290	94	287
350	286	95	290
352	283	91	297
350	288	96	298
346	285	95	298
353	287	88	295
349	287	93	288
352	289	83	284
353	290	85	276
339	294	99	271
329	289	115	278
332	292	108	266
346	302	98	275
365	284	74	280
368	288	88	273
369	290	93	277
380	294	88	284
387	296	89	266
393	291	95	272
382	282	134	269
392	286	123	270
395	285	107	276
400	285	103	273
411	283	89	277
415	295	88	268
416	294	89	262
403	293	106	268
394	298	123	260
404	293	123	262
421	288	110	268
439	299	88	264
439	311	88	257
437	297	92	274
440	298	88	270
443	303	94	266
454	295	87	271
460	293	89	270
462	297	90	267
466	297	99	267
469	293	108	272
481	290	109	274
489	301	137	262
496	302	149	251
500	296	141	268
500	296	144	259
495	293	157	257
494	291	157	263
480	294	166	252
476	301	162	247
470	295	146	264
482	308	111	252
474	306	106	252
469	308	100	247
468	304	85	257
463	304	83	261
451	304	78	256
429	302	93	260
423	305	86	261
416	297	92	273
401	291	112	280
373	277	144	289
359	288	116	282
347	291	114	274
331	308	124	262
326	301	111	256
322	302	101	262
315	290	92	267
303	301	96	263
292	295	108	272
283	301	113	258
286	312	104	264
286	302	106	254
295	302	99	252
299	302	103	263
301	301	115	261
306	298	127	267
339	298	101	255
358	300	88	257
362	293	102	265
360	295	118	260
369	298	117	259
377	291	112	267
377	291	108	271
368	296	102	266
370	292	96	265
361	299	106	262
355	288	107	281
354	297	102	272
341	289	109	276
340	308	98	259
330	301	95	263
317	294	104	276
310	298	103	268
304	295	100	274
306	298	94	269
302	296	95	267
298	305	104	263
308	300	93	259
312	300	101	271
318	306	94	249
316	301	105	251
321	308	102	251
320	303	110	249
326	312	110	247
331	301	115	257
341	308	113	252
345	300	107	266
341	296	113	268
354	297	92	264
355	298	91	268
349	294	100	276
341	292	116	281
340	296	104	271
346	295	94	277
338	296	100	274
338	290	103	273
325	289	118	274
333	292	112	266
334	293	106	280
337	298	97	266
344	291	99	277
342	292	106	281
339	288	113	276
352	295	95	276
346	287	108	275
358	295	93	273
362	296	99	267
368	298	99	264
375	301	95	258
382	310	91	247
380	300	93	257
382	302	90	254
379	299	88	248
377	295	85	266
360	293	109	266
357	290	113	277
359	295	105	268
356	295	105	264
351	292	105	281
338	286	113	284
333	282	111	286
338	295	104	275
335	299	103	267
314	291	126	281
323	282	109	289
322	282	107	298
313	289	122	291
303	284	128	298
303	274	119	307
299	291	108	306
310	278	89	313
309	270	89	331
307	274	93	328
297	267	107	335
287	259	110	332
287	265	115	341
283	258	119	347
275	259	135	355
271	266	133	353
256	248	142	354
242	267	150	351
232	265	158	338
251	270	132	338
245	288	130	335
234	280	134	336
238	286	126	346
235	283	129	348
232	267	126	338
215	275	146	352
190	256	185	349
178	246	189	365
185	265	168	363
184	251	161	375
181	247	156	376
184	261	148	373
180	247	145	394
176	261	157	396
187	248	134	388
191	261	138	393
200	255	141	383
191	243	172	387
193	245	174	388
179	234	207	391
200	242	188	398
221	248	167	376
229	241	163	372
246	249	149	372
239	248	164	382
234	253	172	368
235	252	173	364
254	268	141	361
238	249	160	374
230	246	181	376
256	237	157	376
253	255	160	381
247	246	176	367
227	250	188	372
231	250	163	369
231	250	148	380
216	245	146	390
211	243	143	396
203	253	131	373
194	249	141	383
170	248	169	374
163	250	182	381
163	251	179	374
162	241	165	373
174	242	154	382
162	250	154	372
174	258	134	360
162	259	149	364
152	245	152	376
136	256	168	364
128	265	186	355
136	265	185	359
159	274	170	345
179	253	152	360
205	272	128	340
199	264	153	337
216	273	150	344
231	275	158	330
261	269	121	330
271	264	131	335
286	257	131	353
276	250	161	354
301	263	130	345
296	271	136	331
297	288	126	324
288	266	137	334
295	269	116	332
290	268	133	333
291	271	125	332
293	267	117	321
301	285	111	307
299	272	133	317
301	271	111	314
308	274	100	317
298	277	110	319
301	271	110	311
295	282	122	323
279	276	130	317
291	274	112	329
279	278	121	316
275	279	124	327
264	273	131	330
264	286	131	328
257	267	131	326
248	275	140	351
233	276	148	340
242	274	136	327
235	267	138	347
239	272	128	331
237	275	126	347
227	262	127	357
214	250	133	366
200	258	141	383
182	249	157	387
166	255	185	374
176	269	160	371
152	247	181	386
156	263	169	396
159	240	159	405
146	250	173	401
153	244	171	389
139	249	195	403
159	245	176	394
177	248	149	402
178	256	155	393
196	256	132	376
185	250	155	380
198	255	132	373
201	254	138	366
183	271	167	352
196	258	147	354
185	272	190	345
199	252	183	357
229	266	145	359
235	252	151	369
247	256	149	365
268	247	142	367
285	247	139	374
292	261	134	366
286	250	133	373
281	247	134	386
285	241	124	391
271	242	130	395
250	239	148	399
255	243	124	386
231	237	140	395
210	247	150	390
179	238	170	396
171	243	162	403
153	253	172	390
152	259	169	385
166	253	151	382
182	237	144	389
173	249	157	393
185	251	145	374
169	242	176	377
197	248	175	375
224	254	144	364
238	240	137	381
238	247	163	387
259	249	149	375
284	248	138	378
310	254	136	371
312	244	156	374
306	244	200	369
298	235	224	379
298	247	224	373
310	238	172	378
313	241	192	393
287	235	230	379
279	236	241	386
259	241	248	372
222	241	192	373
225	262	166	369
195	259	172	357
192	247	151	359
170	264	159	361
153	272	168	347
157	262	159	347
158	263	156	359
159	246	153	364
160	256	153	365
162	256	154	356
167	252	158	368
169	250	166	377
206	250	140	361
229	255	138	378
245	248	135	370
247	259	164	366
275	244	157	383
304	250	146	378
307	251	195	375
327	255	195	369
330	247	189	375
346	251	177	372
356	253	183	379
366	245	178	385
390	242	168	380
405	251	171	370
397	254	220	364
409	241	251	374
471	239	194	343
478	247	218	368
523	252	177	374
521	230	194	381
538	252	194	364
555	246	188	368
578	242	177	371
590	237	185	376
619	239	160	376
647	239	145	365
661	248	151	356
668	248	160	371
673	252	170	358
694	255	157	363
706	269	157	341
710	266	154	344
717	248	156	358
734	247	141	366
734	236	154	386
745	233	160	376
778	248	139	340
792	247	132	368
798	238	151	362
808	245	172	376
819	237	180	391
834	245	169	387
830	228	175	402
855	232	135	392
857	229	123	385
841	237	144	380
838	226	142	388
814	231	170	395
812	237	162	383
823	246	137	369
835	232	118	370
829	239	128	372
831	235	117	369
825	234	118	367
794	238	154	374
811	241	139	368
800	234	151	371
796	233	162	372
801	241	157	370
799	242	157	364
813	239	151	363
825	239	139	373
842	227	121	379
844	229	143	402
816	233	190	399
846	230	149	386
853	220	152	420
835	215	159	411
816	225	171	397
834	225	162	410
823	225	157	416
816	214	153	415
790	222	179	409
778	231	181	408
774	223	191	422
792	210	168	427
793	221	165	426
791	220	155	417
777	220	163	420
766	220	160	413
758	218	161	414
743	235	174	398
724	228	184	400
728	232	164	410
733	229	145	401
716	233	155	389
717	238	148	384
714	240	148	385
707	231	159	388
706	243	151	377
703	235	147	375
685	239	154	389
661	247	179	372
663	241	177	371
646	237	184	385
643	240	150	381
623	242	147	381
607	238	151	382
601	243	152	379
593	241	160	382
584	248	163	378
577	246	172	388
576	238	179	377
605	246	156	376
616	236	167	378
642	241	154	389
653	226	152	398
658	237	170	386
674	251	166	376
684	243	170	377
704	249	164	386
735	243	147	383
750	227	151	396
763	239	152	388
774	237	159	380
795	235	160	382
823	229	172	396
843	225	169	404
861	232	173	398
869	226	183	410
895	225	174	401
907	217	152	416
920	227	166	403
917	220	192	409
939	233	181	375
937	227	184	392
959	230	155	394
947	223	159	400
944	222	160	402
908	227	189	391
878	224	189	409
867	218	187	409
854	218	170	403
847	222	159	396
