0.560415
0.016457
0.016227
0.015177
0.015990
0.015995
0.017112
0.017119
0.017233
0.017261
0.016349
0.017318
0.017445
0.017451
0.017408
0.017482
0.016548
0.018356
0.016812
0.016752
0.019950
0.017865
0.017667
0.017567
0.017699
0.017835
0.017815
0.017925
0.018039
0.018030
0.027358
0.018101
0.018177
0.018130
0.019289
0.018192
0.018363
0.021746
0.017352
0.017474
0.023463
0.018420
0.018555
0.018602
0.017627
0.018491
0.018617
0.017658
0.018721
0.018723
0.018754
0.017636
0.027160
0.017829
0.017832
0.017880
0.018927
0.017889
0.017816
0.019172
0.024029
0.019163
0.019133
0.019359
0.019361
0.023029
0.018122
0.019379
0.019550
0.019431
0.018288
0.019458
0.019481
0.019641
0.020442
0.019728
0.018538
0.019720
0.018524
0.019883
0.023566
0.018528
0.018790
0.018648
0.020056
0.020160
0.018941
0.019547
0.020220
0.020067
0.020376
0.020197
0.018935
0.019181
0.020489
0.020628
0.020578
0.020451
0.020514
0.020683
0.025599
