64	219	235	180
70	212	229	179
73	213	229	176
95	209	198	177
91	216	194	176
120	227	178	153
82	169	187	190
88	192	151	173
41	204	150	159
4	214	174	144
0	207	198	141
12	206	191	137
6	202	202	140
27	201	184	159
36	216	175	154
37	217	177	145
29	221	178	146
30	219	178	140
22	205	184	146
9	199	193	150
8	197	188	155
1	194	184	153
4	195	174	154
4	197	165	144
5	204	157	131
1	199	158	125
5	200	149	120
29	208	137	115
45	221	125	108
49	225	120	113
54	231	113	106
64	234	114	106
73	234	120	109
77	222	124	120
71	214	115	132
74	207	117	140
81	207	114	144
84	202	113	150
82	200	109	155
80	188	100	164
81	193	100	160
75	188	120	167
85	190	128	166
94	186	128	167
84	184	137	164
64	179	164	166
62	181	175	160
64	178	183	161
52	180	210	152
28	177	251	152
26	164	266	157
23	159	273	156
25	161	283	151
37	164	278	149
50	167	282	148
63	171	295	149
68	182	312	148
68	190	345	158
68	206	350	153
65	216	356	160
72	222	354	158
75	225	354	155
82	231	357	151
89	235	365	139
76	239	384	138
66	235	387	136
76	244	379	130
47	243	413	122
65	235	391	131
53	239	394	120
55	232	388	127
54	238	387	131
43	240	391	123
38	246	384	117
25	216	423	138
35	202	452	154
40	200	496	160
70	193	527	171
27	194	493	174
47	225	469	144
23	241	499	138
33	239	489	150
33	251	483	144
39	243	480	154
38	257	487	138
39	243	511	144
38	223	493	152
24	209	509	165
31	204	481	162
29	194	488	171
33	197	481	160
26	194	500	160
28	182	499	170
28	193	514	167
24	187	546	184
29	221	504	171
33	236	506	153
19	236	536	156
26	236	527	153
68	231	484	146
86	221	461	142
107	217	440	148
105	211	425	148
110	217	399	148
109	229	389	133
117	228	364	127
117	228	345	136
124	232	342	130
127	247	321	120
134	248	296	114
