0.565986
0.019451
0.018145
0.019608
0.016773
0.016917
0.017917
0.019171
0.017819
0.016750
0.020566
0.020738
0.019251
0.019207
0.017046
0.016916
0.018219
0.017116
0.018393
0.018399
0.020749
0.018461
0.017483
0.018622
0.017393
0.018691
0.018954
0.018778
0.019053
0.017756
0.019058
0.017758
0.019076
0.017725
0.018068
0.022085
0.019486
0.018207
0.019228
0.018056
0.024472
0.019426
0.018398
0.018300
0.018246
0.022445
0.020825
0.020846
0.020806
0.022075
0.020703
0.022195
0.022550
0.021047
0.022533
0.022549
0.021185
0.018793
0.019054
0.020014
0.025035
0.021431
0.019069
0.021345
0.021893
0.023089
0.021985
0.019232
0.020598
0.020485
0.021690
0.021585
0.022959
0.024304
0.021491
0.021495
0.021753
0.019583
0.019583
0.020882
0.024519
0.020894
0.023820
0.019747
0.022055
0.023629
0.021979
0.023628
0.022201
0.022263
0.022338
0.024136
0.022418
0.022501
0.022268
0.020140
0.021495
0.020363
0.022127
0.020343
