535	102	325	569
533	102	328	599
518	101	338	587
498	113	361	562
488	103	362	576
480	111	381	571
471	106	372	571
476	97	375	598
457	111	394	565
471	109	389	577
468	96	380	575
485	91	381	585
494	95	362	589
497	82	350	596
502	90	345	591
496	88	350	587
474	75	362	602
457	78	383	594
451	79	392	584
446	86	399	590
452	74	384	592
449	73	389	590
463	66	373	589
474	63	361	601
457	61	381	608
460	52	371	615
444	54	396	623
467	45	368	623
472	35	361	636
473	34	358	636
474	45	353	628
463	32	368	632
461	34	364	626
457	32	380	641
451	23	378	640
449	27	376	635
451	49	370	613
435	36	397	629
447	36	382	631
438	25	392	641
425	22	409	633
427	25	404	637
419	28	420	621
421	37	427	599
419	29	430	613
408	32	450	601
415	33	444	600
411	36	449	588
419	50	451	566
410	39	462	588
423	50	453	565
427	54	458	574
430	53	456	583
422	49	461	579
437	50	452	597
429	54	461	592
434	60	456	583
422	65	474	576
432	71	465	573
431	91	459	542
416	90	482	553
425	103	472	542
413	113	482	523
405	122	498	517
400	133	509	514
406	139	505	516
412	153	495	512
417	156	493	516
405	162	499	513
403	170	501	500
402	178	505	503
401	190	497	494
403	208	483	455
392	215	503	468
397	227	508	448
409	241	489	441
389	231	517	454
393	242	507	462
398	256	504	435
401	257	508	439
394	250	516	419
392	230	529	420
405	213	523	410
405	200	535	394
410	174	532	394
409	163	536	392
409	140	546	397
420	128	546	388
425	112	547	384
415	122	559	378
418	125	575	377
414	126	574	370
431	132	559	366
415	128	577	375
423	143	576	371
413	130	593	362
409	159	598	361
425	142	579	359
405	158	607	343
408	159	614	343
