0.562224
0.016333
0.017377
0.015858
0.015935
0.015813
0.018411
0.018343
0.016429
0.018394
0.017052
0.017055
0.018564
0.018463
0.016419
0.018670
0.016535
0.018528
0.018794
0.019009
0.021300
0.017848
0.017428
0.017725
0.018051
0.017905
0.017010
0.018218
0.017059
0.018310
0.017173
0.017174
0.017140
0.017179
0.016997
0.016892
0.017084
0.018497
0.018592
0.017370
0.022997
0.019555
0.019745
0.019671
0.019745
0.019529
0.019566
0.018711
0.018381
0.019898
0.019022
0.018978
0.018560
0.018663
0.019285
0.018601
0.018646
0.020117
0.018129
0.019216
0.023051
0.018144
0.018200
0.019846
0.018354
0.018224
0.018327
0.019874
0.019673
0.019077
0.020059
0.018939
0.020291
0.018861
0.018934
0.018999
0.020247
0.019150
0.019060
0.019097
0.024149
0.019136
0.019032
0.019108
0.019160
0.019127
0.020661
0.019316
0.020736
0.019399
0.019378
0.019382
0.019268
0.019452
0.019410
0.020694
0.020902
0.020907
0.020779
0.019731
0.024627
0.019735
0.019620
0.019678
0.019863
0.019835
0.019841
0.019822
0.021237
0.019944
0.019874
0.020100
0.020013
0.020142
0.021741
0.020180
