0.558541
0.015635
0.016492
0.017102
0.016999
0.017082
0.018106
0.017009
0.017097
0.018257
0.018502
0.017196
0.016421
0.016631
0.017331
0.017425
0.018455
0.018468
0.017350
0.017434
0.021181
0.019150
0.017407
0.017666
0.017581
0.018872
0.017726
0.018740
0.018949
0.017565
0.018803
0.017796
0.018986
0.019149
0.019225
0.019459
0.018093
0.019235
0.019372
0.019525
0.022368
0.018106
0.017688
0.017828
0.017616
0.017614
0.018947
0.018439
0.019649
0.020168
0.018469
0.019864
0.018720
0.018502
0.020314
0.020127
0.018679
0.020090
0.020173
0.019912
0.024848
0.018851
0.020483
0.020204
0.019035
0.018314
0.018417
0.018383
0.018373
0.018510
0.018393
0.018369
0.019174
0.019014
0.020468
0.019224
0.018625
0.020820
0.021101
0.019595
0.025586
0.020631
0.019464
0.019484
0.020160
0.021051
0.021108
0.021179
0.021089
0.021498
0.019113
0.018964
0.019198
0.019014
0.021396
0.021533
0.021510
0.021312
0.021356
0.021337
0.024801
0.021796
0.021965
0.020947
0.019553
0.019802
0.019689
0.019597
0.019682
0.021138
0.019791
0.019743
0.019872
0.021728
0.021295
0.021410
0.019849
0.019904
0.020637
0.020064
0.024692
0.020735
0.020178
0.020297
0.020103
0.020236
0.020195
0.020336
0.020397
0.021987
0.020516
0.020521
0.020464
0.020593
0.020569
0.022258
0.020735
0.020668
0.020595
0.020766
0.025577
0.022206
0.020865
0.022443
0.020825
0.020958
0.022451
0.022185
0.021588
0.020905
0.020965
0.021056
0.021693
0.023253
0.023563
0.023463
0.021956
0.023244
0.023366
0.021852
0.027982
0.023531
0.021355
0.021456
0.021355
0.022252
0.023873
0.023067
0.021440
0.022907
0.021592
0.021557
0.021675
0.022331
0.023198
0.021793
0.024005
0.022442
0.022564
0.024038
0.029135
0.022476
0.024140
0.022433
0.024170
0.022594
0.024688
0.022849
0.024381
0.022120
0.022805
0.024587
0.023673
0.024619
0.023132
0.024919
0.022424
0.024699
0.025070
0.024308
0.028290
0.024904
0.024940
0.025252
0.022702
0.023284
0.022884
0.023444
0.025059
0.024318
0.022897
0.022987
0.024609
0.024446
0.022985
0.023003
0.023120
0.024781
0.052405
0.023646
0.028247
0.023152
0.024992
0.024959
0.025242
0.023494
0.023280
0.023428
0.025246
0.023397
0.024235
0.023447
0.023436
0.025904
0.024489
0.025067
0.023753
0.024530
0.023867
0.023875
0.028964
0.024046
0.024147
0.025355
0.023745
0.025470
0.025407
0.024044
0.024273
0.024209
0.024262
0.024463
0.024339
0.024384
0.024351
0.024275
0.024440
0.024471
0.024385
0.025127
0.029428
0.024449
0.024355
0.027125
0.025546
0.025300
0.025412
0.027101
0.025508
0.025392
0.026850
0.026810
0.026991
0.025632
0.026886
0.025415
0.027228
0.026835
0.027102
0.026033
0.030761
0.025913
0.027199
0.025969
0.027235
0.025834
0.027385
0.027058
0.027466
0.027471
0.026669
0.027447
0.026167
0.025913
0.027299
0.027581
0.027455
0.027586
0.027724
0.025741
0.030815
0.028098
0.027879
0.027905
0.026393
0.027905
0.028214
0.025798
0.025788
0.028456
0.028101
0.028301
0.028206
0.026626
0.026832
0.028126
0.028665
0.026977
0.026922
0.027169
0.033504
0.027735
0.027698
0.026310
0.026707
0.027800
0.026666
0.026635
0.026747
0.027745
0.028935
0.027508
0.027382
0.028814
0.028806
0.028552
0.028661
0.028871
0.027646
0.027597
0.033543
0.026763
0.027627
0.028652
0.029375
0.029288
0.027875
0.027936
0.032668
0.027923
0.027814
0.037239
0.028038
0.028099
0.028273
0.027626
0.028223
0.029170
0.029814
0.030167
0.033356
0.028258
0.028256
0.028425
0.037853
0.028109
0.028568
0.028493
0.028678
0.028461
0.030047
0.028721
0.028627
0.028627
0.028588
0.028517
0.028904
0.030046
0.039544
0.030303
0.033883
0.038390
0.038453
0.030792
0.028843
0.030080
0.028962
0.030575
0.029045
0.030592
0.029202
0.029720
0.030720
0.030656
0.030132
0.029248
0.028541
0.029221
0.029440
0.030889
0.034355
0.031281
0.029386
0.029583
0.029572
0.029577
0.033727
0.029808
0.029712
0.031039
0.029577
0.029665
0.029807
0.029659
0.029847
0.031768
0.030022
0.029875
0.031886
0.029458
0.035512
0.030205
0.030214
0.029791
0.030502
0.029824
0.031116
0.031259
0.031283
0.029742
0.030568
0.030638
0.032399
0.029979
0.029980
0.029887
0.030049
0.039502
0.031504
0.030432
0.035331
0.030272
0.030199
0.030352
0.030327
0.032028
0.030644
0.032092
0.030917
0.030458
0.030595
0.030563
0.030446
0.030246
0.030736
0.030368
0.031989
0.031015
0.032248
0.032573
0.036779
0.030428
0.032048
0.032317
0.031006
0.030681
0.031073
0.030628
0.032433
0.032188
0.031121
0.030937
0.030796
0.032441
0.032305
0.032648
0.031054
0.031028
0.032559
0.031045
0.035964
0.031431
0.033219
0.032788
0.031275
0.031385
0.032828
0.031463
0.031537
0.032017
0.031985
0.031428
0.032919
0.032936
0.033062
0.031540
0.033936
0.031991
0.032041
0.031885
0.038721
0.033561
0.033647
0.032081
0.031898
0.032424
0.032363
0.032454
0.032304
0.032253
0.033879
0.033717
0.034073
0.032556
0.034293
0.034107
0.034194
0.034119
0.032544
0.034346
0.037676
0.033000
0.034620
0.034094
0.034335
0.034616
0.034341
0.034709
0.034410
0.034178
0.032901
0.034451
0.034637
0.034831
0.033102
0.033190
0.032804
0.034649
0.034871
0.034707
0.039604
0.034528
0.034746
0.035166
0.034769
0.033441
0.032941
0.034077
0.033674
0.033409
0.035581
0.033841
0.034870
0.033694
0.035206
0.033524
0.034019
0.033582
0.033892
0.035712
0.040569
0.036027
0.035658
0.035712
0.035466
0.035749
0.035407
0.036040
0.034439
0.035009
0.035285
0.035354
0.035561
0.034088
0.033999
0.034017
0.036181
0.034916
0.034334
0.035840
0.041154
0.036605
0.035908
0.035723
0.036665
0.036231
0.035957
0.036476
0.036410
0.036218
0.036066
0.036109
0.035933
0.036359
0.036237
0.034717
0.036183
0.034626
0.036672
0.036373
0.039582
0.036897
0.036347
0.036623
0.036682
0.035626
0.036194
0.036371
0.037193
0.037289
0.037319
0.036564
0.065393
0.035838
0.036937
0.036927
0.036785
0.036954
0.037063
0.037122
0.041992
0.037095
0.037521
0.037259
0.037144
0.037196
0.037450
0.037345
0.037270
0.037226
0.035535
0.037163
0.037381
0.037854
0.038218
0.037437
0.037413
0.037487
0.038173
0.038047
0.042599
0.038088
0.037732
0.036021
0.038527
0.038230
0.038349
0.037739
0.037854
0.038128
0.038200
0.036690
0.038327
0.038458
0.038127
0.038188
0.038440
0.038588
0.038689
0.038820
0.043293
0.038627
0.038049
0.038806
0.038881
0.038736
0.036934
0.038498
0.037118
0.039240
0.039005
0.038911
0.037251
0.037353
0.038973
0.038875
0.038896
0.038848
0.039607
0.039152
0.042386
0.039013
0.039041
0.039259
0.039282
0.039137
0.039602
0.039298
0.039263
0.038984
0.037619
0.039509
0.039546
0.039495
0.039970
0.037834
0.037680
0.039319
0.040008
0.039488
0.044311
0.039793
0.039717
0.039381
0.039524
0.039609
0.038085
0.039809
0.039722
0.038356
0.038576
0.039998
0.039903
0.038425
0.040205
0.038389
0.039847
0.040058
0.040305
0.040170
0.044915
0.040289
0.040568
0.038730
0.040801
0.040575
0.040736
0.038781
0.040419
0.040558
0.040792
0.039051
0.040866
0.038865
0.038991
0.038990
0.040821
0.040742
0.041063
0.040697
0.045938
