941	1553	177	203
950	1564	170	192
955	1564	173	188
964	1558	169	197
970	1556	178	202
983	1562	169	185
994	1553	165	193
1002	1547	168	199
1010	1552	162	193
1016	1551	158	192
1020	1550	155	190
1025	1553	153	181
1037	1549	146	189
1042	1545	147	193
1050	1546	144	190
1060	1550	142	185
1066	1547	146	186
1069	1541	151	196
1077	1548	157	188
1079	1545	169	186
1081	1547	173	198
1087	1549	169	191
1091	1552	176	187
1099	1557	187	179
1107	1546	193	192
1120	1543	181	197
1128	1538	193	201
1137	1536	189	207
1144	1537	197	206
1149	1537	214	200
1153	1530	219	211
1162	1529	226	214
1178	1528	213	210
1187	1531	205	212
1203	1526	205	213
1216	1525	200	219
1228	1518	206	219
1240	1518	198	225
1254	1517	208	221
1259	1517	202	219
1271	1514	197	230
1281	1510	200	224
1293	1515	199	211
1303	1512	198	222
1320	1503	194	227
1331	1501	188	224
1346	1506	195	219
1353	1503	200	225
1363	1506	209	214
1373	1499	199	223
1384	1501	193	222
1392	1500	188	220
1400	1494	197	224
1413	1496	185	228
1423	1483	186	234
1434	1485	187	233
1441	1489	205	225
1446	1485	200	233
1456	1485	207	231
1462	1477	197	239
1474	1476	201	238
1479	1479	203	229
1491	1480	214	229
1502	1474	203	235
1518	1470	194	237
1525	1462	206	244
1530	1466	220	232
1539	1469	204	235
1546	1462	210	238
1555	1466	210	234
1565	1462	214	231
1572	1464	229	233
1581	1463	246	227
1604	1465	213	226
1619	1460	232	225
1633	1462	225	224
1642	1452	249	226
1652	1453	254	231
1668	1450	248	228
1685	1455	233	223
1696	1453	239	222
1706	1447	240	226
1721	1448	229	221
1739	1446	236	224
1760	1443	220	216
1771	1441	216	219
1784	1438	216	216
1791	1438	214	217
1801	1437	214	212
1811	1432	207	226
1824	1431	199	229
1831	1435	192	217
1843	1431	187	223
1853	1430	187	225
1871	1425	172	234
1879	1424	171	228
1885	1423	177	224
1890	1419	180	236
1898	1417	181	240
1899	1414	173	252
