190	189	60	112
189	190	64	118
190	197	65	114
188	196	67	117
186	206	74	109
183	209	79	110
179	218	87	106
171	217	97	108
174	230	100	94
181	235	92	86
180	229	98	92
170	222	112	100
177	223	110	98
171	221	115	101
171	238	120	86
169	231	120	94
169	225	122	99
167	232	127	94
160	224	141	104
160	228	143	102
151	222	156	108
161	213	140	117
166	218	133	111
160	233	145	97
174	237	132	98
171	242	138	94
180	238	135	98
171	237	148	100
183	243	133	97
192	249	119	95
195	245	120	98
190	247	131	98
176	245	147	101
175	238	149	105
167	235	157	110
175	247	148	103
179	241	138	107
178	239	144	115
188	241	130	116
191	234	126	121
200	242	119	114
198	246	124	108
199	249	126	107
195	240	126	121
197	235	132	128
197	252	139	113
191	237	141	123
192	251	145	109
193	246	150	107
192	234	153	124
185	241	168	118
183	241	170	118
187	248	176	112
146	244	163	119
168	258	143	108
173	269	140	98
179	280	128	83
176	286	123	77
175	291	112	80
168	282	119	91
162	280	120	93
154	279	132	96
150	283	134	103
150	277	133	103
148	278	130	105
141	267	131	118
145	266	122	118
140	277	134	108
145	280	129	105
147	283	127	106
143	279	132	108
146	288	131	100
157	302	125	84
162	305	123	83
169	292	126	92
172	303	121	87
182	295	122	87
180	299	131	87
183	294	139	90
183	288	152	95
186	276	144	109
184	270	148	111
187	260	158	126
186	267	144	112
187	267	127	114
190	268	122	106
183	269	130	114
184	262	121	117
195	250	105	124
192	245	100	128
194	242	97	131
