481	129	463	502
483	150	443	475
481	141	427	468
473	129	414	486
444	128	453	480
436	129	418	510
422	132	423	505
408	138	447	490
410	136	467	475
391	131	494	461
427	136	443	481
410	118	454	489
413	114	459	557
392	119	466	488
401	131	445	452
422	133	443	462
432	125	419	481
450	121	422	506
448	117	435	511
458	136	466	457
445	136	488	458
489	129	458	457
503	137	458	446
510	124	456	436
497	117	483	472
493	121	469	458
486	122	466	452
456	130	488	444
464	137	474	437
477	118	458	473
476	117	443	480
501	117	415	504
501	125	423	472
493	148	423	446
483	148	455	474
484	122	486	484
485	143	491	470
504	134	436	493
495	139	439	475
501	143	432	461
512	144	404	475
504	126	422	485
506	125	417	494
503	130	422	488
491	132	448	487
503	141	427	472
513	149	418	460
506	144	430	458
479	144	452	464
503	132	435	468
522	127	440	471
494	122	486	503
503	130	452	514
483	134	485	507
495	123	449	533
512	112	435	537
501	115	458	536
491	117	449	538
484	128	462	534
470	133	486	524
478	129	482	509
482	121	490	515
466	114	506	541
474	111	479	559
448	96	510	568
456	119	494	559
425	116	528	548
429	111	515	551
414	100	552	543
397	101	568	557
