152	215	59	157
153	213	73	163
160	200	75	177
171	197	56	174
174	195	58	178
172	193	57	175
178	189	44	183
171	204	44	170
165	218	57	154
160	223	57	151
154	216	46	150
146	219	45	152
141	213	45	159
126	231	41	146
121	237	44	142
116	231	48	149
121	240	39	143
119	239	37	148
119	243	48	144
119	243	57	148
122	245	49	146
122	258	38	142
121	266	41	135
117	263	41	134
111	269	48	129
108	278	61	120
96	284	67	120
98	279	56	128
89	281	55	127
93	282	49	125
93	292	66	120
97	297	60	126
95	298	53	116
98	299	44	117
106	306	39	123
106	299	42	130
99	298	60	134
89	308	72	133
98	304	68	127
102	299	54	133
107	302	53	125
119	306	50	120
132	308	49	115
142	308	58	104
147	308	49	104
154	308	54	111
150	313	73	98
173	298	66	106
187	296	59	101
200	291	54	86
222	280	49	100
231	277	61	105
237	278	66	99
234	268	93	112
245	265	112	107
256	260	97	108
277	254	83	112
283	254	100	111
278	260	119	105
282	266	117	100
265	263	125	100
257	258	107	106
239	258	85	109
230	258	76	113
225	255	78	117
209	253	86	124
201	255	84	122
188	258	90	111
170	257	100	128
160	257	121	133
155	263	137	128
145	269	154	126
138	282	168	108
136	259	185	131
131	275	196	110
123	287	224	100
113	299	243	88
115	326	240	57
121	292	222	88
118	295	245	90
129	292	293	86
131	309	307	72
118	316	315	57
121	321	309	53
112	323	310	60
104	327	330	61
109	333	327	59
101	339	332	65
112	339	319	77
117	332	305	106
111	325	317	148
117	320	321	152
99	325	342	148
90	325	352	149
79	321	361	146
88	306	324	144
91	308	308	127
98	307	292	133
97	310	286	134
100	311	278	130
105	309	271	137
108	296	264	135
126	297	243	127
142	297	227	119
154	299	211	112
163	298	197	111
188	285	174	126
203	282	164	114
220	277	151	109
244	271	132	116
265	279	113	101
283	268	116	105
298	257	121	115
303	250	119	123
292	234	131	135
301	245	116	119
314	249	108	113
321	248	125	122
339	248	104	131
350	248	83	142
366	262	82	141
367	253	59	148
363	238	68	165
350	246	72	162
139	241	60	159
141	256	64	146
136	257	72	145
154	254	63	147
177	248	54	150
191	241	47	162
206	253	54	149
226	250	56	143
245	255	51	112
288	276	49	132
304	270	43	141
312	277	50	133
333	267	68	139
350	274	82	137
372	284	94	131
372	280	122	129
376	274	131	139
422	282	108	131
448	280	98	138
460	288	120	132
457	280	110	151
495	281	132	193
528	270	101	201
531	269	101	203
537	257	85	206
552	258	70	201
565	256	60	198
571	270	60	185
569	280	69	180
570	277	91	175
586	283	92	165
601	265	82	178
609	266	73	173
613	260	69	184
613	265	73	176
615	260	69	178
619	260	72	179
625	262	86	176
635	265	79	168
635	264	82	165
639	264	85	162
643	265	65	166
639	262	71	165
638	267	100	171
651	256	82	172
667	255	83	170
670	261	94	158
684	259	93	160
698	251	104	162
724	248	98	158
746	247	87	156
762	247	71	158
764	257	74	150
777	257	61	147
779	258	72	152
782	262	84	152
782	259	80	150
778	264	78	140
776	261	85	151
774	270	92	146
764	271	100	154
766	278	102	152
763	287	99	140
757	293	111	141
760	324	112	138
780	311	100	157
751	320	90	163
767	321	70	146
754	325	68	136
755	329	77	142
723	328	80	150
711	330	105	148
676	322	97	158
677	323	93	169
