0.567807
0.016329
0.015723
0.015722
0.015923
0.015817
0.017255
0.017654
0.017770
0.017683
0.017379
0.017832
0.017860
0.018010
0.017604
0.018665
0.017941
0.018986
0.017844
0.018066
0.020958
0.017369
0.018219
0.018028
0.017904
0.018348
0.018383
0.018400
0.018204
0.018294
0.019506
0.019333
0.019655
0.019268
0.018687
0.018368
0.018501
0.018442
0.018609
0.018785
0.023771
0.018841
0.018709
0.021107
0.018860
0.019532
0.018862
0.019024
0.019228
0.019173
0.019085
0.025299
0.019162
0.028527
0.018941
0.019034
0.019059
0.028420
0.019028
0.019284
0.026613
0.019373
0.019594
0.019279
0.020504
0.019538
0.019565
0.019448
0.023274
0.019740
0.019900
0.019867
0.019893
0.019951
0.020054
0.020017
0.020170
0.020282
0.020299
0.020160
0.025287
0.020752
0.020373
0.020567
0.020360
0.021738
0.020497
0.030155
0.025632
0.030013
0.020797
0.020543
0.020670
0.020701
0.020668
0.020873
0.020967
0.020997
0.020977
0.021363
0.026284
