0.554184
0.017136
0.024575
0.015343
0.016418
0.017353
0.017070
0.017235
0.017341
0.017176
0.017125
0.017346
0.027210
0.017415
0.017663
0.021648
0.017596
0.017742
0.017660
0.017652
0.019973
0.017795
0.017880
0.027320
0.017954
0.018154
0.017881
0.018031
0.017749
0.025109
0.018443
0.021820
0.018316
0.018273
0.018305
0.025129
0.018452
0.018667
0.018748
0.018921
0.023710
0.018781
0.018787
0.018913
0.019012
0.028299
0.028641
0.021936
0.019042
0.018639
0.020390
0.018739
0.019183
0.018599
0.018553
0.018929
0.018858
0.020648
0.020314
0.020535
0.026091
0.020730
0.020208
0.020051
0.020245
0.019991
0.020258
0.020124
0.020066
0.020390
0.020303
0.020437
0.020782
0.020731
0.021026
0.021150
0.021448
0.021334
0.021268
0.021355
0.024569
0.019722
0.019627
0.019521
0.019560
0.021821
0.019783
0.021584
0.020065
0.019878
0.020100
0.019845
0.019937
0.021370
0.020209
0.020408
0.020690
0.020456
0.032600
0.020244
