668	340	68	84
685	335	70	91
703	341	74	80
706	342	80	71
706	342	80	71
865	278	76	88
889	263	65	94
902	263	67	98
913	256	71	108
910	252	83	116
909	244	83	123
917	231	73	131
908	237	83	119
920	249	94	99
940	244	95	101
950	249	98	102
951	260	105	105
954	260	119	129
973	263	103	146
980	278	95	170
984	294	88	155
988	318	91	177
996	307	90	176
996	292	95	165
1006	273	102	159
1025	260	109	163
1049	273	124	131
1064	273	113	118
1052	244	144	119
1085	224	138	134
1130	228	135	116
1140	218	105	116
1163	187	103	138
1180	196	100	127
1197	216	87	124
1207	222	71	131
1217	227	78	147
1213	236	74	152
1216	242	67	165
1206	287	72	150
1205	254	71	148
1206	263	71	135
1211	230	64	136
1213	259	61	115
1213	301	60	114
1206	312	71	121
1206	324	67	119
1207	328	66	111
1221	333	59	117
1234	340	65	128
1241	376	48	123
1257	397	51	113
1254	423	51	106
1274	446	39	98
1274	446	39	98
1274	446	39	98
1274	446	39	98
1275	444	37	99
1278	443	29	98
1278	443	29	98
1278	443	29	98
1278	443	29	98
1278	443	29	98
1244	456	34	97
1244	456	34	97
1191	327	44	103
1191	327	44	103
1191	322	49	106
1156	321	54	100
1156	321	54	100
1156	321	54	100
1148	291	73	104
1148	291	73	104
1148	291	73	104
1151	292	76	128
1151	292	76	128
1151	292	76	128
1151	292	76	128
1151	292	76	128
1151	292	76	128
1151	292	76	128
1151	292	76	128
