0.565745
0.015626
0.015899
0.015423
0.015995
0.015867
0.016435
0.016900
0.017036
0.016881
0.017082
0.026348
0.017147
0.016800
0.017243
0.016995
0.017728
0.017110
0.017137
0.016849
0.019088
0.018084
0.016950
0.018586
0.017263
0.017357
0.017419
0.017398
0.017479
0.017429
0.020365
0.017866
0.019180
0.018584
0.017192
0.018625
0.017548
0.018717
0.017473
0.018825
0.022547
0.018973
0.017659
0.017673
0.019081
0.019129
0.017879
0.017916
0.017988
0.019070
0.019068
0.019168
0.018081
0.019407
0.018291
0.018553
0.018161
0.019301
0.018717
0.018092
0.023160
0.019604
0.018291
0.018368
0.018430
0.018490
0.018571
0.018539
0.018623
0.018655
0.019989
0.018653
0.018739
0.018736
0.020475
0.019212
0.018876
0.018824
0.019042
0.018869
0.024216
0.018921
0.018949
0.020323
0.019128
0.018994
0.019194
0.020399
0.019161
0.020833
0.019554
0.021064
0.019290
0.020821
0.019929
0.019612
0.019630
0.019444
0.019612
0.020971
0.024443
0.021271
0.019988
0.021072
0.022744
0.024072
0.020611
0.020559
0.022100
0.020555
0.024921
0.022247
0.021914
0.022139
0.020754
0.022434
0.021743
0.021650
0.020871
0.012484
0.025500
0.022020
0.022239
0.022544
0.021841
0.022079
0.020568
0.023035
0.020779
0.022151
0.020752
