0.565715
0.018129
0.016228
0.017454
0.017587
0.017823
0.018954
0.018912
0.019067
0.019100
0.018425
0.018267
0.018168
0.018281
0.018106
0.018116
0.018464
0.018762
0.018626
0.018579
0.020103
0.018426
0.018546
0.018795
0.018620
0.020524
0.018957
0.028337
0.018740
0.021940
0.021731
0.018870
0.018738
0.018676
0.018543
0.017317
0.018741
0.018752
0.028232
0.018597
0.024237
0.018793
0.019116
0.019083
0.019049
0.019108
0.019395
0.019244
0.019212
0.019572
0.019368
0.019428
0.019284
0.019505
0.019627
0.019356
0.019449
0.019926
0.019697
0.019437
0.024447
0.019663
0.019599
0.019502
0.019516
0.028976
0.020085
0.020231
0.019960
0.020194
0.020295
0.029649
0.020399
0.020432
0.020607
0.020708
0.029689
0.020552
0.020594
0.020613
0.025719
0.021424
0.020984
0.020942
0.020502
0.020672
0.020646
0.020811
0.020516
0.020610
0.030539
0.021243
0.020935
0.025226
0.020820
0.020908
0.021449
0.021410
0.030585
0.021070
0.035638
0.021144
0.021238
0.021204
0.021230
0.021362
0.021530
0.021355
0.021393
0.021419
0.021869
0.021821
0.021706
0.021753
0.021635
0.023628
0.031224
0.021851
0.033130
0.021673
0.026738
0.021870
0.021935
0.021959
0.021920
0.022042
0.022030
0.021908
0.023553
0.031640
0.022230
0.021843
0.022025
0.022520
0.022596
0.031840
0.022232
0.023167
0.022554
0.022539
0.034918
0.022796
0.022704
0.022549
0.022467
0.022619
0.022612
0.022594
0.022670
0.022670
0.022801
0.022670
0.022913
0.028829
0.023155
0.023294
0.022909
0.022993
0.023009
0.023300
0.028168
0.023420
0.023432
0.023464
0.023588
0.023473
0.023439
0.023705
0.024015
0.023961
0.023853
0.023968
0.023967
0.025513
0.024030
0.024014
0.024229
0.024199
0.024151
0.033592
0.029147
0.024290
0.024146
0.024150
0.024790
0.024481
0.024350
0.024584
0.024434
0.024513
0.024603
0.022899
0.024587
0.026150
0.025173
0.025186
0.024938
0.024506
0.023336
0.025355
0.030215
0.023186
0.023311
0.025307
0.023418
0.025017
0.023720
0.025534
0.025125
0.025616
0.025668
0.025868
0.025590
0.025859
0.025334
0.025279
0.025281
0.025838
0.025310
0.025343
0.030888
0.025810
0.024938
0.025877
0.026184
0.025952
0.026137
0.025994
0.026163
0.029358
0.026224
0.026415
0.026372
0.026008
0.026024
0.024558
0.026344
0.029490
0.026705
0.027027
0.031895
0.027045
0.025221
0.025237
0.029548
0.025597
0.025581
0.025468
0.025546
0.025718
0.025239
