0.565712
0.015692
0.015615
0.015499
0.015598
0.016516
0.016603
0.016526
0.016639
0.016920
0.016768
0.016975
0.018388
0.017856
0.016890
0.018076
0.018090
0.018207
0.017087
0.018077
0.020432
0.018246
0.017195
0.018313
0.017259
0.017256
0.017246
0.018555
0.017291
0.018265
0.018370
0.018617
0.017561
0.021293
0.017561
0.018774
0.017698
0.018772
0.017703
0.018786
0.022552
0.018672
0.017895
0.017811
0.018893
0.017998
0.018014
0.019160
0.018030
0.019103
0.018063
0.018018
0.018042
0.019051
0.018108
0.019317
0.018390
0.019265
0.018591
0.018614
0.023651
0.019891
0.018491
0.019686
0.018559
0.018519
0.018813
0.019969
0.020228
0.020128
0.020232
0.020163
0.019035
0.020223
0.019034
0.018956
0.018937
0.019273
0.019229
0.020481
