0.565376
0.016359
0.016082
0.015867
0.016155
0.015061
0.017114
0.017165
0.017206
0.017317
0.017228
0.017014
0.021110
0.017102
0.017069
0.017390
0.020298
0.017457
0.017592
0.017361
0.020030
0.017786
0.017700
0.017681
0.017850
0.017726
0.017810
0.023199
0.017915
0.017762
0.018203
0.017750
0.017757
0.027457
0.017914
0.017811
0.017926
0.018034
0.018839
0.018024
0.023050
0.018113
0.018239
0.018340
0.027421
0.018278
0.027741
0.018359
0.018375
0.028009
0.018553
0.018457
0.027577
0.018536
0.018662
0.028242
0.018742
0.018800
0.018694
0.028111
0.023751
0.018877
0.019022
0.019009
0.018961
0.019207
0.021894
0.019387
0.021940
0.019176
0.023485
0.019599
0.019345
0.020505
0.019242
0.019363
0.019704
0.020012
