1035	161	166	187
1039	172	166	178
1037	165	164	179
1039	173	166	176
1037	170	164	179
1034	164	164	180
1039	172	170	180
1029	161	175	184
1038	168	167	187
1033	166	171	182
1038	167	169	180
1039	168	166	180
1031	163	170	183
1035	167	173	188
1034	159	169	187
1035	169	171	185
1041	164	159	184
1031	164	167	188
1025	158	166	190
1019	162	170	187
1014	160	172	190
1011	164	169	184
1007	161	169	189
997	155	187	202
1000	153	173	201
1001	151	169	198
988	146	175	208
987	140	169	215
979	134	163	229
969	130	164	234
963	131	161	236
966	130	145	242
963	118	139	252
964	120	132	251
960	117	128	251
955	104	130	271
950	102	136	276
952	105	128	275
949	104	127	269
949	105	124	254
947	98	124	253
935	98	132	222
934	101	129	207
927	105	132	197
918	107	134	195
912	107	138	183
892	97	159	197
893	89	156	197
886	90	162	192
877	91	173	188
875	91	173	195
869	101	176	176
863	105	184	170
855	100	194	176
858	99	181	173
851	104	183	168
840	105	183	169
831	104	193	173
827	106	190	177
814	104	197	169
804	103	198	182
788	95	212	186
779	105	220	185
775	100	211	195
765	99	215	193
754	107	220	185
741	106	224	185
733	101	227	198
729	99	226	196
717	110	227	192
713	103	229	196
706	115	230	185
691	107	244	189
688	114	231	187
674	114	227	182
668	110	222	180
653	114	229	180
647	122	234	166
636	117	236	181
629	122	230	174
622	119	234	171
617	129	222	157
609	128	223	153
602	128	223	159
596	135	217	158
584	130	221	161
574	134	221	168
564	125	219	172
557	134	215	166
548	132	215	161
540	128	217	173
530	134	219	167
525	138	216	169
519	132	221	177
508	140	220	168
505	141	217	167
499	140	211	163
493	145	211	160
487	146	216	167
479	149	213	157
476	149	212	166
471	150	208	171
463	150	211	165
463	149	210	176
452	152	205	175
441	150	210	168
433	155	206	158
425	154	204	165
418	153	209	162
409	154	212	160
403	156	213	159
395	161	211	164
387	160	217	164
382	156	215	165
377	155	210	176
369	164	213	159
