455	230	238	225
444	229	259	238
428	238	276	221
408	224	300	226
384	217	317	246
389	209	311	246
375	221	330	249
351	211	350	242
362	214	339	254
370	212	302	240
373	212	308	227
347	204	326	225
323	192	342	249
302	182	335	249
281	183	355	252
269	183	358	244
268	179	345	250
261	189	337	240
230	190	362	241
215	183	349	252
193	183	357	230
157	179	375	234
136	181	382	240
69	166	382	261
48	162	445	259
78	168	427	252
84	173	424	250
68	179	429	257
55	191	438	237
33	175	468	253
21	177	468	260
7	166	490	254
4	170	491	257
5	168	482	257
39	176	443	248
21	168	467	237
32	174	457	259
18	165	472	257
14	175	532	250
336	169	492	254
364	169	412	236
378	174	372	243
396	166	342	260
393	162	337	296
406	167	335	311
397	177	393	261
374	176	400	243
375	179	407	244
378	183	447	243
380	183	511	242
401	179	440	259
420	166	367	263
440	174	316	253
447	181	298	244
451	183	285	237
446	188	314	236
455	186	294	242
452	173	288	251
506	177	257	249
512	177	260	243
580	165	219	254
580	174	236	244
593	181	245	237
585	171	264	235
577	173	276	237
586	166	277	244
602	156	274	246
644	159	240	245
671	142	242	255
721	157	232	254
783	149	202	254
796	143	234	248
809	159	259	247
827	161	276	235
832	163	305	234
850	145	303	266
878	140	279	290
929	129	248	300
971	128	232	281
983	132	241	259
1032	144	221	255
1021	142	235	248
1022	152	244	243
1032	153	235	253
1035	142	228	254
1044	143	221	250
1060	140	206	260
1068	143	201	249
1078	145	193	273
1073	146	205	245
1063	148	190	252
1060	160	192	250
1054	156	208	247
1021	155	234	257
1021	155	222	262
1024	147	200	256
1028	160	195	252
1022	158	206	248
1001	165	213	250
991	168	225	251
983	172	222	247
