0.565392
0.017787
0.017720
0.019015
0.018562
0.017345
0.019577
0.019444
0.018146
0.018327
0.019483
0.018283
0.019431
0.018321
0.018248
0.018248
0.018371
0.019331
0.018279
0.018417
0.020892
0.018666
0.018377
0.019678
0.018568
0.018510
0.020004
0.018829
0.018615
0.019984
0.018699
0.018911
0.020175
0.020115
0.018789
0.020062
0.018977
0.019217
0.020663
0.020683
0.024142
0.020408
0.019233
0.020461
0.020545
0.020535
0.019312
0.019381
0.019469
0.019367
0.019226
0.020138
0.020178
0.020099
0.021998
0.020794
0.022278
0.021945
0.020814
0.022568
0.026093
0.022586
0.021104
0.022360
0.023575
0.020808
0.020982
0.022550
0.021029
0.022943
0.019416
0.020613
0.020892
0.019309
0.020939
0.019532
0.019819
0.019627
0.024626
0.019737
0.026107
0.021281
0.019739
0.020996
0.020962
0.019809
0.021178
0.021373
0.021374
0.021848
0.019662
0.019721
0.019742
0.019809
0.021323
0.024062
0.021101
0.019824
0.019935
0.021252
0.024813
0.019922
0.019938
0.020667
0.022141
0.020645
0.020596
0.022058
0.021878
0.020435
0.020483
0.022675
0.024371
0.025897
0.022042
0.022231
0.024639
0.025839
0.020641
0.022903
0.022710
0.022803
0.026978
0.022861
0.025931
0.022836
0.022898
0.024451
0.023868
0.024302
0.024186
0.024417
0.022981
0.022605
0.022649
0.022665
0.022940
0.024700
0.023634
0.025242
0.027867
0.021705
0.024049
0.026738
0.021767
0.023378
0.023757
0.022044
0.023463
0.023125
0.025865
0.025804
0.028356
0.025799
0.022110
0.022257
0.026236
0.025945
0.024501
0.028874
0.027334
0.024652
0.023801
0.024498
0.024697
0.024665
0.024454
0.026330
0.022526
0.026512
0.027758
0.025320
0.024179
0.027011
0.025547
0.029721
0.024874
0.024843
0.026265
0.024865
0.027854
0.025019
0.026472
0.026901
0.025258
0.024383
0.024476
0.027177
0.024604
0.024595
0.024718
0.024659
0.026776
0.026697
0.026960
0.026994
0.023460
0.023390
