0.558075
0.018111
0.017813
0.017592
0.017749
0.017741
0.020031
0.018819
0.020290
0.018892
0.020154
0.020267
0.018954
0.018956
0.020307
0.019212
0.020411
0.020439
0.019209
0.019501
0.023477
0.019564
0.020852
0.019386
0.019683
0.019476
0.020953
0.021232
0.019829
0.019954
0.020139
0.017956
0.019047
0.019197
0.020202
0.023906
0.023912
0.019983
0.021775
0.023354
0.023061
0.018263
0.019414
0.018167
0.019462
0.022031
0.019830
0.020544
0.018546
0.019593
0.019763
0.019804
0.019773
0.018270
0.019645
0.022311
0.021971
0.020498
0.022270
0.019752
0.024749
0.020031
0.019732
0.019852
0.019777
0.019890
0.019839
0.019938
0.020004
0.020212
0.020131
0.020365
0.020169
0.020222
0.020289
0.020508
0.019312
0.020732
0.023576
0.019398
0.025607
0.021380
0.020281
0.021124
0.020995
0.019464
0.020819
0.019523
0.021032
0.019839
0.020914
0.020744
0.020695
0.023497
0.023417
0.026189
0.021791
0.020937
0.019711
0.023812
0.028864
