662	273	249	231
665	270	234	228
664	264	242	234
664	267	239	230
667	264	235	232
661	267	247	230
668	272	229	223
668	272	235	228
666	270	232	224
673	272	224	223
668	265	231	233
647	266	232	238
613	251	251	256
605	267	231	241
597	283	237	221
573	290	274	217
576	304	257	206
584	297	250	214
593	283	234	237
604	295	257	220
605	283	284	245
615	277	255	245
636	312	238	210
618	307	247	206
634	298	216	217
621	320	218	194
600	329	240	173
592	325	239	178
574	311	238	186
580	299	258	206
575	299	263	208
566	290	249	212
558	284	249	227
542	283	256	227
531	286	275	221
516	278	291	234
509	261	277	258
507	268	261	238
515	266	250	235
502	260	252	246
493	250	262	257
498	277	266	212
499	277	308	201
503	272	310	215
494	261	314	213
511	238	276	232
534	222	257	250
532	208	258	257
535	241	259	217
524	214	253	237
495	190	274	270
442	200	317	248
440	202	319	239
459	217	305	222
475	227	269	201
499	217	261	221
496	209	264	212
499	208	262	212
493	198	255	220
486	185	247	237
466	183	259	240
440	193	279	211
425	195	288	209
428	182	309	218
427	170	293	231
419	162	279	235
404	151	269	235
391	158	286	229
396	144	257	244
409	140	254	243
420	138	264	239
426	146	270	226
450	139	253	230
484	132	249	222
505	149	268	198
551	123	299	225
552	123	313	214
580	127	296	197
604	118	279	221
627	116	256	214
623	97	266	227
580	92	303	232
578	70	295	240
602	71	266	244
582	65	257	245
575	58	240	249
560	59	242	241
555	66	250	230
547	59	228	220
542	53	206	214
553	51	210	211
565	26	249	240
580	10	214	277
603	24	186	240
583	22	208	233
560	16	258	238
527	22	283	224
500	18	286	231
453	21	298	229
406	29	261	221
367	8	208	243
341	16	167	250
292	17	145	253
252	17	146	249
215	34	140	242
164	29	125	246
111	44	126	241
71	49	116	242
17	50	117	245
-1	67	109	234
-42	97	113	206
-64	100	126	189
187	144	128	174
390	135	134	190
385	125	152	207
383	133	171	209
448	140	158	220
450	162	139	189
440	191	100	167
440	191	100	167
556	203	110	162
546	218	141	153
554	198	171	174
514	186	184	191
472	176	228	201
554	188	195	202
557	213	181	174
613	200	224	186
561	189	226	198
504	194	247	201
489	202	270	194
