550	111	50	66
522	122	53	69
496	131	52	65
475	142	50	68
451	149	58	66
424	158	52	68
409	162	53	68
388	173	44	65
363	175	47	71
337	182	44	64
315	191	38	64
284	199	50	60
276	207	39	56
257	207	44	65
257	205	44	76
258	209	44	71
259	208	60	71
267	209	56	72
290	208	61	71
317	211	53	69
348	214	53	68
378	214	48	66
406	218	43	64
434	219	53	62
459	220	46	69
481	220	50	63
499	224	46	70
522	226	52	67
548	228	46	73
569	224	52	68
595	224	49	78
629	225	51	75
654	225	42	78
676	229	52	77
704	227	41	85
726	226	51	86
740	227	53	90
750	232	60	93
765	235	65	89
779	237	53	93
786	243	63	91
790	247	62	97
795	252	66	98
796	254	74	95
809	255	54	96
818	255	59	93
827	260	55	99
833	261	61	91
843	263	48	96
844	263	54	93
841	266	60	84
847	269	59	92
853	271	64	90
852	274	57	80
846	274	68	88
850	271	67	88
843	270	73	86
840	271	58	87
832	273	61	77
834	274	52	85
829	275	53	85
827	275	66	83
818	278	58	83
811	279	56	86
814	280	42	83
810	284	44	80
807	287	46	84
804	285	48	81
801	289	43	84
795	294	49	86
786	294	62	82
775	296	68	83
754	302	60	82
744	300	70	84
738	299	57	88
732	300	63	93
717	311	47	81
716	315	36	73
706	319	43	78
718	317	49	87
730	318	54	83
