1626	235	136	133
1630	237	133	129
1632	239	130	131
1631	240	132	132
1628	241	129	132
1631	237	131	134
1629	240	129	133
1632	239	131	134
1628	239	129	135
1635	239	130	136
1627	238	132	133
1632	240	131	133
1630	240	131	132
1631	239	131	134
1631	240	131	133
1630	241	132	133
1631	240	132	130
1631	240	132	133
1633	241	132	131
1635	239	130	132
1630	240	133	132
1627	240	132	126
1625	239	131	129
1623	238	133	132
1624	241	131	132
1622	240	131	130
1621	240	131	132
1618	240	133	132
1616	238	133	129
1615	237	131	132
1605	237	131	129
1601	240	126	134
1590	241	130	133
1584	239	127	136
1584	238	117	139
1584	238	117	139
1584	238	117	139
1584	238	117	139
1481	209	168	171
1458	251	123	132
1423	250	128	134
1390	256	121	129
1355	263	116	113
1303	328	143	137
1303	328	143	137
1303	328	143	137
1303	328	143	137
1303	328	143	137
1303	328	143	137
1303	328	143	137
1303	328	143	137
1303	328	143	137
1303	328	143	137
1303	328	143	137
1303	328	143	137
1303	328	143	137
1303	328	143	137
1303	328	143	137
1303	328	143	137
1303	328	143	137
1303	328	143	137
1303	328	143	137
1303	328	143	137
1303	328	143	137
1303	328	143	137
1303	328	143	137
1303	328	143	137
1303	328	143	137
1303	328	143	137
1303	328	143	137
1303	328	143	137
1303	328	143	137
1303	328	143	137
1303	328	143	137
1303	328	143	137
1303	328	143	137
1303	328	143	137
1303	328	143	137
1303	328	143	137
1303	328	143	137
1303	328	143	137
1303	328	143	137
1303	328	143	137
1303	328	143	137
1303	328	143	137
1303	328	143	137
1303	328	143	137
1303	328	143	137
1303	328	143	137
1303	328	143	137
1303	328	143	137
1303	328	143	137
1303	328	143	137
1303	328	143	137
1303	328	143	137
1303	328	143	137
1303	328	143	137
1303	328	143	137
1303	328	143	137
1303	328	143	137
