3.606569
0.137419
0.140290
0.145244
0.149492
0.153689
0.154477
0.155867
0.158425
0.164510
0.163980
0.155783
0.162162
0.169172
0.164930
0.167466
0.175254
0.180269
0.181249
0.183329
0.418626
0.185956
0.191071
0.192826
0.183837
0.188746
0.190585
0.196946
0.204847
0.214557
0.202226
0.203981
0.204510
0.209211
0.209791
0.211746
0.226163
0.229109
0.231724
0.231300
0.552466
0.247158
0.239846
0.243699
0.241343
0.245173
0.250538
0.246010
0.249876
0.252790
0.254774
0.258902
0.263944
0.264035
0.269068
0.269846
0.269426
0.281143
0.277732
0.278354
0.609834
0.482591
0.278491
0.280860
0.291498
0.298958
0.285561
0.290783
0.291397
0.294280
0.295040
0.303770
0.317998
0.311499
0.314339
0.324471
0.323233
0.321587
0.612369
0.612057
0.649027
0.320433
0.322602
0.326293
0.630920
0.641069
0.334052
0.343209
0.337243
0.342231
0.351615
0.354974
0.350242
0.352836
0.363889
0.362598
0.364341
0.356847
0.364369
0.367155
