0.124267
0.026525
0.026166
0.027626
0.026425
0.027526
0.027871
0.026409
0.027613
0.025823
0.025623
0.026199
0.027431
0.025853
0.025571
0.026233
0.026193
0.025976
0.026181
0.026011
0.029733
0.025985
0.027692
0.026042
0.025727
0.026157
0.027648
0.027951
0.027771
0.027467
0.026088
0.027363
0.027778
0.026152
0.027213
0.027689
0.027837
0.027897
0.026146
0.026542
0.032856
0.026209
0.028039
0.026204
0.027661
0.027589
0.025840
0.027856
0.025925
0.027524
0.025972
0.027710
0.027942
0.026390
0.026260
0.027919
0.026343
0.026391
0.026424
0.023607
0.030118
0.024424
0.023429
0.023350
0.026568
0.025626
0.025478
0.025499
0.025362
0.026957
0.022972
0.024475
0.024838
0.025043
0.024693
0.025034
0.024684
0.025123
0.024559
0.024466
0.034379
0.026530
0.028391
0.024551
0.024455
0.027880
0.027903
0.026145
0.031480
0.028465
