603	281	160	287
633	283	115	289
646	285	101	277
652	285	92	274
658	292	85	273
662	300	80	273
665	293	79	265
667	289	77	272
662	288	81	271
658	284	87	277
637	282	110	275
641	270	107	289
637	286	113	288
636	279	113	291
644	282	99	287
633	291	101	281
634	283	97	289
637	283	96	294
641	287	91	291
640	288	91	292
645	276	91	285
640	285	97	287
638	275	103	295
641	287	102	286
646	283	97	283
653	285	92	274
651	293	90	268
650	303	87	266
650	292	87	270
655	297	86	265
657	297	85	266
654	290	86	266
655	295	83	264
648	291	87	265
640	291	97	267
635	295	98	264
638	288	96	266
632	289	104	275
628	288	111	270
627	283	106	279
624	286	108	273
617	288	112	276
601	285	122	273
592	293	129	260
593	294	131	262
607	302	114	250
610	299	115	258
610	321	120	239
625	318	111	246
618	301	111	259
611	313	116	252
608	290	115	270
616	283	114	278
634	288	109	275
632	280	109	276
644	284	101	270
651	289	98	266
656	293	98	272
651	289	95	267
646	293	96	263
643	300	95	261
639	288	99	272
640	286	104	274
638	284	106	273
612	292	120	272
600	281	130	281
592	283	133	277
589	284	133	274
589	308	140	251
590	315	148	254
603	305	124	257
622	313	112	252
633	315	109	249
628	308	111	255
613	288	118	269
626	285	106	274
621	283	115	274
625	283	114	275
636	275	108	278
639	292	108	269
642	289	111	268
643	286	110	270
648	285	102	233
645	289	104	272
642	279	110	272
648	287	108	272
654	286	104	274
664	287	94	273
654	282	104	268
645	282	117	272
642	283	124	279
645	285	117	271
648	288	118	277
662	297	108	263
671	281	99	272
677	294	92	269
695	293	80	259
702	296	81	253
710	280	78	270
713	284	85	271
703	295	102	259
718	293	102	266
706	288	121	267
712	311	148	250
717	304	136	268
727	295	131	273
730	288	138	273
732	294	147	269
731	295	147	275
730	297	149	270
730	297	146	271
729	291	133	275
728	297	130	267
728	290	116	274
724	284	112	282
721	282	108	288
722	301	99	275
715	295	99	278
701	276	106	294
689	280	107	293
690	283	104	290
698	277	100	294
709	280	95	291
694	278	123	296
687	273	131	310
709	274	115	300
688	286	155	302
709	303	143	288
703	279	118	302
703	274	114	309
721	267	101	319
728	278	101	310
730	284	108	305
727	274	102	311
722	286	97	292
713	293	108	288
709	284	135	305
709	309	145	295
710	287	126	300
712	277	122	300
716	278	116	293
716	281	118	292
721	295	132	281
721	313	119	266
725	315	117	261
724	288	101	279
722	284	98	273
720	285	98	273
716	290	104	276
717	289	103	272
717	288	102	274
715	291	99	274
716	294	99	264
714	290	103	265
714	284	93	264
718	294	84	264
717	293	83	260
714	292	86	263
717	289	82	263
722	286	82	262
721	291	84	263
707	295	106	267
702	289	112	272
704	289	103	281
707	292	97	279
704	288	104	281
717	288	99	283
717	288	94	279
719	288	102	287
706	285	115	282
710	291	97	281
715	285	89	282
720	294	84	276
700	288	99	278
691	281	98	283
686	286	89	274
673	289	91	270
668	289	92	264
673	284	85	272
662	279	96	272
689	289	75	262
683	290	85	259
679	290	95	261
705	293	82	257
715	292	81	261
721	290	102	259
719	299	112	252
714	303	119	249
725	299	114	259
752	295	89	263
741	293	94	263
749	290	92	272
736	288	96	272
726	288	105	274
721	290	109	275
722	287	102	278
716	286	101	276
707	285	117	279
704	287	121	283
704	287	103	274
687	287	93	276
679	287	93	276
665	289	106	276
645	283	129	278
643	282	130	277
653	285	122	279
657	279	111	280
678	281	94	278
693	285	107	272
700	286	108	280
704	280	108	279
707	291	109	284
722	307	99	262
733	293	105	273
742	288	128	272
745	285	138	279
761	292	141	273
754	297	147	263
758	286	134	278
762	286	129	277
759	284	130	279
760	280	127	280
763	281	124	284
745	283	134	285
727	299	101	270
720	289	100	275
710	287	108	278
688	281	124	282
676	290	121	279
665	286	110	274
656	280	102	282
648	278	99	279
637	283	105	273
621	277	117	277
620	293	119	269
611	302	119	264
597	301	95	261
575	295	116	265
568	322	120	241
524	310	138	258
509	304	150	271
498	304	134	265
478	290	119	278
476	290	105	287
467	289	108	277
461	296	108	274
446	287	107	279
455	295	99	283
441	310	93	272
421	300	105	270
407	301	99	270
409	309	102	275
400	301	105	279
393	288	108	285
391	303	98	269
387	295	102	275
378	287	102	278
376	287	95	285
365	291	104	283
351	288	109	285
347	303	99	287
337	292	101	280
326	287	102	286
316	291	110	281
305	292	105	273
311	295	93	275
314	289	92	279
314	294	90	280
315	289	95	280
319	289	97	284
325	290	92	282
338	292	90	278
344	296	98	280
350	293	93	274
351	293	82	279
353	295	80	280
371	301	71	276
357	298	83	278
355	291	87	278
354	287	89	276
356	287	84	277
363	290	85	279
362	289	86	284
345	297	90	278
348	292	88	277
350	285	89	277
348	298	83	269
357	297	95	275
342	296	93	267
336	292	100	267
341	297	94	267
350	298	84	267
367	299	78	266
369	311	87	266
369	292	97	263
380	292	93	273
396	303	83	266
410	325	77	257
414	310	77	250
412	304	75	253
409	319	79	250
412	318	76	245
416	309	76	254
421	304	77	251
422	316	72	238
417	298	85	256
416	303	90	258
439	301	72	257
444	302	80	260
445	303	78	254
443	301	81	266
445	323	80	247
441	303	88	262
450	312	84	256
460	295	89	269
470	318	76	245
468	303	81	258
471	297	100	267
474	291	96	275
485	290	94	274
487	299	105	266
504	292	105	258
520	299	116	258
522	298	124	262
526	299	113	258
524	296	123	259
519	302	117	259
516	314	126	257
489	308	103	263
486	316	91	245
480	313	88	248
475	309	88	255
474	324	82	234
467	334	84	227
443	323	99	237
433	320	86	244
424	301	87	262
417	336	89	260
407	308	86	267
388	294	88	263
362	296	105	262
349	301	111	263
343	306	110	264
340	300	91	253
335	315	84	251
317	310	91	246
300	302	102	259
294	301	104	257
289	310	102	253
291	308	94	254
299	308	93	254
304	311	88	247
301	303	98	256
297	306	115	254
307	296	130	260
345	302	101	261
362	295	88	264
366	299	98	263
370	295	114	262
387	296	100	257
395	307	89	257
394	304	91	257
380	298	89	259
375	289	87	261
373	292	96	269
365	292	111	272
364	289	91	271
348	292	95	269
346	305	90	267
332	305	94	263
322	292	95	277
317	296	102	271
313	295	97	264
310	286	91	270
302	294	93	270
298	303	98	266
309	292	89	265
316	292	92	263
318	293	97	264
328	303	96	252
332	304	99	252
334	312	106	244
335	305	107	252
339	306	106	258
334	305	116	255
362	303	88	259
361	293	84	262
356	293	86	264
360	291	88	267
352	295	111	276
351	285	95	276
353	299	87	269
349	302	87	266
340	290	94	268
335	291	103	276
334	291	106	274
336	297	103	268
334	299	101	272
343	304	92	267
346	283	90	272
343	287	102	276
356	289	106	275
357	288	93	271
354	294	89	261
365	303	87	259
372	296	84	257
375	300	87	259
381	295	86	259
391	308	83	246
393	309	82	249
391	308	78	250
383	309	85	249
376	296	90	259
372	302	92	267
368	299	100	271
368	294	92	259
366	294	93	261
357	290	97	272
354	296	93	274
350	296	91	275
345	291	89	267
345	295	83	272
336	291	91	273
328	292	107	279
325	290	109	292
322	284	112	293
316	288	114	294
313	296	102	299
303	285	102	296
308	288	90	301
311	283	87	308
309	280	90	312
304	275	95	323
298	277	97	319
286	273	110	322
292	266	109	326
284	266	121	340
268	262	137	340
258	262	139	356
245	264	141	347
260	268	121	336
264	270	111	340
265	272	109	343
260	272	101	343
257	279	104	342
244	277	110	338
239	271	114	348
221	266	138	353
225	266	120	363
219	249	124	364
209	254	136	373
199	251	146	372
187	249	143	374
207	255	120	384
180	261	146	392
179	249	143	389
181	247	139	394
196	244	128	397
211	259	121	393
214	237	131	401
198	240	167	392
196	243	168	391
237	252	131	381
241	258	128	367
253	248	126	373
253	244	160	377
237	250	191	374
249	250	162	370
259	254	132	371
270	251	118	370
263	246	117	372
271	243	134	370
258	240	164	379
247	249	182	377
250	247	176	377
252	267	167	367
251	252	129	368
243	241	127	368
224	250	127	380
218	251	128	380
217	258	119	377
206	269	129	374
193	270	143	369
176	249	162	373
175	246	155	379
178	257	142	374
174	266	146	376
179	256	137	361
180	256	139	350
167	268	162	353
158	268	158	359
149	269	166	352
151	266	151	352
156	272	173	345
176	273	152	344
200	259	120	352
209	268	132	343
217	275	135	345
219	263	132	346
251	262	120	337
271	265	105	335
286	273	106	332
293	264	133	342
288	265	151	345
298	257	138	337
304	272	136	336
306	267	121	337
306	268	130	330
300	269	110	335
299	286	112	332
299	283	115	327
292	275	134	314
304	270	103	312
315	281	115	305
314	272	95	309
316	282	90	303
306	279	96	301
302	282	103	301
311	279	103	306
292	276	108	312
299	276	100	318
294	276	108	315
283	280	106	319
277	292	113	317
274	277	116	323
268	270	121	331
259	266	126	339
252	271	122	336
259	267	111	343
258	273	111	338
246	267	116	337
246	263	115	338
237	262	120	355
230	259	115	365
209	263	128	365
176	262	158	367
182	260	164	366
186	271	156	374
181	267	146	382
182	271	141	377
176	265	144	391
163	257	155	392
177	247	154	384
169	246	162	386
175	253	152	387
183	244	141	383
183	252	140	379
201	264	138	365
214	267	117	366
218	248	111	364
217	246	108	361
216	268	111	353
218	266	114	346
214	260	129	349
231	263	114	354
252	258	114	353
251	266	139	353
264	256	134	370
284	247	121	376
294	257	121	375
299	250	124	369
297	244	128	373
295	248	120	391
296	248	112	382
284	250	111	386
274	242	118	386
267	245	118	383
238	247	127	383
215	252	129	385
187	250	161	388
179	252	144	384
176	251	138	385
178	262	136	384
179	256	136	386
183	242	133	394
184	256	138	388
189	257	139	370
199	246	133	367
237	256	106	364
245	255	108	362
248	239	135	369
245	249	149	374
264	253	149	378
291	251	139	379
316	257	136	362
324	258	140	369
316	228	150	369
310	253	144	370
317	261	160	378
318	251	146	371
320	248	132	366
310	257	119	371
299	256	120	380
276	252	137	377
270	247	137	372
258	261	130	372
222	255	121	360
211	253	124	360
176	269	156	354
160	270	167	348
165	271	158	343
163	268	156	358
168	262	143	366
160	263	153	356
160	258	156	359
173	253	144	362
180	251	141	369
216	251	114	364
252	251	113	365
255	250	123	367
258	250	156	370
273	240	169	383
311	251	143	373
331	253	127	372
358	259	116	370
354	256	128	376
355	258	168	373
358	255	172	372
370	242	169	393
382	230	168	388
448	253	126	370
461	251	126	365
472	252	159	374
480	243	188	379
495	247	161	381
542	242	150	365
552	243	161	366
560	244	150	367
590	245	154	363
588	249	165	364
601	231	166	376
626	243	139	371
663	268	115	364
662	249	134	358
680	254	157	358
683	263	151	354
694	261	156	358
712	259	149	354
717	263	146	351
730	256	137	362
730	242	139	368
737	243	136	377
741	232	144	382
780	257	138	340
778	241	143	366
821	240	128	374
824	256	156	364
840	249	159	367
839	251	156	370
849	248	142	377
858	244	122	374
866	237	114	375
861	249	114	369
866	239	110	378
863	241	105	375
846	243	105	370
842	250	108	368
839	250	103	364
842	257	98	363
846	253	95	363
818	237	112	371
822	242	114	365
822	245	114	362
834	249	107	372
836	239	101	366
845	247	108	364
840	251	99	367
845	255	91	359
835	252	108	367
854	243	101	371
859	239	125	378
855	235	137	382
849	232	153	386
844	235	154	408
852	242	131	395
843	235	139	394
852	229	134	405
850	229	124	411
846	228	117	415
832	228	120	412
817	236	118	410
792	228	139	414
781	226	158	421
827	234	129	418
806	236	149	416
781	233	142	413
763	224	151	411
754	234	159	392
748	225	161	401
738	231	159	399
728	231	150	401
731	239	143	389
728	238	133	384
733	239	124	387
723	243	134	376
720	240	137	375
716	232	139	375
698	237	155	374
700	250	130	379
677	249	152	371
670	241	158	374
662	242	166	382
631	245	142	376
646	238	113	376
625	246	123	371
601	239	143	387
593	240	161	387
588	238	147	384
593	239	138	380
604	246	131	380
627	246	121	375
639	259	122	367
647	254	134	379
654	246	149	383
666	234	139	384
705	256	115	375
708	243	119	382
727	239	130	388
738	242	143	386
757	228	150	387
757	239	155	385
778	227	145	380
795	236	143	384
838	232	146	392
857	232	164	406
872	241	155	396
886	232	152	390
917	231	124	390
932	228	124	401
937	235	157	393
946	233	169	385
955	233	167	376
962	234	157	389
960	241	152	387
963	231	141	394
958	244	143	378
932	234	170	386
901	232	190	398
881	230	128	403
879	235	116	386
869	229	119	396
