0.119126
0.024895
0.025360
0.034563
0.024405
0.025763
0.025359
0.024335
0.024496
0.034320
0.024022
0.009526
0.024032
0.025334
0.025270
0.024810
0.028268
0.036636
0.024300
0.026750
0.028933
0.027477
0.026168
0.024929
0.010166
0.026380
0.024075
0.024572
0.025771
0.025764
0.024482
0.024701
0.023676
0.026209
0.023853
0.026111
0.025902
0.025742
0.024404
0.024154
0.025311
0.025554
0.023827
0.023842
0.025300
0.029107
0.024159
0.010158
0.010002
0.024500
0.025220
0.025374
0.024626
0.024616
0.025706
0.024170
0.024521
0.028004
0.024306
0.039897
0.030960
0.025979
0.024359
0.024236
0.025630
0.026057
0.024838
0.024329
0.026210
0.025936
0.024318
0.024296
0.025261
0.027719
0.024475
0.025614
0.025145
0.032137
0.030045
0.028242
0.033231
0.027711
0.025106
0.026973
0.024071
0.025213
0.024024
0.025032
0.023968
0.025196
0.024278
0.025084
0.032566
0.026847
0.030486
0.030372
0.048507
0.026761
0.026940
0.027809
0.033920
