0.121450
0.035145
0.023082
0.022786
0.023906
0.024011
0.022810
0.024016
0.023237
0.024372
0.023061
0.023198
0.023297
0.022990
0.023187
0.024523
0.023245
0.024461
0.023139
0.024367
0.026592
0.023188
0.024465
0.023570
0.024494
0.023395
0.023231
0.023181
0.024336
0.023025
0.022913
0.024399
0.024377
0.024361
0.024365
0.023050
0.023089
0.023130
0.023109
0.024676
0.029752
0.024257
0.023274
0.024599
0.024579
0.024375
0.024282
0.022922
0.028046
0.023231
0.024289
0.023408
0.024485
0.023181
0.023148
0.023184
0.023064
0.023090
0.022809
0.025028
0.029656
0.024290
0.024397
0.023122
0.023240
0.023109
0.023033
0.024151
0.024180
0.022892
0.023137
0.022973
0.022893
0.023007
0.023057
0.022963
0.023093
0.023050
0.022922
0.022738
