0.130738
0.025090
0.024029
0.024039
0.024223
0.023704
0.025307
0.025085
0.023797
0.025309
0.023610
0.025502
0.023743
0.023600
0.025326
0.025304
0.023661
0.025143
0.023561
0.025416
0.027386
0.023761
0.024040
0.022931
0.024041
0.024168
0.023044
0.023165
0.023106
0.024334
0.023095
0.024176
0.024154
0.023137
0.022308
0.024926
0.023913
0.025553
0.025223
0.024926
0.031931
0.023629
0.025292
0.025052
0.025249
0.023705
0.023662
0.025507
0.025499
0.025203
0.023574
0.023957
0.025645
0.024057
0.025290
0.028863
0.023734
0.025371
0.025528
0.025232
0.032454
0.024323
0.023164
0.022811
0.024184
0.023925
0.023103
0.024292
0.024795
0.023213
0.023234
0.023259
0.024923
0.024868
0.023253
0.024441
0.024133
0.022865
0.023035
0.022981
0.030688
0.024368
0.023157
0.024107
0.023882
0.024305
0.023146
0.023019
0.023152
0.023041
0.023068
0.024120
0.023468
0.022879
0.024320
0.023212
0.024562
0.022987
0.024465
0.022873
0.029587
0.023179
0.023255
0.023258
0.032940
0.023176
0.023110
0.023503
0.023799
0.024365
0.023180
0.024261
0.023211
0.022926
0.024423
0.024436
