0.124632
0.023318
0.022975
0.024092
0.023093
0.023325
0.023080
0.023012
0.023136
0.022445
0.022805
0.023079
0.022893
0.022846
0.022547
0.023874
0.022973
0.022881
0.024121
0.022975
0.025341
0.024213
0.024117
0.023313
0.023764
0.022636
0.022751
0.022688
0.022868
0.024215
0.023876
0.022824
0.022713
0.022721
0.022786
0.024056
0.022726
0.022770
0.022854
0.022888
0.029310
0.023136
0.025357
0.022998
0.024014
0.022738
0.022710
0.023750
0.024054
0.022700
0.023400
0.024059
0.022708
0.022643
0.022821
0.022917
0.023551
0.022854
0.022721
0.024210
0.029298
0.023079
0.024014
0.023896
0.023899
0.023911
0.022771
0.022744
0.022665
0.022774
0.022773
0.022829
0.023851
0.023789
0.022580
0.022707
0.022671
0.022113
0.022768
0.023324
0.029194
0.023950
0.023825
0.023949
0.022611
0.022629
0.023128
0.022967
0.023600
0.022811
0.022651
0.022336
0.022497
0.022842
0.023039
0.022886
0.024009
0.022764
0.022783
0.023007
