0.126541
0.024093
0.023865
0.023949
0.023897
0.023879
0.024964
0.023806
0.023602
0.025063
0.023733
0.023836
0.023701
0.023845
0.023511
0.023681
0.023882
0.025144
0.023845
0.023888
0.026216
0.024232
0.024379
0.025291
0.024880
0.023312
0.030342
0.024845
0.024770
0.023297
0.023132
0.026494
0.026539
0.026582
0.023296
0.023963
0.022921
0.024235
0.023077
0.022943
0.029544
0.022977
0.022887
0.023683
0.023618
0.023623
0.023806
0.024778
0.023985
0.025381
0.025306
0.023953
0.024970
0.024832
0.023659
0.024939
0.023623
0.028651
0.024017
0.025033
0.031760
0.024185
0.025072
0.025061
0.023784
0.023832
0.025364
0.025482
0.025591
0.025079
0.023926
0.024151
0.023885
0.023019
0.023716
0.024869
0.024660
0.024977
0.023741
0.025298
0.029303
0.025165
0.023069
0.025050
0.023955
0.025019
0.025193
0.024936
0.025042
0.023788
0.025072
0.024011
0.024477
0.024209
0.024424
0.024370
0.023134
0.024303
0.024442
0.024844
