0.121461
0.026319
0.026983
0.028413
0.026644
0.026364
0.041487
0.025942
0.025960
0.026422
0.027235
0.026564
0.026160
0.026969
0.025672
0.027786
0.026126
0.012760
0.026424
0.012241
0.011111
0.027540
0.027862
0.028729
0.027286
0.025996
0.025703
0.027256
0.027683
0.026445
0.026469
0.011903
0.026329
0.025387
0.025565
0.010976
0.011860
0.026977
0.027153
0.027018
0.012083
0.027020
0.011264
0.011368
0.012645
0.011407
0.011116
0.011066
0.027643
0.025704
0.012181
0.027065
0.026721
0.026413
0.027972
0.025662
0.025720
0.026519
0.025012
0.025101
0.031773
0.025221
0.025055
0.026289
0.025186
0.025125
0.026091
0.026700
0.025290
0.030227
0.026485
0.026608
0.026448
0.025470
0.026867
0.025923
0.026914
0.025308
0.025158
0.028943
0.028747
0.030321
0.029228
0.028920
0.025685
0.030230
0.026291
0.025236
0.028665
0.026113
0.029905
0.024982
0.028572
0.026166
0.025166
0.029845
0.025289
0.027169
0.027330
0.025967
0.032043
0.026554
0.025342
0.025539
0.026823
0.026837
0.026829
0.025397
0.025595
0.029446
0.028972
0.011358
0.025352
0.026522
0.025314
0.027405
0.025571
0.025613
0.025395
0.026102
0.032098
0.029141
0.024904
0.028697
0.025214
0.026380
0.025037
0.025015
0.025128
0.024881
0.025074
0.026058
0.024995
0.024995
0.024677
0.024869
0.026270
0.025465
0.025712
0.010952
0.033794
0.026852
0.025108
0.026218
0.025357
0.026283
0.026329
0.026894
0.025589
0.025351
0.026452
0.026075
0.025952
0.025340
0.025248
0.025260
0.026345
0.026223
0.026264
0.026076
0.030535
0.027748
0.027620
0.025494
0.025188
0.024034
0.025504
0.010584
0.010600
0.025626
0.024182
0.024696
0.025783
0.025956
0.024264
0.025481
0.025371
0.024029
0.023883
0.024208
0.032827
0.025814
0.025457
0.024340
0.025380
0.025137
0.027740
0.024233
0.026555
0.025521
0.024179
0.025406
0.024149
0.025675
0.024190
0.024636
0.029450
0.024480
