0.118435
0.023768
0.026326
0.025766
0.025928
0.029184
0.023842
0.023584
0.024069
0.043469
0.024599
0.023585
0.023829
0.025878
0.027140
0.026755
0.025979
0.026195
0.025848
0.026223
0.028148
0.026376
0.023709
0.026042
0.025801
0.026004
0.023523
0.023570
0.026155
0.023642
0.023477
0.023541
0.025833
0.010895
0.010778
0.010557
0.010846
0.010686
0.010368
0.010588
0.010887
0.010421
0.010497
0.011521
0.013257
0.024745
0.011085
0.009211
0.009492
0.009838
0.008625
0.008657
0.008666
0.008694
0.008729
0.008678
0.008663
0.008798
0.009120
0.008609
0.009162
0.009161
0.009179
0.009610
0.008887
0.024892
0.024248
0.025340
0.026231
0.027223
0.058016
0.024030
0.040265
0.016205
0.016419
0.041476
0.018034
0.033155
0.133410
0.092057
0.030123
0.022347
0.028938
0.026316
0.025578
0.025753
0.026929
0.025988
0.025516
0.025790
