0.119453
0.023744
0.024394
0.024402
0.023692
0.023662
0.023696
0.025966
0.023863
0.037281
0.023596
0.023654
0.023814
0.023592
0.024357
0.023804
0.023820
0.023880
0.023966
0.024204
0.025213
0.023901
0.023529
0.023465
0.036506
0.023794
0.023661
0.023877
0.026035
0.023781
0.024860
0.024103
0.024287
0.024060
0.024126
0.024102
0.024211
0.024024
0.024231
0.025068
0.030910
0.024064
0.024173
0.024040
0.023889
0.024017
0.024268
0.024134
0.023960
0.023557
0.023467
0.023282
0.032613
0.023081
0.023242
0.023245
0.031218
0.029357
0.025639
0.023104
0.031365
0.030441
0.022986
0.023158
0.023226
0.022821
0.023082
0.022690
0.023089
0.022933
0.023081
0.023158
0.023211
0.023007
0.023945
0.023830
0.044139
0.024557
0.036159
0.023830
0.030171
0.023685
0.023694
0.023859
0.023695
0.023937
0.023818
0.035974
0.037630
0.024075
0.023862
0.027146
0.024095
0.023739
0.023793
0.023381
0.024287
0.023715
0.023849
0.023691
0.029902
0.023713
0.023798
0.033270
0.023769
0.023878
0.023552
0.023766
0.023927
0.023687
0.023595
0.024596
0.024383
0.023859
0.023963
0.023579
0.023692
0.023908
0.023665
0.023827
0.030181
