0.119605
0.024450
0.024188
0.028769
0.024531
0.024783
0.023142
0.024140
0.024170
0.024314
0.024106
0.024378
0.024126
0.024303
0.024025
0.023835
0.023706
0.023911
0.023789
0.024017
0.026135
0.024299
0.023917
0.023806
0.023827
0.023715
0.023863
0.023728
0.023652
0.023563
0.023625
0.023618
0.023723
0.023596
0.023853
0.023644
0.024075
0.023827
0.026628
0.023923
0.030192
0.023664
0.024158
0.025027
0.024163
0.023819
0.023975
0.023675
0.022545
0.023615
0.024585
0.023665
0.023694
0.023700
0.024138
0.023543
0.023543
0.023851
0.023703
0.023957
0.029881
0.025115
0.023320
0.024002
0.023337
0.023166
0.023096
0.023155
0.023196
0.023113
0.023180
0.023168
0.022939
0.022924
0.022822
0.021734
0.022922
0.024090
0.023936
0.023840
0.030100
0.024013
0.024883
0.024508
0.023930
0.023819
0.023635
0.023520
0.023954
0.023884
0.023730
0.023876
0.024053
0.023907
0.023943
0.024042
0.024038
0.023746
0.023996
0.023809
0.030372
0.024064
0.023700
0.024011
0.023631
0.023679
0.023983
0.023918
0.024228
0.023887
0.023765
0.024026
0.023865
0.023866
0.023434
0.023586
0.023950
0.023784
0.023486
0.024032
0.030159
0.024351
0.024236
0.024200
0.023833
0.024019
0.023636
0.023774
0.023716
0.024044
0.023723
0.023522
0.023541
0.023768
0.023552
0.023639
0.023515
0.023643
0.023576
0.023459
0.029842
0.023659
0.024248
0.023551
0.023721
0.023836
0.023651
0.023948
0.024039
0.023797
0.023771
0.023555
0.023609
0.023705
0.023714
0.023812
0.023340
0.023620
0.023844
0.023747
0.030424
0.024563
0.023838
0.023725
0.023952
0.023736
0.023746
0.023910
0.024296
0.024141
0.023559
0.023577
0.024038
0.024030
0.024278
0.024206
0.023646
0.023831
0.023507
0.023771
0.030093
0.023752
0.023953
0.023631
0.023837
0.023612
0.023769
0.023813
0.023697
