0.124028
0.023719
0.023976
0.025904
0.025947
0.025599
0.024219
0.024002
0.023966
0.023916
0.024958
0.023826
0.024099
0.025622
0.023957
0.025207
0.023956
0.023767
0.023834
0.023507
0.026253
0.023615
0.025126
0.023759
0.023900
0.023896
0.023873
0.023937
0.037861
0.025049
0.023973
0.023757
0.039642
0.024041
0.024602
0.024640
0.024021
0.041793
0.028497
0.024872
0.009021
0.024690
0.023825
0.023769
0.027713
0.027041
0.026935
0.028649
0.023933
0.023787
0.024803
0.023675
0.023812
0.023716
0.025310
0.023702
0.024871
0.023503
0.023850
0.023932
0.030601
0.023423
0.024215
0.028448
0.023997
0.025267
0.025447
0.024506
0.023973
0.024041
0.025399
0.023812
0.023852
0.025445
0.027737
0.023862
0.024193
0.027660
0.023476
0.023679
0.023717
0.028670
0.027735
0.027238
0.027498
0.023789
0.025374
0.027474
0.028843
0.027363
0.023781
0.023751
0.023783
0.027295
0.025365
0.023825
0.025224
0.027815
0.044382
0.028343
0.027805
