0.122688
0.023734
0.023757
0.023844
0.023752
0.023649
0.024383
0.023559
0.025565
0.025485
0.025899
0.026358
0.029445
0.025147
0.025398
0.027449
0.025765
0.025047
0.025493
0.025296
0.028089
0.025433
0.025574
0.025188
0.028079
0.026190
0.027242
0.025239
0.024797
0.024938
0.025285
0.024832
0.025212
0.025821
0.025658
0.025913
0.025967
0.025728
0.025578
0.025624
0.032070
0.026037
0.026039
0.026288
0.026190
0.025951
0.026280
0.026216
0.025970
0.023712
0.024093
0.024196
0.023631
0.023767
0.023797
0.026359
0.026193
0.023449
0.025759
0.025458
0.031841
0.026074
0.026269
0.045001
0.026561
0.026058
0.025643
0.025217
0.031095
0.025616
0.029205
0.025541
0.025411
0.029154
0.026081
0.025802
0.025130
0.025438
0.025812
0.025957
0.054110
0.026067
0.027724
0.026141
0.025732
0.025390
0.025818
0.071524
0.026031
0.025827
0.025870
0.025710
0.025808
0.025384
0.025999
0.026394
0.025783
0.025710
0.025826
0.025517
0.032067
0.025838
0.025429
0.025218
0.025912
0.025694
0.029313
0.029114
0.029240
0.032035
