0.117663
0.023991
0.028667
0.023889
0.023859
0.025973
0.026230
0.025914
0.023614
0.023356
0.025918
0.023747
0.024018
0.025987
0.024179
0.024358
0.026238
0.023921
0.023903
0.023885
0.023812
0.025083
0.023497
0.023613
0.024962
0.025461
0.023788
0.023459
0.023581
0.023659
0.024929
0.025185
0.024858
0.023089
0.034211
0.026634
0.026548
0.026443
0.023616
0.026577
0.029943
0.023669
0.026917
0.023598
0.026913
0.023757
0.027084
0.023710
0.023696
0.023538
0.023435
0.027347
0.024602
0.023960
0.028047
0.023765
0.023780
0.023223
0.026627
0.023184
0.026974
0.026742
0.026668
0.027043
0.029227
0.026769
0.026905
0.023895
0.024578
0.023552
0.027129
0.023346
0.026935
0.023549
0.027172
0.026948
0.027950
0.023551
0.027232
0.026930
0.027054
0.023715
0.026986
0.027236
0.023494
0.026865
0.027733
0.024475
0.024677
0.027241
0.026956
0.023522
0.023768
0.023317
0.026890
0.026952
0.026796
0.027184
0.027196
0.036270
