1.302237
0.031356
0.025988
0.029160
0.026482
0.026328
0.027634
0.026579
0.027554
0.025483
0.027935
0.026363
0.026297
0.023522
0.028825
0.029315
0.028140
0.028655
0.027493
0.029024
0.028941
0.025234
0.024337
0.023954
0.024008
0.025812
0.023881
0.025290
0.025313
0.025488
0.023735
0.026939
0.029323
0.024402
0.024536
0.024509
0.023337
0.023360
0.024914
0.024707
0.030267
0.023445
0.025099
0.024623
0.024471
0.023569
0.024563
0.024588
0.023497
0.023661
0.023514
0.024702
0.023278
0.023494
0.024639
0.024625
0.024394
0.024672
0.025418
0.023548
0.030027
0.023948
0.023787
0.025084
0.024844
0.024426
0.024214
0.024540
0.023788
0.025204
0.025232
0.023525
0.024778
0.024800
0.024262
0.024597
0.023380
0.024614
0.023372
0.024555
0.030006
0.025106
