0.119830
0.023776
0.023395
0.023787
0.025773
0.023564
0.023624
0.024221
0.024552
0.024284
0.024389
0.024388
0.024505
0.023299
0.024327
0.024293
0.024618
0.024932
0.024462
0.023812
0.025333
0.023120
0.023352
0.024117
0.024152
0.023462
0.023308
0.023767
0.024133
0.023959
0.024104
0.023767
0.027324
0.024765
0.025260
0.025246
0.024824
0.024203
0.024295
0.024393
0.030407
0.025237
0.025609
0.025923
0.025190
0.025319
0.034383
0.026451
0.025739
0.025152
0.025643
0.025597
0.034279
0.026317
0.025116
0.024790
0.025184
0.025120
0.025245
0.025548
0.031594
0.024813
0.025540
0.025295
0.025553
0.025221
0.025146
0.024899
0.024572
0.024878
0.024613
0.028298
0.027573
0.023517
0.027853
0.028049
0.024965
0.025358
0.025050
0.024631
0.028126
0.024398
0.028070
0.024814
0.024230
0.024258
0.024253
0.024313
0.023726
0.023253
0.027535
0.023815
0.027002
0.023562
0.033353
0.023641
0.024742
0.024693
0.024700
0.027432
0.031207
