0.117469
0.038924
0.023762
0.023560
0.023353
0.023010
0.023154
0.021936
0.023146
0.023458
0.023512
0.023811
0.024511
0.032916
0.023422
0.023793
0.023345
0.024487
0.024788
0.024413
0.027143
0.023890
0.023630
0.022968
0.023254
0.023634
0.023318
0.023126
0.023301
0.023027
0.023068
0.023167
0.023165
0.023208
0.023753
0.023441
0.023310
0.023317
0.023767
0.023679
0.029852
0.023081
0.023427
0.023335
0.023019
0.008843
0.023133
0.023162
0.023523
0.023660
0.023397
0.023949
0.023053
0.023448
0.023718
0.024441
0.024410
0.024326
0.024253
0.009313
0.009058
0.009109
0.008982
0.008900
0.024209
0.024459
0.024671
0.009484
0.009509
0.024351
0.009455
0.009309
0.009238
0.024387
0.024222
0.024685
0.024332
0.024315
0.024538
0.024247
0.030649
0.024295
0.024308
0.024426
0.023994
0.024657
0.023980
0.024248
0.023991
0.024094
0.024129
0.024174
0.025303
0.023379
0.024047
0.023962
0.024039
0.024120
0.024096
0.024113
0.030877
