488	112	424	467
504	133	407	451
477	126	447	448
496	144	432	435
504	139	432	433
505	137	438	429
507	129	442	430
468	123	463	453
438	129	481	450
423	145	493	452
468	144	443	435
476	145	420	436
448	118	428	452
415	146	454	442
384	140	472	440
371	149	463	439
391	137	470	442
415	132	458	436
393	142	452	444
398	141	457	439
401	109	445	452
418	134	427	441
431	134	418	424
435	147	411	414
432	124	409	427
433	133	436	427
434	126	440	425
461	138	438	425
469	137	456	419
480	162	449	413
481	149	449	415
480	139	449	436
490	138	456	435
482	115	462	451
481	137	457	417
464	141	455	420
469	136	437	415
514	124	401	462
482	124	416	463
478	118	425	459
498	126	410	446
486	130	426	440
480	132	439	437
523	138	422	435
528	144	421	444
513	139	426	464
504	118	439	477
531	138	390	473
526	141	394	472
538	143	361	481
504	131	388	481
512	116	397	484
517	130	418	492
465	134	459	479
459	143	468	462
446	135	481	482
428	131	492	468
491	120	442	480
479	122	462	476
471	114	474	486
474	110	455	478
473	137	466	474
478	117	469	493
480	110	468	505
460	105	489	509
443	115	502	508
439	130	509	500
451	152	505	478
467	136	506	479
458	118	514	485
461	105	506	535
439	103	516	505
443	109	504	493
423	121	519	520
439	131	508	508
428	119	509	518
416	107	522	529
402	97	551	539
390	112	560	519
391	117	561	515
389	121	578	517
434	118	561	520
465	116	550	531
472	94	535	512
474	87	528	503
465	84	539	522
460	101	552	539
454	92	553	530
466	88	544	542
454	93	561	546
432	86	576	582
402	95	596	550
411	88	588	532
397	116	600	502
438	115	559	507
447	113	555	506
459	115	539	500
428	104	564	505
429	102	567	505
452	104	543	523
