537	225	199	422
546	221	183	439
563	211	155	453
572	224	144	451
572	232	144	442
574	222	142	452
577	218	143	445
581	220	139	458
581	214	142	466
582	219	135	451
571	222	147	454
558	228	168	463
565	224	163	440
551	217	180	422
553	210	176	422
565	212	154	418
568	213	153	403
576	222	120	396
582	237	130	395
563	236	153	401
560	237	164	376
555	226	173	371
552	234	169	366
554	223	171	364
552	226	169	367
552	230	172	359
547	246	184	389
574	246	158	372
577	237	153	362
600	244	136	344
566	231	167	352
571	225	162	336
556	231	171	347
570	227	146	352
557	221	158	346
550	230	173	334
537	232	186	331
542	227	166	345
534	229	168	353
528	233	153	351
509	243	159	345
462	227	184	346
417	245	219	342
413	237	204	342
398	226	182	359
379	215	177	358
371	222	169	360
364	226	164	365
352	231	162	359
354	240	147	353
318	237	167	355
313	236	177	352
310	229	151	352
306	220	148	362
301	228	149	359
300	232	155	356
309	232	148	353
309	232	147	350
319	222	140	356
327	230	135	351
342	241	133	340
354	245	128	330
375	237	127	338
394	234	120	335
401	224	133	340
406	235	163	333
413	242	188	343
454	228	144	351
466	228	139	339
501	230	141	344
491	223	168	346
522	227	149	341
528	242	152	344
547	243	162	337
549	236	179	345
549	222	190	354
592	214	165	364
627	210	134	371
636	220	135	366
646	216	134	369
654	217	154	363
654	217	149	370
657	214	151	371
661	208	145	387
669	221	163	399
676	218	157	386
681	222	142	388
694	232	127	387
692	231	133	382
693	232	139	387
686	226	147	424
689	233	141	413
692	223	139	421
685	224	145	427
686	252	141	445
686	250	150	443
681	246	157	451
693	256	152	441
708	233	151	462
710	214	160	476
726	210	164	482
733	223	162	497
751	222	233	476
751	221	236	496
742	204	232	512
741	222	193	505
713	214	201	508
709	210	178	516
678	187	194	511
665	206	188	515
657	203	190	509
634	229	168	490
645	231	176	494
610	223	172	492
601	215	169	495
596	220	173	485
609	208	150	481
644	212	137	464
650	221	156	449
655	223	158	460
656	218	157	459
667	225	151	445
660	223	152	443
662	233	152	439
645	229	140	457
614	206	161	465
579	210	193	478
579	216	190	480
617	219	151	464
634	224	139	468
645	222	136	462
647	211	140	472
655	222	145	456
671	227	131	445
684	224	122	425
688	219	141	430
689	223	141	439
687	222	148	432
683	239	146	409
679	219	154	396
679	226	154	385
687	233	139	382
690	226	127	384
688	229	125	378
691	220	116	363
684	231	142	350
684	244	126	326
682	245	121	324
675	245	114	326
660	235	131	328
648	258	128	313
630	242	127	319
629	238	126	320
624	245	117	323
621	244	125	323
627	251	119	324
628	240	116	333
626	234	118	348
642	234	109	332
648	238	101	333
651	244	109	335
660	250	116	330
651	249	112	320
658	256	100	311
643	249	111	317
620	240	132	329
607	232	129	339
601	233	123	327
577	233	136	326
574	222	143	346
548	228	178	338
552	229	168	345
558	221	156	350
559	207	157	352
559	220	159	359
558	221	167	360
587	223	142	363
588	222	151	379
619	248	129	357
620	232	135	361
627	227	124	358
635	227	123	369
648	243	121	371
654	243	125	362
654	221	133	373
669	216	140	388
671	219	152	379
693	253	142	353
737	266	120	338
758	237	116	346
781	229	152	357
788	221	132	364
793	218	131	369
793	227	172	381
821	241	169	363
821	231	163	377
828	239	162	381
843	236	139	369
827	232	164	378
826	223	172	372
829	223	161	372
849	221	138	367
850	230	132	363
851	226	145	352
809	225	175	371
777	237	187	383
784	230	167	383
766	239	170	376
752	233	187	379
723	221	193	390
698	216	179	388
694	234	147	394
691	225	114	365
679	240	123	347
651	244	126	345
629	229	143	356
614	221	153	366
581	212	168	363
555	230	168	350
567	242	127	341
547	242	138	340
522	243	153	343
513	236	148	341
501	233	151	336
507	231	138	354
500	230	136	355
498	230	147	352
501	225	140	357
501	220	156	353
503	215	140	358
508	219	140	368
520	229	125	363
527	227	130	357
532	239	129	372
530	221	131	393
531	224	127	402
529	243	128	438
528	238	137	435
528	219	135	421
513	207	143	426
493	210	163	454
495	222	167	452
524	218	155	450
525	226	152	468
530	203	149	492
531	212	144	488
531	209	144	487
522	228	147	481
521	228	151	468
522	231	153	454
518	223	145	458
511	219	147	460
512	213	159	460
527	221	142	448
533	224	145	431
533	214	148	443
536	211	148	445
540	220	150	437
545	226	153	422
548	210	150	425
557	215	148	380
559	219	151	375
555	221	157	377
554	225	162	379
557	238	162	369
567	246	149	358
571	251	148	354
569	241	144	357
582	225	134	339
582	222	141	344
574	211	171	358
577	210	167	356
612	226	137	344
611	213	150	344
634	231	126	328
647	233	119	325
651	230	134	337
665	246	132	327
668	254	136	333
681	235	145	352
697	246	155	329
720	257	150	332
741	250	179	331
753	250	199	341
768	256	198	320
810	241	171	335
812	246	184	324
834	232	172	335
850	231	166	335
882	232	136	337
877	233	167	337
867	245	186	322
897	237	156	330
929	244	141	314
941	253	154	298
944	260	161	293
961	248	157	311
981	239	149	309
999	252	141	316
1010	250	141	318
1024	250	138	333
1026	255	171	336
1030	252	170	353
1029	247	177	361
1025	259	158	335
1016	249	153	348
1004	252	157	356
994	249	137	363
971	245	154	362
950	245	154	365
923	249	163	342
904	257	176	330
864	257	200	336
866	260	185	328
873	255	166	326
871	256	164	325
875	249	165	334
873	234	183	348
904	243	160	350
891	241	177	351
881	247	180	346
877	234	160	351
862	235	158	353
849	229	164	354
831	233	172	331
810	231	184	345
802	230	153	350
791	236	135	324
772	239	155	340
749	226	149	351
716	240	150	348
707	240	149	343
698	246	126	338
683	240	130	332
658	240	138	335
626	228	158	345
601	224	162	342
571	227	150	353
556	233	183	343
557	243	187	343
530	244	172	340
521	238	196	349
500	240	145	357
501	253	133	348
513	236	123	363
520	243	124	355
518	262	124	347
517	266	127	339
524	257	122	340
518	223	134	333
508	235	132	333
518	247	128	322
501	256	135	291
491	250	147	309
477	242	143	319
469	247	132	315
453	254	132	340
467	252	122	336
463	244	133	342
473	233	119	348
471	235	129	354
478	234	125	357
504	233	156	359
514	234	148	354
522	236	145	353
521	235	158	362
536	239	165	350
565	236	145	355
578	246	149	353
585	239	161	359
589	234	152	356
600	219	147	357
606	219	138	360
606	210	143	365
616	232	133	360
626	234	120	349
621	236	150	342
609	230	144	343
607	233	140	347
605	220	143	343
598	233	148	327
606	236	136	312
610	233	124	312
613	229	111	312
615	233	121	310
625	244	111	294
628	248	99	268
629	254	92	268
622	251	95	264
615	245	99	274
616	227	98	292
607	227	105	287
613	236	99	283
623	241	94	279
625	249	97	270
617	243	111	265
619	235	112	280
631	233	100	291
622	234	107	295
623	227	107	304
622	227	106	311
632	232	100	311
636	234	93	317
628	224	107	332
624	237	128	328
607	234	147	330
604	225	136	336
600	237	130	345
621	234	142	348
582	240	145	343
589	256	139	329
587	258	146	334
589	248	149	344
617	235	126	376
629	250	126	379
637	238	130	389
644	222	150	394
653	227	155	394
660	229	160	391
674	243	157	391
682	236	151	393
698	235	148	387
714	242	150	386
726	239	163	385
760	235	140	386
766	257	193	370
785	246	241	368
811	240	241	379
847	239	208	371
864	234	210	367
884	231	196	372
901	236	210	365
926	250	180	357
941	247	161	360
944	255	164	355
958	244	146	355
966	247	157	364
969	252	166	348
973	254	157	348
967	247	162	361
971	242	156	367
971	243	145	380
964	227	146	377
962	227	144	374
944	235	167	376
941	238	155	369
898	232	165	392
876	224	166	387
864	219	163	390
858	211	160	398
812	228	185	376
774	239	196	374
771	225	166	375
764	217	136	371
758	216	140	371
732	241	138	363
688	234	165	363
662	253	174	347
663	256	158	352
654	252	155	351
632	229	146	367
625	209	144	369
617	212	137	372
605	206	153	368
597	216	140	363
598	222	150	363
583	223	146	376
588	227	135	370
588	222	142	365
589	220	133	357
581	235	144	350
571	234	163	353
563	251	127	329
571	262	136	306
539	250	122	321
562	251	152	315
548	242	160	308
551	244	165	298
551	243	174	300
554	251	172	292
550	250	177	284
538	246	130	286
543	245	108	274
548	251	93	277
539	249	96	274
541	246	89	266
534	239	91	268
536	245	91	268
537	242	95	267
539	237	95	265
552	245	98	265
562	247	101	263
570	243	106	264
583	244	99	262
600	248	90	258
608	256	104	252
619	251	101	256
631	265	99	253
640	267	103	254
639	261	110	262
629	263	112	271
630	251	99	276
625	256	99	272
623	254	99	285
615	248	108	295
612	245	101	297
608	241	106	305
623	246	103	299
636	253	93	289
630	259	105	294
636	252	115	305
640	258	115	294
638	261	115	295
632	262	110	301
622	246	112	302
609	230	115	321
606	234	113	329
594	237	118	331
583	239	120	329
595	224	103	332
579	232	108	346
579	227	108	345
570	227	121	357
561	231	141	365
563	233	133	369
561	234	137	364
565	227	124	383
561	236	124	391
562	213	127	392
552	218	136	392
559	233	153	395
546	227	183	401
567	230	167	403
560	227	158	421
568	235	155	414
596	229	142	411
595	222	156	420
589	239	171	397
610	253	144	369
580	246	173	373
586	242	158	374
549	238	182	371
538	242	155	358
550	235	144	362
539	242	146	365
528	238	160	370
529	243	148	365
534	235	139	362
537	240	147	372
548	238	150	379
549	230	154	382
576	240	141	372
570	225	148	393
584	228	156	383
602	237	140	368
613	246	143	346
619	237	136	346
617	231	139	372
619	233	138	361
643	254	107	340
646	250	102	318
638	251	107	318
637	244	108	317
626	233	112	317
626	241	105	318
622	246	106	321
619	244	107	327
607	255	116	322
595	236	127	322
576	241	137	327
559	237	153	334
529	240	140	346
533	241	111	336
519	238	110	337
491	235	117	346
464	233	137	340
425	226	169	348
405	230	179	348
384	220	175	355
381	238	144	346
362	240	163	334
357	237	158	335
338	241	158	355
358	225	148	360
344	226	146	364
332	226	165	363
338	229	160	346
339	230	156	344
342	237	159	346
356	228	159	352
384	226	141	355
413	233	125	351
402	208	152	348
444	219	128	356
446	221	158	351
456	225	157	354
488	243	135	347
524	219	117	346
533	236	133	340
530	241	165	341
546	225	180	361
578	218	181	359
596	233	154	341
613	241	155	323
617	243	171	352
636	245	182	347
649	250	168	337
657	257	161	330
652	252	149	298
685	247	139	325
687	243	148	326
681	246	138	309
672	255	125	302
667	252	129	315
678	243	142	324
647	254	132	308
662	259	144	298
635	260	121	301
641	259	110	291
652	253	105	298
646	258	108	287
648	260	106	284
643	248	113	286
651	248	116	282
656	250	122	283
675	245	141	290
678	245	146	287
670	255	146	274
672	240	151	280
679	248	147	285
674	247	148	282
673	248	158	268
675	246	164	273
670	256	152	272
683	241	119	275
695	249	141	279
699	247	150	289
688	244	131	301
688	242	101	283
691	239	100	287
692	238	103	288
688	233	117	301
683	244	121	300
691	231	124	327
687	239	129	316
685	241	123	317
688	236	117	323
679	230	133	344
676	247	133	341
668	249	139	337
672	232	146	354
665	225	153	359
672	225	146	361
638	210	154	350
647	224	147	343
650	228	148	345
651	213	134	369
645	213	128	368
653	207	133	371
639	226	128	360
638	220	123	362
