0.127126
0.024606
0.026244
0.028069
0.029633
0.024385
0.024536
0.024481
0.024492
0.024289
0.025831
0.031081
0.026058
0.025924
0.024426
0.025907
0.025980
0.026576
0.026064
0.030704
0.028341
0.026030
0.025740
0.026249
0.026150
0.026043
0.027862
0.025926
0.026064
0.026212
0.026397
0.026326
0.027677
0.025277
0.026367
0.026363
0.026520
0.024509
0.026009
0.026132
0.032664
0.028390
0.024656
0.026005
0.026132
0.026062
0.029928
0.029593
0.027584
0.028411
0.024378
0.026124
0.035649
0.025939
0.026145
0.038975
0.026868
0.026742
0.026827
0.041435
0.030126
0.023451
0.023827
0.023266
0.023199
0.023740
0.024146
0.024256
0.023132
0.029734
0.027854
0.029375
0.030784
0.029823
0.029671
0.026831
0.026145
0.025869
0.026127
0.029504
0.032306
0.028544
0.024634
0.026144
0.025672
0.025511
0.025879
0.029111
0.024306
0.024158
0.025957
0.025873
0.026672
0.025940
0.025699
0.025891
0.029083
0.036431
0.025934
0.025827
0.032100
