0.126362
0.023937
0.023763
0.025118
0.023903
0.025647
0.025026
0.021785
0.028547
0.023369
0.025761
0.025124
0.027870
0.033919
0.025103
0.025136
0.023879
0.023350
0.026124
0.023227
0.026801
0.024965
0.024809
0.023697
0.024532
0.023572
0.024874
0.033817
0.023567
0.023759
0.023685
0.023649
0.024863
0.025323
0.023571
0.023309
0.025191
0.024089
0.024705
0.023570
0.028386
0.023634
0.024268
0.024544
0.024702
0.024699
0.024439
0.027752
0.023335
0.023289
0.023307
0.037879
0.025923
0.027331
0.025763
0.026269
0.026023
0.029788
0.029888
0.023682
0.028736
0.023687
0.024773
0.025234
0.023649
0.027512
0.023941
0.025346
0.024225
0.025253
0.024593
0.025074
0.023775
0.024753
0.023246
0.024542
0.024400
0.024893
0.024297
0.024449
0.031074
0.024711
0.024867
0.025311
0.025134
0.024243
0.023883
0.023465
0.024666
0.023619
0.026612
0.023689
0.023655
0.028708
0.031565
0.029904
0.026384
0.027904
0.028030
0.024687
0.027228
