0.125789
0.032766
0.025722
0.025288
0.023527
0.024110
0.025334
0.023999
0.023757
0.023899
0.024913
0.023715
0.024987
0.024656
0.023465
0.023715
0.024852
0.024204
0.025089
0.023826
0.026019
0.023114
0.023645
0.023889
0.025035
0.024181
0.023724
0.023618
0.023982
0.023900
0.023580
0.023679
0.023676
0.025182
0.024161
0.024884
0.024060
0.024044
0.023806
0.024049
0.033159
0.023824
0.023668
0.025001
0.023425
0.024483
0.023969
0.024401
0.023029
0.023159
0.023804
0.023153
0.024260
0.023127
0.023312
0.023109
0.022842
0.024335
0.024298
0.024388
0.029705
0.024040
0.022867
0.022978
0.023090
0.022896
0.022942
0.022561
0.024441
0.023160
0.023078
0.024211
0.022921
0.023081
0.023485
0.023303
0.023445
0.023709
0.024310
0.024414
0.029491
0.022826
0.024297
0.022864
0.022970
0.023052
0.023018
0.024258
0.024112
0.024260
0.024127
0.024197
0.022997
0.022979
0.024283
0.023170
0.022791
0.023010
0.024428
0.023043
0.029614
0.024103
0.022763
0.023421
0.023142
0.024451
0.023080
0.024398
0.024142
0.024503
0.023176
0.022968
0.025242
0.024824
0.024597
0.022890
0.023035
0.023216
0.024514
0.023393
0.030947
0.023013
0.024088
0.024041
0.024082
0.023167
0.023231
0.023165
0.023054
0.023136
0.024281
0.024348
0.024085
0.024745
0.024457
0.024283
0.024043
0.024023
0.023275
0.024217
0.029404
0.022821
0.024374
0.023072
0.023103
0.024258
0.022803
0.024630
0.024907
0.025062
0.024409
0.023165
0.023248
0.024455
0.024483
0.023244
0.024399
0.023244
0.037601
0.024614
0.030946
0.024976
0.024127
0.023962
0.023908
0.023880
0.024842
0.023691
0.023600
0.024762
0.024584
0.023532
0.023615
0.023869
0.023656
0.024129
0.024220
0.023563
0.023496
0.024628
0.031144
0.023520
0.023916
0.024090
0.024718
0.023522
0.023484
0.023298
0.023426
0.024316
0.024995
0.024888
0.023747
0.025003
0.023705
0.023559
0.023743
0.023721
0.023587
0.023354
0.030094
0.023905
0.024026
0.024049
0.023833
0.023649
0.023983
0.024049
0.023774
0.023819
0.023614
0.023638
0.023485
0.023612
0.023762
0.023600
0.023610
0.023496
0.024449
0.024206
0.030342
0.025164
0.023895
0.023745
0.023923
0.023729
0.024101
0.023831
0.023540
0.025048
0.025064
0.023425
0.024848
0.023905
0.025263
0.024020
0.023783
0.023694
0.024830
0.023739
0.030514
0.023616
0.023674
0.023782
0.024993
0.023635
0.023778
0.023761
0.023797
0.023742
0.023848
0.023783
0.023645
0.023403
0.024447
0.023628
0.023528
0.023715
0.023492
0.023350
0.030342
0.023743
0.023614
0.023551
0.023769
0.023740
0.024939
0.023491
0.024807
0.023562
0.024453
0.022927
0.022893
0.022861
0.022925
0.023155
0.024660
0.022994
0.022945
0.022847
0.031224
0.023122
0.022906
0.022974
0.024737
0.023398
0.023040
0.022846
0.022784
0.022797
0.025325
0.023335
0.023208
0.023529
0.023178
0.023115
0.023016
0.025378
0.024884
0.033476
0.030133
0.024741
0.023286
0.023569
0.023558
0.023726
0.024205
0.023450
0.024599
0.023358
0.024553
0.023160
0.024251
0.024600
0.024634
0.024506
0.023599
0.023572
0.023750
0.023839
0.030901
0.025265
0.025672
0.025811
0.023142
0.024163
0.023412
0.023487
0.023390
0.023362
0.024732
0.023492
0.024147
0.024620
0.023473
0.023380
0.024397
0.023193
0.024554
0.025227
0.030121
0.024538
0.023146
0.023205
0.023597
0.023353
0.024274
0.025669
0.025529
0.024460
0.024343
0.025442
0.025861
0.024721
0.023651
0.024888
0.023772
0.024280
0.024008
0.023746
0.031758
0.024267
0.023699
0.023833
0.023672
0.023489
0.023357
0.023384
0.024434
0.024541
0.023146
0.024488
0.023564
0.024899
0.023587
0.023590
0.024537
0.024731
0.038397
0.023830
0.030283
0.025025
0.025262
0.025103
0.023619
0.024950
0.023866
0.023999
0.023647
0.023880
0.025254
0.023972
0.025465
0.023324
0.023324
0.023607
0.024636
0.024446
0.023344
0.023313
0.029728
0.022475
0.024337
0.024434
0.024335
0.023146
0.023208
0.022777
0.023577
0.023945
0.023720
0.023986
0.025290
0.023679
0.023818
0.023964
0.023891
0.025229
0.023926
0.023601
0.030315
0.025061
0.024869
0.024932
0.024063
0.023805
0.023763
0.024829
0.024642
0.023726
0.024099
0.024370
0.024053
0.024089
0.024460
0.023751
0.023877
0.023772
0.023699
0.024019
0.030811
0.025173
0.024982
0.025232
0.025278
0.024070
0.023836
0.025029
0.023836
0.023941
0.023965
0.024042
0.024001
0.025350
0.023957
0.023962
0.024808
0.023932
0.024951
0.024905
0.030229
0.023795
0.024976
0.023808
0.023559
0.025614
0.025198
0.023901
0.023538
0.024067
0.025193
0.025342
0.025316
0.023677
0.024064
0.025197
0.025284
0.025373
0.025040
0.024065
0.030662
0.023932
0.023806
0.023918
0.024009
0.023863
0.024901
0.024058
0.023743
0.023842
0.025295
0.024044
0.025419
0.025360
0.025339
0.023897
0.025020
0.023930
0.023638
0.023821
0.030556
0.026057
0.023804
0.025033
0.025017
0.023922
0.023814
0.023917
0.034790
0.024016
0.023896
0.024146
0.023887
0.023833
0.023300
0.025118
0.023831
0.025248
0.025087
0.025255
0.031989
0.025266
0.024934
0.023977
0.024911
0.025191
0.023701
0.023536
0.025086
0.024911
0.023728
0.023851
0.024008
0.024842
0.025075
0.026111
0.025368
0.025209
0.025160
0.025005
0.030589
0.024137
0.024097
0.025467
0.025449
0.024155
0.024165
0.024101
0.024061
0.024168
0.025242
