0.561546
0.015305
0.016351
0.016089
0.018173
0.015971
0.017275
0.017159
0.017153
0.017212
0.026483
0.016889
0.017060
0.016974
0.017149
0.017127
0.017169
0.017318
0.017265
0.026210
0.019568
0.017300
0.017550
0.017242
0.017390
0.017445
0.017438
0.017360
0.017452
0.017707
0.017645
0.026115
0.017583
0.017821
0.017844
0.017915
0.018012
0.018034
0.018080
0.018030
0.023061
0.018239
0.018243
0.018178
0.018341
0.018356
0.021020
0.018562
0.021750
0.027980
0.019865
0.018675
0.018710
0.018770
0.020113
0.018782
0.018364
0.018940
0.019899
0.018882
0.033409
0.019228
0.019029
0.019465
0.019243
0.028723
0.019334
0.028868
0.018856
0.019031
0.019040
0.018963
0.028702
0.019255
0.019270
0.019228
0.019072
0.019219
0.019944
0.019876
0.025081
0.019470
0.019965
0.022827
0.020665
0.019622
0.029128
0.025743
0.019417
0.019542
0.019760
0.019732
0.019805
0.019810
0.019874
0.019809
0.019801
0.019879
0.020383
0.019827
0.024800
0.020484
0.020471
0.020533
0.020735
0.020559
0.020744
0.030121
0.030211
0.020597
0.029902
0.020676
0.022184
0.020757
0.030468
0.021169
0.021347
0.021163
0.021631
0.021199
0.026237
