0.558319
0.017705
0.017627
0.017528
0.016416
0.015631
0.017648
0.016673
0.018095
0.016712
0.017806
0.017319
0.017402
0.018034
0.016976
0.016965
0.018043
0.016785
0.017861
0.016972
0.019315
0.017027
0.017771
0.018313
0.018275
0.017322
0.017280
0.018415
0.017301
0.017303
0.018483
0.017477
0.017478
0.017495
0.018222
0.018760
0.018886
0.017735
0.017690
0.018928
0.022633
0.018951
0.019774
0.020058
0.019838
0.020285
0.019307
0.018035
0.017988
0.017962
0.018731
0.020328
0.019038
0.019154
0.020554
0.018939
0.020308
0.020705
0.020479
0.020645
0.024179
0.018547
0.019570
0.019801
0.018598
0.018421
0.018588
0.018629
0.018724
0.019982
0.018895
0.020150
0.020187
0.019641
0.019443
0.020290
0.019418
0.021380
0.021048
0.020285
0.025307
0.019012
0.020517
0.019147
0.019125
0.019186
0.019186
0.020833
0.020617
0.019665
0.019578
0.019444
0.020830
0.019537
0.019420
0.019464
0.021795
0.021928
0.020415
0.021064
0.025523
0.021096
0.021966
0.019929
0.021033
0.021226
0.021214
0.020088
0.019896
0.021478
0.020108
0.021568
0.021583
0.020052
0.021707
0.019922
0.020207
0.020286
0.021945
0.020219
0.025032
0.019982
0.019879
0.021420
0.020138
0.020139
0.020096
0.020033
0.020025
0.020205
0.020264
0.021660
0.020138
0.020308
0.020329
0.021956
0.020386
0.020257
0.020429
0.020567
0.025409
0.022044
0.020611
0.022035
0.020616
0.022026
0.021995
0.020687
0.020528
0.020716
0.020797
0.022303
0.020990
0.020875
0.020980
0.020871
0.022773
0.022689
0.020974
0.022684
0.026914
0.021358
0.020843
0.021336
0.022884
0.022984
0.021199
0.021306
0.021225
0.021421
0.022711
0.021446
0.021416
0.021595
0.021410
0.021556
0.021656
0.021661
0.021510
0.021724
0.026497
0.021768
0.021767
0.021742
0.022455
0.024223
0.024203
0.024143
0.022679
0.024276
0.023975
0.024332
0.024434
0.022839
0.022803
0.024622
0.024611
0.024655
0.022993
0.024930
0.029614
0.022992
0.024856
0.024791
0.023874
0.023898
0.024019
0.022732
0.022826
0.023118
0.023065
0.023210
0.024774
0.024739
0.023059
0.024680
0.023098
0.024678
0.023080
0.024622
0.029752
0.024995
0.023373
0.024898
0.024977
0.024166
0.025321
0.024879
0.023628
0.025231
0.025098
0.025061
0.025139
0.025207
0.025090
0.025377
0.025415
0.023868
0.024008
0.023936
0.029026
0.024097
0.024164
0.024260
0.024250
0.024205
0.025715
0.024380
0.024311
0.024321
0.025669
0.024361
0.025909
0.025853
0.024469
0.024446
0.024555
0.025983
0.025969
0.024581
0.031910
0.025590
0.025950
0.024768
0.024631
0.024648
0.026077
0.026238
0.026366
0.025100
0.026659
0.026884
0.026664
0.025318
0.026746
0.026525
0.025405
0.025286
0.026569
0.025281
0.030739
0.027570
0.025972
0.027497
0.025948
0.027356
0.027522
0.026199
0.027760
0.027752
0.026244
0.027124
0.025599
0.026898
0.027066
0.027227
0.025779
0.025881
0.025975
0.025969
0.032278
0.027370
0.027425
0.027399
0.027343
0.026240
0.026212
0.026233
0.027515
0.026481
0.026416
0.027092
0.026476
0.027744
0.026478
0.028270
0.026639
0.028997
0.027469
0.028811
0.031642
0.028022
0.027503
0.029338
0.029296
0.029035
0.028986
0.029180
0.029068
0.028436
0.027657
0.027195
0.027712
0.027767
0.029342
0.029315
0.029491
0.028029
0.028648
0.028703
0.032168
0.028944
0.028774
0.027455
0.027424
0.027411
0.027428
0.027664
0.027735
0.027656
0.027742
0.028294
0.028412
0.030050
0.030045
0.029882
0.030177
0.029465
0.028503
0.029950
0.035152
0.028637
0.028751
0.030419
0.029507
0.029586
0.028824
0.029708
0.028577
0.028983
0.028853
0.029219
0.028451
0.029631
0.030697
0.031137
0.028639
0.029165
0.030600
0.030531
0.035553
0.030726
0.029325
0.031226
0.029320
0.030852
0.030774
0.029713
0.029418
0.029583
0.031265
0.029830
0.030386
0.031228
0.029621
0.031222
0.031298
0.031483
0.029852
0.029790
0.036293
0.031675
0.031559
0.031766
0.029464
0.031727
0.030109
0.030189
0.031937
0.031563
0.029962
0.031679
0.030370
0.031881
0.030322
0.031934
0.030447
0.032317
0.030270
0.030217
0.035134
0.032141
0.030419
0.032335
0.030689
0.033265
0.032326
0.032349
0.031549
0.032257
0.030686
0.032356
0.032357
0.032511
0.030892
0.030952
0.032684
0.032578
0.030785
0.032628
0.035508
0.030559
0.032701
0.032717
0.032865
0.030677
0.032795
0.031475
0.062172
0.030867
0.030483
0.033549
0.032891
0.033230
0.031382
0.033237
0.033392
0.031758
0.033228
0.031892
0.038643
0.033407
0.033242
0.033678
0.033618
0.032055
0.033465
0.031755
0.031900
0.033798
0.033683
0.033685
0.031940
0.033770
0.034104
0.033865
0.032123
0.032266
0.033695
0.034499
0.037533
0.032601
0.033204
0.032333
0.034073
0.034537
0.032595
0.034282
0.034161
0.033305
0.034315
0.034303
0.034840
0.034594
0.034628
0.033761
0.033649
0.033456
0.033562
0.033666
0.038875
0.032470
0.033301
0.033780
0.034864
0.034966
0.033074
0.034992
0.033104
0.034837
0.033150
0.035036
0.033296
0.034881
0.033364
0.034914
0.034992
0.034928
0.033313
0.033590
0.040085
0.033449
0.033367
0.035218
0.035630
0.033930
0.035493
0.033795
0.035199
0.033875
0.033573
0.035443
0.033916
0.035755
0.033805
0.035704
0.035699
0.035578
0.034205
0.035834
0.040896
0.036104
0.035233
0.034950
0.036026
0.036013
0.036134
0.036164
0.034200
0.036483
0.036458
0.035974
0.036197
0.036547
0.034447
0.036433
0.034476
0.034908
0.036389
0.034840
0.041237
0.036441
0.036530
0.036810
0.035022
0.035079
0.036341
0.036566
0.036724
0.036831
0.036770
0.036592
0.035200
0.036779
0.035130
0.037012
0.035489
0.037257
0.036961
0.035179
0.040226
0.036833
0.037379
0.035537
0.037198
0.037282
0.035622
0.037502
0.037397
0.037399
0.037745
0.037876
0.037319
0.037592
0.037737
0.037472
0.035674
0.038043
0.038170
0.036261
0.040624
0.037833
0.037830
0.037940
0.037818
0.038034
0.036244
0.037765
0.037630
0.038429
0.038112
0.036400
0.038067
0.038080
0.038467
0.036361
0.038188
0.038274
0.036604
0.038066
0.043100
0.038219
0.036589
0.038292
0.038593
0.038450
0.036810
0.038534
0.036637
0.038494
0.037024
0.036780
0.036982
0.038687
0.038804
0.039543
0.036996
0.038778
0.036931
0.038717
0.043753
0.039050
0.038879
0.039220
0.039283
0.039093
0.037394
0.037642
0.037646
0.039669
0.039502
