0.556667
0.017183
0.017047
0.016888
0.017847
0.017881
0.017727
0.017727
0.017761
0.017851
0.017866
0.017899
0.018204
0.017983
0.017933
0.019043
0.018022
0.018024
0.019194
0.019039
0.020241
0.018177
0.018136
0.018100
0.019583
0.018573
0.018567
0.019416
0.019931
0.019701
0.018972
0.019022
0.019054
0.018992
0.019100
0.019054
0.019512
0.021648
0.017712
0.018794
0.026250
0.021140
0.021398
0.019921
0.021555
0.021288
0.020932
0.019454
0.019317
0.019282
0.019106
0.019088
0.020311
0.019092
0.019114
0.019187
0.019196
0.019322
0.019293
0.020574
0.025432
0.019474
0.019396
0.019475
0.019463
0.019480
0.019548
0.019629
0.021080
0.020936
0.019637
0.019779
0.019805
0.019860
0.020895
0.021118
0.019854
0.019914
0.021356
0.021458
0.025015
0.021415
0.020050
0.021545
0.020045
0.020104
0.021532
0.020249
0.021421
0.021580
0.020337
0.021832
0.021810
0.020422
0.021831
0.021832
0.020659
0.020751
0.022025
0.020770
0.025600
0.022168
0.022414
0.020890
0.022369
0.022646
0.022944
0.022870
0.022902
0.021472
0.022976
