602	183	142	327
601	183	123	331
582	173	127	341
582	179	128	333
576	181	122	334
568	182	118	330
558	176	125	337
557	185	120	320
556	176	124	331
567	181	125	336
572	183	131	332
582	179	130	326
601	174	126	336
610	163	134	351
630	169	127	341
632	166	127	359
635	174	137	339
641	174	128	340
643	173	137	337
659	170	134	344
672	175	125	339
684	181	116	332
680	173	126	336
679	173	132	335
685	177	134	327
687	184	130	329
681	177	139	327
684	181	133	325
683	183	134	325
688	175	121	333
689	176	119	330
690	175	107	333
684	178	117	323
685	183	117	335
675	177	119	329
669	166	143	339
662	170	135	328
658	179	129	327
649	189	138	320
650	178	139	328
644	182	134	321
641	176	126	335
623	182	144	325
623	183	133	330
626	176	126	328
628	182	129	327
632	176	130	332
631	184	140	325
641	186	134	318
661	181	131	321
677	173	142	334
693	175	144	333
696	193	157	310
697	186	156	319
696	171	136	334
700	180	125	333
694	181	131	327
686	183	126	327
673	177	125	333
667	175	117	340
659	173	128	345
650	171	137	339
643	178	142	332
654	181	131	327
647	182	135	331
646	179	126	329
648	183	126	337
654	178	129	334
647	176	174	343
665	171	166	346
678	174	163	350
699	171	153	357
716	167	149	347
734	167	144	357
746	165	145	351
754	176	151	341
769	173	144	339
781	173	139	345
797	175	144	335
813	175	144	351
831	168	145	356
835	169	147	357
835	151	153	374
842	154	154	370
839	150	161	378
849	156	153	380
849	159	154	367
852	159	142	374
839	151	150	372
832	158	145	372
827	146	131	382
817	166	134	360
813	161	127	371
814	164	132	365
814	167	133	366
806	174	120	359
794	170	127	353
778	180	159	348
778	165	160	362
789	159	139	379
779	167	146	376
785	174	145	375
782	169	151	377
792	161	150	390
780	164	164	377
778	159	154	370
774	172	158	377
780	160	155	387
787	163	139	402
781	155	154	412
761	163	179	406
765	153	174	404
770	152	152	410
749	145	167	420
740	150	165	418
724	152	182	407
723	174	158	403
707	166	151	398
697	159	156	410
696	153	149	410
696	172	141	395
689	155	144	399
691	164	136	384
686	156	146	391
690	165	143	389
686	175	140	380
695	163	121	385
697	153	117	389
700	164	118	377
701	172	122	361
705	168	122	359
710	168	125	359
714	171	138	361
727	176	146	356
743	177	139	353
758	173	126	350
764	169	136	362
792	171	139	357
807	168	140	363
823	176	133	354
838	163	133	370
853	160	142	372
881	172	138	356
888	180	141	351
897	171	141	354
915	175	132	352
917	169	153	369
919	179	167	353
905	161	188	359
911	182	165	362
920	174	129	354
903	170	146	356
897	175	137	361
890	173	127	364
874	175	122	359
854	167	127	366
827	173	151	360
818	168	151	352
806	166	147	365
799	161	150	371
792	167	153	359
778	178	164	351
779	186	175	342
786	175	180	343
820	172	148	341
838	175	140	349
855	169	136	359
860	171	134	362
867	160	135	368
878	166	131	367
877	160	137	371
887	169	131	369
894	160	132	377
899	162	147	369
897	167	182	375
881	178	210	361
866	177	235	366
865	178	228	360
853	173	232	366
865	160	204	377
892	156	166	373
888	165	160	375
899	168	148	369
903	168	156	360
911	163	170	373
908	177	186	363
914	174	191	370
926	172	170	369
927	164	153	384
916	164	151	370
925	168	146	368
936	177	137	352
950	186	130	349
960	168	125	358
965	178	121	352
964	179	132	344
960	189	141	331
966	192	141	326
971	182	136	335
971	174	138	355
967	181	140	340
961	186	148	344
958	169	147	352
947	165	142	357
943	171	144	366
942	173	138	358
939	181	144	346
932	168	152	361
922	170	156	362
911	168	143	356
908	173	136	357
895	182	131	344
881	170	123	356
863	166	137	356
857	151	138	370
855	159	127	361
853	161	117	365
845	157	122	364
846	158	135	365
848	167	139	365
851	168	153	357
873	166	143	352
880	174	150	351
897	167	149	355
910	175	152	359
916	179	152	348
926	164	147	366
930	168	151	360
936	178	160	354
955	174	146	360
973	182	132	342
995	184	125	344
996	171	145	363
999	167	154	351
993	170	176	360
1005	162	169	371
1010	155	159	374
1018	159	153	373
1011	168	144	368
1010	178	133	352
1001	174	137	373
997	159	132	399
989	175	145	385
995	185	140	366
991	169	136	378
980	173	135	363
971	180	141	354
959	190	143	345
956	192	124	335
946	177	126	348
929	173	132	365
928	176	120	357
938	174	108	353
920	178	115	349
921	181	114	336
911	176	124	332
907	190	120	321
894	185	118	330
877	182	121	329
855	179	139	329
849	173	134	338
834	188	134	324
822	184	125	326
826	172	117	336
811	185	140	332
801	192	132	316
794	193	135	317
779	192	141	315
754	190	154	317
742	184	139	327
736	190	128	310
727	188	123	314
719	182	132	332
720	180	127	328
718	189	146	313
723	182	129	321
730	188	128	323
740	187	135	321
754	190	138	316
770	178	140	326
792	170	137	333
796	178	142	327
808	176	152	332
826	176	131	329
846	172	123	341
852	184	115	324
859	184	116	334
870	189	119	321
875	180	130	341
881	169	149	339
892	165	157	345
912	165	145	362
921	176	157	352
928	179	151	351
929	175	150	348
930	177	137	339
922	180	142	325
920	172	138	334
923	178	131	330
921	172	134	330
920	182	135	317
924	185	129	316
923	175	124	322
925	178	116	328
924	172	112	316
921	185	117	309
912	192	127	300
909	193	129	294
905	189	127	293
904	192	122	286
903	192	117	286
906	192	116	284
909	192	120	286
918	187	114	292
916	196	118	285
918	205	119	280
921	196	122	292
926	190	118	307
926	188	118	307
933	187	105	316
929	188	103	314
929	191	111	306
933	182	115	313
931	186	113	322
926	192	122	319
931	185	127	323
930	191	131	324
939	182	135	320
953	178	146	329
961	185	142	336
969	183	136	330
967	187	146	327
977	180	129	337
970	189	124	330
961	180	126	330
949	186	127	329
942	176	123	334
930	185	139	329
927	180	143	321
940	186	124	325
949	178	119	331
955	167	123	343
951	184	138	330
946	192	144	322
947	179	124	327
937	182	119	324
935	180	104	328
926	181	109	329
922	183	111	318
913	186	110	313
910	183	107	319
916	190	106	310
919	189	116	322
914	185	134	321
919	182	143	321
929	182	139	330
929	174	133	346
931	181	124	342
932	176	126	353
919	171	136	355
906	176	148	358
915	171	130	349
900	172	142	360
906	181	129	351
896	185	134	332
899	182	126	340
883	179	133	337
875	179	138	337
873	180	140	311
875	188	131	304
874	196	129	294
880	196	125	301
883	191	123	304
874	185	136	314
889	188	117	328
894	180	111	346
894	177	116	343
897	175	120	351
902	159	119	367
901	158	130	386
907	166	141	365
906	175	154	363
917	169	150	365
920	163	154	379
922	153	156	386
916	165	168	384
926	142	156	401
939	143	147	407
942	126	144	424
936	126	151	423
933	143	149	420
930	128	156	423
926	121	162	442
930	105	151	443
915	136	169	422
925	156	150	397
923	146	156	391
922	149	153	377
927	162	143	386
922	156	142	370
914	168	146	368
909	182	146	349
902	172	150	354
874	170	175	356
868	165	168	367
864	174	156	362
856	173	142	366
853	167	138	358
847	175	144	344
845	183	144	343
839	191	149	333
834	180	149	337
818	169	157	343
799	172	159	350
789	168	144	356
785	176	144	352
779	169	146	343
783	177	138	345
781	178	138	345
770	175	148	339
770	181	145	338
768	196	142	307
757	188	149	319
761	186	153	316
774	169	154	332
785	168	142	332
798	187	140	315
813	187	134	310
817	184	129	311
819	197	130	308
823	192	136	305
829	192	139	308
831	181	155	323
844	179	151	321
860	186	143	324
869	173	138	325
879	177	122	324
891	172	121	337
883	182	142	336
892	183	142	335
896	184	154	343
906	172	147	354
904	165	158	363
909	172	150	361
912	176	157	358
914	162	152	370
919	161	160	390
933	159	153	388
945	175	151	393
943	159	166	399
945	145	175	408
956	154	162	419
959	153	153	416
953	155	161	406
946	147	169	414
942	171	177	386
943	161	179	393
951	148	157	392
939	160	163	405
942	158	150	390
930	164	152	370
921	182	155	351
923	174	139	364
930	172	118	358
937	163	122	359
944	166	121	358
945	179	117	350
943	176	122	347
940	167	123	359
940	165	128	370
941	168	123	364
931	158	135	385
937	168	124	374
939	147	131	393
933	160	143	384
921	173	157	373
926	173	138	376
907	165	161	388
884	170	178	382
905	167	152	387
922	186	126	385
916	172	130	382
922	168	125	393
910	149	139	401
907	138	153	408
906	149	171	400
907	168	173	381
911	168	171	370
921	160	159	386
926	157	151	412
938	163	142	399
937	162	147	406
945	151	136	411
939	147	148	412
938	161	162	406
939	159	159	393
954	164	158	398
953	161	170	396
960	163	184	412
971	152	180	413
976	153	186	427
992	140	174	428
993	149	169	433
991	138	173	433
982	150	171	436
972	154	171	416
957	166	175	404
955	168	152	387
941	154	148	401
934	170	148	396
936	154	133	401
930	160	141	396
921	162	147	409
910	147	149	393
908	165	150	391
914	169	138	384
915	170	135	373
913	166	141	377
917	152	138	381
922	155	142	374
935	165	135	373
945	161	129	369
936	161	136	369
924	160	142	372
919	174	132	359
917	179	131	357
919	170	130	362
919	161	137	391
921	157	134	400
925	148	139	417
929	141	137	412
929	151	144	411
925	140	150	423
925	159	154	415
921	141	177	433
921	153	198	423
933	152	193	430
941	140	200	469
948	130	200	473
957	127	190	490
971	124	195	485
970	138	194	477
967	129	196	476
959	143	197	450
951	143	183	432
935	138	191	436
901	136	212	448
893	146	200	437
889	168	187	418
892	140	181	432
892	149	198	422
