0.568890
0.026359
0.026092
0.025833
0.025811
0.025795
0.029974
0.030352
0.027156
0.027068
0.027122
0.030318
0.030335
0.030403
0.030439
0.030408
0.030785
0.030831
0.030643
0.027540
0.029765
0.027766
0.027615
0.027611
0.027691
0.027668
0.027736
0.027820
0.028958
0.027920
0.027960
0.028206
0.028212
0.028075
0.028075
0.028039
0.027996
0.028348
0.028351
0.028077
0.033049
0.028415
0.028152
0.029792
0.028404
0.028723
0.028714
0.029817
0.028630
0.028439
0.028358
0.028661
0.028720
0.028759
0.028696
0.030158
0.028878
0.028992
0.028969
0.028798
0.033765
0.028921
0.029033
0.029195
0.029094
0.029239
0.029101
0.029228
0.029357
0.029402
0.029339
0.029411
0.029504
0.028311
0.029568
0.029787
0.029218
0.027925
0.029528
0.029771
0.034668
0.029630
0.029819
0.029891
0.029914
0.029911
0.029870
0.029896
0.029859
0.030077
0.029937
0.030034
0.030055
0.029919
0.029961
0.029568
0.030199
0.030094
0.030050
0.030351
