0.559078
0.019621
0.019531
0.018349
0.018790
0.017638
0.019918
0.019912
0.018795
0.018829
0.020042
0.018689
0.018580
0.020098
0.018785
0.018773
0.018853
0.018668
0.018701
0.019062
0.021371
0.019174
0.018846
0.018948
0.018865
0.019129
0.019487
0.020720
0.019239
0.019184
0.019217
0.019456
0.019375
0.019222
0.019251
0.020526
0.019486
0.019470
0.019470
0.019607
0.025875
0.019687
0.019742
0.019639
0.020906
0.019531
0.019634
0.019778
0.020002
0.020193
0.020243
0.021529
0.020221
0.020135
0.020283
0.020550
0.021878
0.021740
0.020641
0.021044
0.025787
0.021203
0.020953
0.020671
0.020577
0.020643
0.020906
0.020889
0.022203
0.021010
0.020741
0.020613
0.020825
0.020675
0.020755
0.020857
0.022093
0.020852
0.020767
0.021076
0.026063
0.022850
0.022601
0.021096
0.020916
0.021003
0.020982
0.021070
0.022616
0.021322
0.021109
0.021018
0.021145
0.021377
0.021502
0.021515
0.021501
0.021517
0.021666
0.021634
0.028100
0.021734
0.021655
0.021767
0.021798
0.021789
0.021829
0.021799
0.023363
0.022022
0.024632
0.022049
0.022114
0.022405
0.022386
0.022402
0.024061
0.023742
0.026546
0.025099
0.027196
0.023863
0.022384
0.024035
0.024127
0.022443
0.022501
0.022469
0.022473
0.022484
0.022409
0.022437
0.022269
0.022322
0.022343
0.022479
0.022586
0.022535
0.022536
0.023863
0.027532
0.022697
0.022617
0.022610
0.022508
0.022582
0.022556
0.022567
0.022669
0.022657
0.022753
0.022621
0.022737
0.022868
0.022950
0.022964
0.023017
0.024575
0.023221
0.023280
0.028104
0.023292
0.023344
0.023182
0.023323
0.023336
0.023485
0.025004
0.023437
0.024901
0.023363
0.023497
0.023362
0.023540
0.023592
0.023739
0.023718
0.023813
0.024058
0.024048
0.030285
0.023858
0.023864
0.024050
0.024096
0.024187
0.024137
0.024209
0.024173
0.024296
0.025439
0.024275
0.024228
0.024232
0.024334
0.024445
0.024429
0.024544
