420	151	87	320
415	157	96	314
417	158	94	316
415	154	95	319
410	154	105	320
398	155	114	324
386	154	114	325
368	158	130	326
368	154	115	328
359	147	102	332
348	157	81	333
337	162	89	318
276	173	127	309
284	158	133	321
307	160	115	315
304	149	113	322
320	170	121	316
327	160	104	306
333	169	123	312
354	170	103	307
366	160	104	306
376	164	99	317
380	161	107	313
382	154	109	315
392	153	104	315
395	157	103	324
395	151	106	318
398	153	101	325
400	154	106	328
405	153	109	325
411	157	113	330
417	155	114	327
435	154	102	318
439	150	100	311
433	151	103	325
423	156	111	326
412	155	119	331
409	148	116	326
400	149	111	323
410	151	102	324
414	149	100	320
425	153	90	325
435	159	83	313
443	160	88	313
448	151	96	318
449	162	109	318
454	158	106	316
458	156	109	307
461	159	105	312
464	161	92	308
453	168	100	304
452	164	92	300
443	159	91	295
420	164	108	293
421	162	98	301
415	159	99	305
410	161	99	304
409	151	96	308
402	154	99	312
401	154	101	314
394	153	107	322
385	156	117	329
397	153	99	324
391	155	104	322
382	159	108	323
370	148	117	329
362	153	121	334
362	146	118	334
362	153	123	333
371	157	123	329
378	148	128	336
395	151	122	334
422	157	98	322
428	159	99	316
436	160	102	316
452	162	94	311
461	152	94	321
476	157	89	314
479	152	104	312
492	148	106	318
501	155	106	319
515	155	105	320
535	165	103	322
546	157	105	312
557	165	111	323
573	155	103	318
576	149	112	318
575	163	105	318
569	159	125	317
560	151	116	325
553	150	102	327
537	152	103	320
517	154	114	320
511	150	100	326
492	153	106	321
483	157	99	312
480	150	95	309
469	151	99	316
459	151	101	314
455	154	98	318
445	165	103	322
445	154	98	319
440	153	99	322
432	141	105	335
432	144	97	348
430	143	91	349
421	137	94	349
413	141	101	354
399	136	110	359
399	149	109	354
399	141	115	355
410	137	109	361
416	139	112	360
413	140	135	357
415	137	150	374
444	141	126	368
467	140	119	373
473	129	123	371
493	135	104	376
497	126	106	380
508	137	106	378
511	123	108	383
514	126	110	389
520	127	110	401
529	128	102	406
535	126	97	400
543	128	93	397
539	123	103	401
534	125	109	402
528	129	115	388
530	138	102	381
515	137	108	376
502	132	119	372
490	128	122	376
480	140	113	374
480	139	106	363
474	135	103	365
470	132	101	370
461	133	105	366
455	143	104	352
444	142	111	350
443	138	106	348
435	146	108	352
422	150	113	338
412	148	109	344
401	142	108	333
400	146	97	335
382	147	105	337
364	150	111	339
346	147	122	344
330	142	121	347
294	142	146	351
285	143	130	355
282	147	118	343
267	139	128	354
268	138	124	354
266	147	128	350
262	159	145	331
277	157	133	333
291	146	137	341
294	152	151	345
303	150	170	343
331	152	155	354
355	136	143	340
381	157	121	337
409	150	96	348
419	147	99	349
426	155	105	359
421	153	113	354
426	158	109	345
432	144	108	341
437	156	114	344
439	160	103	337
445	164	121	329
443	154	130	324
444	149	128	332
441	164	128	311
452	167	113	310
451	157	115	317
452	161	117	312
444	155	126	315
447	160	112	305
452	166	104	309
452	164	103	304
453	163	85	294
445	164	82	299
433	161	89	291
416	169	100	293
408	163	106	290
405	160	98	296
402	161	94	293
393	165	101	285
389	171	94	283
385	171	99	281
382	160	98	288
377	156	102	290
369	167	102	291
364	164	100	299
358	165	100	305
356	156	89	303
348	159	89	306
342	163	92	306
324	158	99	307
313	163	113	311
314	162	115	303
316	163	115	309
334	160	106	311
340	169	114	306
360	148	121	303
381	153	105	313
379	161	131	311
396	158	137	308
415	165	132	310
424	155	122	299
428	165	120	307
424	161	123	315
417	168	130	317
405	157	124	311
398	152	115	314
387	158	119	322
376	154	128	320
362	166	123	315
347	157	123	323
351	160	103	319
342	159	97	314
337	159	103	321
328	156	118	317
336	158	110	330
337	149	104	332
342	144	104	335
348	150	94	337
347	156	105	343
360	151	101	347
354	144	109	344
356	143	115	355
359	138	113	358
368	149	109	365
369	137	112	367
366	143	113	368
375	138	105	368
378	135	112	380
385	139	106	378
380	141	114	372
384	134	112	381
381	135	117	380
376	142	118	378
377	133	108	380
379	142	109	374
387	136	98	373
382	136	100	370
378	143	106	364
378	148	106	358
383	135	97	360
377	143	104	355
373	146	101	348
363	137	109	357
357	139	104	351
352	147	108	344
354	142	97	345
359	151	90	339
355	154	94	336
356	155	97	332
352	155	102	318
355	147	102	323
354	146	101	324
356	153	105	321
339	148	121	320
335	163	130	312
312	154	155	315
338	153	125	315
326	155	135	320
316	158	148	306
288	160	178	307
304	167	157	298
313	162	145	307
306	162	167	309
314	154	161	301
335	162	149	298
366	162	113	295
381	165	96	305
383	161	95	296
384	164	94	294
388	164	90	289
393	168	87	292
390	161	87	296
377	165	96	296
366	165	98	301
368	160	93	295
359	170	96	294
347	166	100	293
324	170	115	297
311	161	121	310
306	163	115	301
293	153	121	307
281	161	122	319
264	152	130	324
248	167	136	314
221	171	159	296
231	163	156	311
213	155	171	310
232	167	148	304
240	166	143	310
259	172	132	305
260	175	154	294
266	165	168	305
258	166	226	307
287	160	219	317
315	163	197	306
354	168	157	288
385	183	127	280
397	173	102	283
391	164	115	297
388	167	110	292
382	162	110	305
363	161	124	313
337	161	136	297
341	164	97	310
329	162	93	304
322	171	84	308
293	157	110	308
293	157	102	321
289	160	97	316
285	159	99	311
286	166	99	314
300	155	90	313
311	165	83	311
317	163	91	306
329	167	94	310
337	167	112	305
361	164	100	308
369	155	109	307
394	156	90	319
399	164	101	303
414	176	100	297
443	168	81	303
453	164	85	300
462	165	93	306
471	167	120	301
486	169	118	300
490	169	126	316
510	172	117	303
516	162	120	310
524	153	101	324
519	163	106	317
523	166	101	315
517	170	111	309
501	166	130	314
484	171	126	310
466	164	139	304
459	169	127	292
464	167	93	285
457	170	89	296
453	160	86	293
450	169	92	288
463	178	79	290
460	163	98	288
460	171	115	292
482	170	103	289
502	167	92	303
512	168	101	300
538	159	85	288
553	166	86	296
557	163	108	292
563	162	110	298
571	166	110	299
574	159	107	297
575	169	110	293
572	169	107	297
565	160	94	297
566	168	79	297
545	156	98	290
527	163	108	303
512	170	112	300
501	168	105	300
491	162	96	306
468	171	112	294
458	163	106	298
450	169	97	298
445	172	90	290
448	170	83	285
446	164	84	293
450	170	81	291
446	169	97	298
455	167	94	290
467	168	87	296
480	164	87	295
489	164	86	305
494	161	92	307
502	161	91	307
497	154	95	307
491	161	103	303
489	166	103	314
493	156	92	313
494	165	81	324
491	157	83	319
488	155	82	326
486	160	82	331
487	152	84	329
489	157	82	338
489	157	83	331
484	163	89	330
481	156	92	331
481	162	92	326
477	161	103	324
489	156	94	327
493	162	88	319
496	159	99	310
498	158	104	305
505	157	80	310
500	162	83	298
494	171	86	292
481	164	90	301
470	165	89	295
461	172	90	290
458	168	78	294
444	162	87	293
432	167	90	296
416	168	96	288
409	163	90	282
400	168	93	289
398	161	81	292
391	171	83	286
383	171	84	283
379	169	79	285
369	162	82	284
357	172	87	278
343	164	96	290
328	164	109	306
324	163	88	305
317	164	88	304
313	160	88	299
309	168	84	301
298	166	88	306
291	158	83	307
285	161	81	308
267	160	94	310
259	163	94	305
258	163	89	312
248	157	97	309
244	161	108	311
244	155	105	314
266	160	82	313
273	163	81	305
275	157	98	308
284	159	108	314
302	151	91	317
311	156	89	309
318	164	95	304
315	155	111	302
320	152	103	311
334	173	102	302
348	169	95	293
366	175	88	290
371	171	89	290
376	171	101	294
385	174	99	293
392	174	93	292
401	173	90	283
404	167	92	290
410	164	86	283
412	172	84	286
409	174	84	277
405	175	87	271
403	163	88	276
400	169	89	279
393	168	91	273
395	177	91	271
393	174	95	268
385	173	104	275
390	169	92	271
393	172	83	274
387	173	84	279
376	172	88	278
371	175	92	286
362	176	90	279
354	175	88	286
341	174	94	292
336	163	97	296
334	173	95	295
326	171	101	294
322	166	98	292
314	169	110	302
334	160	93	303
345	169	97	310
356	166	103	298
379	170	82	307
389	166	91	299
402	170	93	305
408	165	108	299
425	170	98	304
445	163	92	301
457	169	94	305
472	161	101	304
489	163	93	300
497	168	107	306
511	165	107	300
518	157	114	302
523	164	109	301
527	168	110	303
528	165	121	296
534	177	114	285
544	166	103	287
542	164	118	286
559	177	102	285
559	172	114	274
575	184	94	272
567	171	99	274
567	168	81	275
552	175	93	271
533	185	103	277
515	173	105	269
508	170	100	277
504	168	92	276
485	180	105	279
475	170	89	266
480	175	68	269
479	170	65	269
475	178	70	268
476	174	71	269
478	179	73	277
485	169	92	275
496	169	91	274
498	170	90	277
501	166	91	282
496	172	101	287
503	167	90	294
503	167	95	288
506	170	88	287
506	171	90	287
505	171	86	283
503	168	85	276
498	166	85	278
498	170	83	280
492	169	89	276
488	177	90	279
480	173	95	269
470	168	97	275
465	168	90	277
454	178	93	273
444	167	95	273
438	166	106	271
418	175	119	268
396	180	122	269
381	168	101	271
376	168	88	278
368	177	83	281
355	166	92	275
353	168	86	282
333	171	106	284
331	168	83	284
321	166	77	288
305	164	88	288
295	162	97	286
292	167	92	283
284	167	93	286
281	167	90	283
278	160	98	289
286	167	85	293
295	171	84	290
299	167	88	283
304	165	91	282
307	161	94	284
321	167	98	290
330	170	95	289
338	166	92	295
345	162	100	283
359	164	97	284
381	171	84	285
395	165	75	279
406	171	73	278
417	172	72	272
425	170	79	282
432	167	81	280
439	173	84	281
446	171	89	278
457	170	85	278
466	166	82	274
475	170	78	275
479	167	79	280
475	173	81	281
482	171	74	277
486	168	74	283
493	170	77	280
500	170	77	277
505	166	80	282
515	173	72	277
525	168	75	280
528	172	91	279
526	172	102	274
528	170	105	276
538	171	107	278
546	180	103	265
548	173	100	270
545	174	98	278
545	168	96	277
539	161	104	277
536	171	106	273
540	173	101	274
545	170	95	274
538	161	95	271
534	174	89	269
526	172	99	267
515	173	108	276
518	175	96	261
512	171	82	268
499	171	92	263
501	174	78	257
492	177	82	261
489	175	81	265
482	179	78	258
477	174	84	258
473	167	86	262
476	170	80	268
474	177	88	256
482	183	79	251
482	186	87	256
488	175	83	265
496	175	82	271
497	170	86	275
505	169	82	280
507	166	77	282
505	175	76	277
507	179	80	266
505	174	81	275
503	170	79	275
498	176	84	273
496	174	78	269
488	177	80	271
485	172	74	269
474	168	79	270
467	171	89	266
460	171	89	268
456	176	86	266
455	172	83	262
458	175	76	264
460	175	75	255
461	181	84	258
462	181	89	261
466	177	84	262
471	174	86	265
472	176	90	270
482	169	83	275
483	172	84	276
481	168	92	277
484	166	91	282
485	165	91	286
492	170	93	287
492	168	93	288
487	170	96	294
486	169	90	293
483	171	93	290
