537	225	199	422
571	220	165	445
578	223	145	438
578	227	148	427
575	229	159	448
568	224	154	435
581	223	159	441
589	219	147	424
590	216	131	433
579	229	149	429
571	218	161	447
572	213	160	440
570	217	169	446
542	225	191	412
542	208	207	424
557	209	192	421
568	215	163	410
567	208	152	412
575	226	140	418
577	219	139	413
572	219	142	391
559	221	164	378
566	224	160	361
564	222	157	368
564	221	151	366
574	235	149	373
550	233	182	365
573	243	174	352
594	231	149	358
605	239	141	334
591	243	146	335
586	238	153	320
585	233	152	319
592	231	128	334
577	228	136	334
558	229	151	318
549	235	163	332
548	232	160	343
540	224	159	345
528	232	150	348
503	239	157	339
461	241	183	347
457	245	187	328
411	229	190	349
394	235	183	339
374	233	185	342
358	232	188	355
362	222	165	349
361	225	161	357
347	229	149	356
346	234	147	344
334	224	145	358
323	223	146	354
317	221	134	362
307	222	135	367
297	229	146	349
301	219	154	353
314	221	148	333
319	226	151	328
320	224	167	342
316	218	192	348
350	230	135	355
371	238	112	332
389	229	116	344
404	224	132	347
404	230	157	343
422	242	158	349
446	227	148	350
469	223	140	335
501	231	122	339
524	231	123	334
545	239	113	333
555	239	122	334
569	241	133	338
580	229	147	342
593	229	145	355
593	219	164	356
621	224	150	361
649	219	117	356
655	218	124	353
663	220	134	363
657	216	174	369
651	217	180	370
653	215	189	394
659	218	183	407
668	217	188	407
677	216	197	414
687	216	170	416
684	233	188	391
701	238	133	398
688	231	154	422
691	222	149	433
687	222	160	461
691	225	146	439
695	229	144	424
689	232	150	452
693	221	145	458
702	235	148	448
706	240	158	436
715	235	159	455
723	228	170	473
729	224	203	485
744	206	209	499
735	228	227	499
748	209	225	504
741	218	226	504
720	201	233	496
692	212	244	490
656	222	253	494
657	212	223	494
649	210	219	480
634	229	209	490
627	213	222	504
623	223	217	485
613	223	198	479
606	217	213	485
608	216	225	469
637	221	205	464
637	217	221	454
642	230	225	458
649	218	208	447
654	215	237	453
654	221	253	452
647	229	218	448
648	225	181	448
631	224	217	448
604	226	204	466
609	223	177	479
623	222	146	460
636	223	147	466
641	217	144	469
653	220	138	458
666	226	140	461
679	222	138	453
692	220	125	436
692	219	151	437
693	209	147	438
685	222	160	442
685	223	170	424
686	212	159	417
689	227	144	388
691	225	147	370
691	222	134	387
699	216	118	388
691	220	117	369
692	230	127	352
689	238	165	350
674	235	170	335
668	235	170	330
654	243	175	326
641	241	162	316
634	231	133	329
629	225	124	331
623	238	123	326
621	236	124	323
625	242	111	332
627	240	126	339
636	239	111	332
650	237	93	348
655	237	96	343
656	238	104	335
655	242	116	339
657	238	102	349
655	235	109	331
645	252	107	319
625	246	127	316
610	235	128	335
596	235	132	327
587	223	129	333
571	223	163	347
563	233	157	338
552	231	166	337
552	229	159	345
570	228	138	361
570	225	148	349
570	223	146	367
595	233	124	357
610	237	125	367
618	240	121	359
629	234	112	362
637	225	110	366
643	230	120	365
655	225	112	376
657	228	123	374
660	216	123	382
668	218	138	387
682	220	136	373
700	230	143	371
717	225	180	365
745	224	186	369
772	227	162	355
781	223	164	355
779	232	165	360
801	219	150	376
812	218	165	381
820	221	179	374
833	224	173	371
832	221	163	373
838	220	165	376
832	213	163	378
827	217	178	377
830	223	158	378
847	222	135	381
823	224	163	390
801	230	183	383
784	224	195	385
782	229	187	381
762	212	183	376
747	224	194	372
714	232	201	384
692	222	200	386
690	213	175	400
688	227	214	390
664	219	228	376
648	224	196	374
635	234	133	361
603	224	153	365
588	218	152	361
567	238	158	349
554	237	155	352
528	233	165	342
518	246	156	340
501	234	163	343
495	239	151	330
501	236	146	352
498	227	136	358
505	237	133	351
496	232	148	351
501	235	143	340
501	236	152	364
512	231	134	359
515	230	147	363
524	245	135	366
525	237	137	384
529	233	147	406
520	227	142	416
523	229	126	437
523	230	131	427
512	228	148	428
505	225	152	436
487	231	175	443
510	231	159	449
515	222	160	439
511	210	165	447
520	219	155	466
525	217	153	453
521	222	155	455
525	222	142	464
524	227	144	466
514	230	158	459
501	221	164	451
497	212	164	463
515	217	149	464
529	218	143	458
529	220	152	435
531	218	149	435
534	217	165	433
549	205	138	435
554	216	146	428
545	219	163	417
552	211	151	402
559	221	149	380
566	215	142	378
560	225	152	368
576	240	134	367
560	241	162	352
579	252	148	345
579	230	147	358
594	229	142	350
604	219	126	343
596	223	143	350
613	221	129	355
613	217	143	351
622	224	138	338
634	234	123	330
643	230	120	328
646	226	141	343
654	237	141	336
671	235	144	352
686	237	141	343
701	241	144	335
723	240	154	345
735	232	178	349
752	231	202	360
766	220	204	345
797	223	186	355
795	225	214	335
811	233	194	329
832	231	185	335
845	224	185	349
863	229	176	342
875	225	166	342
861	234	195	342
887	237	179	321
922	252	168	315
953	229	139	333
972	243	135	323
989	242	134	311
996	250	140	325
1014	245	134	322
1036	232	121	356
1041	244	136	351
1038	253	158	337
1035	261	157	335
1031	257	146	324
1026	246	136	346
1009	246	145	355
1000	245	140	364
979	239	138	363
947	247	147	363
932	238	139	350
913	243	151	340
893	235	159	345
874	240	176	337
883	253	152	334
895	259	133	318
880	243	150	338
889	235	145	343
900	233	141	354
895	239	148	343
885	244	145	346
879	234	144	347
874	236	134	349
849	224	158	359
829	225	172	354
811	231	162	338
800	235	153	340
787	241	144	328
778	229	132	341
740	229	158	346
724	247	150	336
711	237	148	340
691	243	142	331
686	249	133	325
655	240	154	328
626	232	173	337
600	232	180	342
574	235	173	344
574	230	153	345
563	252	186	337
536	245	172	336
530	248	145	342
517	244	134	351
506	238	130	358
508	236	129	353
527	229	112	356
514	237	126	348
516	234	129	358
525	236	124	342
517	233	127	327
516	245	123	326
515	245	129	316
505	248	132	305
500	248	135	309
459	243	157	316
441	236	165	326
417	231	179	344
421	235	175	349
442	229	159	365
454	234	149	347
430	234	175	361
420	225	185	355
424	238	231	361
470	219	197	367
513	231	154	366
508	235	178	351
519	235	180	364
544	248	165	361
578	239	160	347
601	237	142	353
606	239	143	341
607	229	133	363
618	227	127	351
619	232	132	360
626	231	126	347
637	236	105	347
625	234	113	345
626	235	122	348
625	239	117	346
623	228	119	351
615	230	125	319
622	235	118	322
605	244	127	310
618	228	103	310
626	239	101	310
626	248	95	308
629	247	89	285
626	250	84	275
619	252	100	267
624	254	86	276
613	238	97	287
617	242	88	289
613	246	95	281
618	247	99	281
618	251	107	265
618	255	110	256
623	243	110	272
617	234	116	287
607	234	114	285
611	227	114	293
614	231	111	307
629	234	93	319
625	243	102	323
632	232	100	324
628	241	104	331
620	236	107	324
612	230	116	338
608	230	129	354
615	224	110	347
599	235	119	352
594	250	131	342
588	248	141	342
595	246	144	342
609	244	143	375
632	234	126	390
641	229	130	399
647	221	148	399
656	233	164	399
654	226	186	402
672	228	162	386
692	234	157	403
706	231	154	373
716	229	160	389
742	222	152	387
742	239	212	365
764	235	224	380
777	235	240	377
792	223	242	391
843	232	202	372
881	220	170	376
896	221	172	380
914	227	176	387
943	231	139	372
954	232	138	373
959	235	144	370
969	231	143	369
975	235	150	372
991	250	136	362
986	246	143	351
984	236	146	369
980	227	145	388
983	219	134	385
977	221	124	392
968	220	136	391
955	220	135	392
945	219	129	395
932	222	122	381
907	223	130	382
865	223	165	375
852	221	158	376
821	230	177	364
776	238	203	360
762	219	191	366
760	228	171	361
749	227	176	353
720	226	191	351
703	228	197	372
683	243	212	348
677	247	162	349
663	241	136	354
632	229	147	372
626	229	139	375
619	219	125	372
610	213	116	375
599	226	119	364
604	224	121	359
593	228	140	359
586	219	130	373
598	223	135	366
583	236	138	359
562	242	181	348
564	235	163	349
552	250	159	335
549	255	153	307
544	248	170	327
553	244	172	317
546	242	180	299
548	248	194	277
549	247	189	272
550	247	189	277
545	250	197	273
520	250	211	284
542	246	169	271
543	255	174	266
526	257	182	256
535	255	170	261
526	257	145	253
501	252	134	251
510	247	123	256
537	250	101	253
552	243	91	259
553	243	103	267
564	242	102	265
577	247	96	256
572	248	112	238
581	253	120	230
607	266	101	230
626	259	79	250
633	258	81	252
638	259	84	263
636	255	88	272
631	249	89	283
631	255	84	284
623	255	92	283
623	248	90	297
617	247	93	299
613	247	95	299
590	252	126	308
586	246	133	296
605	244	118	297
622	242	124	308
614	242	147	309
626	241	129	311
613	249	121	308
598	240	128	303
593	233	127	312
573	234	140	323
582	234	123	330
559	235	130	324
571	226	119	326
577	223	108	341
562	232	122	348
573	224	113	358
567	230	122	359
571	227	120	357
550	230	151	352
558	236	123	360
567	227	114	386
569	213	117	405
544	226	142	399
527	222	170	404
509	230	216	393
549	235	163	413
571	233	146	419
590	218	139	422
592	223	143	432
596	221	143	425
595	230	149	407
591	243	156	383
586	250	150	370
575	238	159	383
555	239	161	358
552	240	145	354
545	236	146	361
539	239	149	359
529	239	148	360
529	236	150	364
532	240	146	365
540	243	150	376
543	235	161	388
557	238	148	382
571	236	146	373
585	220	141	391
593	229	149	388
604	228	145	371
610	228	138	379
607	219	145	372
609	232	140	383
601	229	144	372
617	231	129	360
622	228	118	334
609	239	137	330
631	245	100	320
635	237	94	323
634	230	92	323
620	239	107	323
619	244	114	315
603	238	126	326
605	232	111	322
594	238	112	319
573	233	113	334
542	227	128	355
508	231	141	339
473	231	147	324
463	234	141	338
440	232	145	346
428	227	159	354
414	231	166	359
400	227	156	357
378	232	147	350
367	232	152	346
351	232	156	347
343	225	178	357
342	222	175	359
340	218	173	367
338	224	161	358
331	226	171	345
337	235	160	331
349	231	160	341
354	244	160	355
371	218	173	359
398	213	154	366
420	225	137	343
436	227	148	342
458	227	144	334
468	228	153	342
491	229	143	356
516	237	118	338
521	236	149	347
528	223	158	352
524	227	203	351
544	238	197	355
584	241	165	340
608	248	153	341
614	242	209	352
634	241	189	348
650	236	182	346
669	235	151	350
671	224	154	357
684	247	126	331
681	242	121	331
685	242	98	332
676	254	103	307
669	263	107	306
668	246	100	313
666	252	102	309
671	251	84	305
664	254	91	305
652	250	98	300
656	257	94	300
652	245	99	298
659	250	94	290
677	244	75	290
663	248	94	281
656	248	110	275
673	246	109	288
672	246	108	287
659	245	109	265
666	257	102	262
671	250	88	263
669	256	83	251
672	251	75	250
673	259	80	248
671	248	96	252
688	250	86	252
694	245	80	265
697	247	86	269
694	251	93	275
694	243	94	281
693	242	101	285
687	236	111	294
690	223	120	301
689	234	118	313
693	228	127	326
689	225	122	326
691	226	125	336
684	223	133	324
680	226	144	350
676	244	145	336
675	236	151	344
672	221	151	351
673	227	154	362
661	219	158	372
637	220	149	359
619	233	172	343
652	223	143	362
646	210	135	373
650	223	118	376
647	215	120	374
631	215	133	372
635	219	124	370
