0.560310
0.018200
0.018038
0.018103
0.017984
0.018119
0.018927
0.018875
0.020430
0.020760
0.018083
0.020844
0.019397
0.019380
0.017008
0.020921
0.019564
0.019349
0.019598
0.019753
0.021973
0.019825
0.019654
0.017416
0.021081
0.020919
0.019795
0.019887
0.021348
0.021714
0.019886
0.021275
0.019562
0.021287
0.021320
0.021397
0.021171
0.019747
0.021430
0.019808
0.026738
0.021915
0.020003
0.021958
0.021518
0.021640
0.022155
0.022418
0.020523
0.020614
0.020790
0.020949
0.020820
0.022442
0.018690
0.019850
0.019966
0.019994
0.020101
0.020018
0.024919
0.022796
0.020186
0.021163
0.018779
0.020218
0.018908
0.020510
0.020338
0.020513
0.019197
0.019274
0.019251
0.020511
0.019181
0.019621
0.020969
0.020868
0.019607
0.020917
0.025602
0.020755
0.020777
0.020793
0.021242
0.021038
0.020924
0.020884
0.023696
0.021252
0.021078
0.021186
0.019557
0.023916
0.023772
0.024002
0.022185
0.023976
0.022084
0.023747
0.026994
