728	427	103	150
733	422	99	146
725	418	98	146
717	420	86	134
697	422	98	131
692	425	103	130
676	423	107	132
667	419	102	135
642	424	105	151
618	427	117	164
597	441	129	148
583	431	139	159
560	434	115	138
540	436	98	149
519	425	84	151
493	419	92	153
482	416	83	148
484	412	76	139
491	409	83	147
495	403	80	151
497	398	91	153
502	407	102	147
517	413	119	147
521	414	123	142
526	397	143	156
554	388	136	157
586	383	137	157
604	393	135	147
626	401	117	134
644	396	103	129
664	403	91	129
669	399	86	127
683	395	80	140
690	393	79	142
705	403	72	151
713	408	64	159
708	420	87	148
708	409	94	154
720	398	84	146
724	386	82	142
726	372	95	149
739	362	100	151
762	366	93	147
781	365	72	139
786	371	67	120
776	371	83	109
762	364	87	119
746	357	95	123
737	337	79	145
715	331	88	149
694	344	100	137
688	355	100	122
680	342	84	138
676	338	69	144
656	345	81	133
659	348	74	147
657	347	70	154
651	348	70	153
643	351	79	157
641	357	74	154
636	365	75	160
638	368	64	157
630	370	80	156
633	375	79	162
643	388	76	157
638	386	86	161
632	378	83	162
618	382	93	168
611	390	92	159
612	383	89	161
605	374	93	155
601	379	94	149
589	382	104	135
579	391	125	137
583	388	130	137
585	383	127	141
596	382	109	133
602	385	103	128
596	386	103	133
593	381	104	137
586	377	85	140
579	382	84	143
571	393	88	144
565	398	110	134
570	389	129	141
595	379	107	145
624	363	85	147
643	369	68	136
657	369	78	132
661	376	81	125
666	374	85	122
669	370	79	122
658	365	89	126
654	353	80	135
645	352	71	149
638	355	74	156
636	362	72	154
638	366	64	155
635	360	58	157
635	365	53	155
634	368	52	157
