0.565610
0.016265
0.016385
0.015405
0.015325
0.015379
0.016402
0.016121
0.016114
0.016186
0.016293
0.017222
0.016111
0.016147
0.017180
0.016139
0.016258
0.017573
0.016301
0.017699
0.018548
0.017490
0.016448
0.017715
0.016518
0.016534
0.016516
0.016558
0.016419
0.017679
0.016523
0.016897
0.016922
0.018001
0.016996
0.018153
0.017127
0.018455
0.017077
0.017137
0.022118
0.017080
0.017034
0.017287
0.017264
0.017206
0.017266
0.017224
0.019104
0.017418
0.017591
0.017413
0.017585
0.017733
0.017636
0.017759
0.019115
0.019226
0.017920
0.017856
0.022804
0.017920
0.017928
0.017893
0.018062
0.018117
0.018014
0.019335
0.018043
0.018118
0.018152
0.019361
0.018275
0.019519
0.018319
0.018106
0.018154
0.019496
0.019701
0.018114
0.023328
0.019852
0.018453
0.018508
0.019745
0.019871
0.019900
0.018707
0.018623
0.019885
