302	105	76	291
301	106	72	307
300	101	70	296
298	101	74	287
298	96	76	284
300	94	74	282
296	80	76	291
293	84	74	281
295	92	68	249
293	81	71	262
292	69	72	281
292	63	73	286
290	53	76	282
290	44	76	289
295	52	74	255
293	45	76	260
291	45	80	276
293	44	74	274
295	40	73	285
291	36	73	283
292	33	70	288
292	31	72	295
291	23	71	303
294	20	71	308
289	19	72	312
293	21	70	322
294	30	70	306
294	36	70	292
294	44	76	284
293	42	73	281
291	46	77	298
285	45	114	303
286	55	109	276
288	53	100	273
288	48	90	268
287	43	84	275
287	35	79	295
290	30	74	306
289	27	74	311
294	28	63	294
294	19	61	294
292	16	65	290
288	14	71	285
285	16	71	297
281	21	79	303
276	38	83	281
271	42	86	281
267	43	90	287
261	45	90	304
254	52	98	305
251	66	104	302
253	77	99	290
247	74	107	288
245	69	106	295
236	59	116	305
237	47	113	310
229	33	117	316
223	20	119	323
220	23	125	338
219	25	130	341
208	37	137	349
212	53	131	325
209	59	143	331
215	76	135	318
220	81	130	305
224	87	136	274
226	104	134	266
225	110	130	262
218	111	135	251
221	110	135	244
214	119	148	233
213	129	140	217
210	141	133	228
208	149	137	221
202	162	138	212
199	174	143	213
195	180	144	213
191	191	146	207
187	197	143	206
185	204	146	202
184	198	143	204
180	203	145	199
172	196	140	204
171	197	136	200
171	203	129	195
164	198	134	198
156	199	137	197
154	203	132	194
144	196	140	201
141	193	142	205
146	195	136	202
141	192	139	206
138	182	129	212
140	192	129	198
134	191	131	201
120	183	147	203
117	181	145	207
115	180	145	206
115	178	143	210
117	185	126	204
115	184	128	200
