0.555907
0.016563
0.016355
0.015966
0.016120
0.016191
0.026754
0.017491
0.017291
0.017181
0.017064
0.025584
0.017129
0.017243
0.017389
0.017180
0.017331
0.017728
0.017624
0.027040
0.022355
0.017845
0.017719
0.017650
0.027369
0.017654
0.017708
0.017817
0.017964
0.021296
0.017873
0.017979
0.017659
0.018425
0.018249
0.018263
0.018262
0.018181
0.019063
0.018188
0.023250
0.018261
0.018272
0.018246
0.018477
0.028347
0.018725
0.021825
0.019780
0.018959
0.019058
0.019260
0.028425
0.019098
0.019189
0.018569
0.027701
0.018799
0.028126
0.018741
0.023823
0.019005
0.028488
0.019078
0.018868
0.018893
0.020362
0.028426
0.018966
0.018967
0.019029
0.019041
0.019872
0.019724
0.019984
0.019932
0.020128
0.020013
0.020079
0.020100
0.034660
0.020020
0.021867
0.020121
0.020161
0.020062
0.020135
0.029860
0.026925
0.020327
0.020435
0.020604
0.020377
0.022029
0.029773
0.020592
0.020737
0.019943
0.018890
0.019039
0.025759
