481	129	463	502
504	148	409	484
485	132	423	494
480	144	411	461
453	128	431	498
430	128	421	505
412	131	435	526
404	155	450	432
405	139	455	448
417	129	462	455
405	135	469	469
423	120	451	520
427	113	430	528
423	117	420	512
409	129	433	503
429	126	415	466
443	120	396	474
441	123	431	479
418	118	469	509
424	126	483	474
471	138	464	456
487	137	463	439
481	132	491	442
520	132	454	442
508	120	452	460
488	118	464	451
488	134	474	435
460	136	487	443
478	131	443	446
508	110	413	493
495	117	422	466
466	126	453	488
490	128	423	480
487	144	447	451
489	148	451	450
491	135	489	455
501	139	471	480
496	137	452	496
484	130	454	486
497	141	417	487
493	136	420	465
483	131	435	475
494	127	431	501
492	123	435	489
488	133	441	478
494	149	440	439
472	147	450	452
473	147	447	464
468	145	466	471
489	136	463	478
512	123	444	495
500	126	477	511
495	129	461	528
487	136	460	513
500	131	446	492
511	121	463	517
482	109	474	544
474	115	461	533
466	117	477	545
469	133	487	514
479	132	495	517
467	121	502	517
479	114	489	531
479	109	485	547
448	107	510	546
422	118	525	541
410	119	539	538
411	112	535	542
437	107	513	556
419	96	544	566
