0.563862
0.014971
0.015821
0.015732
0.015759
0.015610
0.016575
0.016767
0.016801
0.016793
0.016644
0.016796
0.016746
0.016918
0.017024
0.016888
0.017039
0.017104
0.017031
0.017106
0.019402
0.017119
0.017237
0.017153
0.017343
0.017203
0.017408
0.017210
0.017455
0.017500
0.017464
0.017575
0.017597
0.017600
0.017713
0.018554
0.016602
0.017793
0.017677
0.017718
0.022722
0.018047
0.018154
0.020871
0.017967
0.018208
0.018235
0.018234
0.018147
0.018062
0.018272
0.018034
0.018269
0.016864
0.018343
0.018337
0.018424
0.018393
0.018525
0.018558
0.023649
0.018634
0.018545
0.018748
0.018821
0.018720
0.018631
0.018812
0.018742
0.018749
0.018705
0.018626
0.018836
0.018852
0.018864
0.018802
0.019014
0.018929
0.018984
0.017636
0.024113
0.017828
0.017960
0.019378
0.018724
0.019433
0.019273
0.019314
0.019282
0.019539
0.019437
0.018126
0.019638
0.019572
0.019637
0.019535
0.019614
0.019696
0.019824
0.019959
0.024626
