0.566797
0.017221
0.016854
0.017893
0.016635
0.017625
0.017592
0.017752
0.018867
0.017963
0.017816
0.019234
0.018180
0.019577
0.018454
0.018365
0.018414
0.019770
0.018441
0.019564
0.020417
0.019382
0.018359
0.019564
0.018336
0.018444
0.019669
0.018511
0.018425
0.018412
0.019759
0.018690
0.018790
0.018862
0.018872
0.018932
0.020164
0.018959
0.020411
0.020411
0.024023
0.020534
0.020383
0.020568
0.019253
0.019276
0.020554
0.020657
0.020725
0.019309
0.020436
0.020658
0.019323
0.020814
0.020602
0.020563
0.019207
0.020783
0.020747
0.020837
0.024318
0.020851
0.021177
0.021057
0.019547
0.020923
0.019590
0.019598
0.019454
0.019470
0.019494
0.020897
0.019770
0.021052
0.019906
0.020089
0.020016
0.021481
0.021686
0.021663
0.025111
0.021512
0.020109
0.021681
0.021580
0.021684
0.020466
0.020403
0.021766
0.020548
0.020382
0.020329
0.020449
0.021911
0.020473
0.021883
0.020566
0.022116
0.022148
0.020703
