184	56	91	262
180	48	91	281
195	103	92	282
198	122	103	274
223	87	87	275
200	80	94	296
178	111	107	285
177	140	113	272
195	163	111	260
219	158	90	237
227	151	83	227
240	139	83	245
256	141	74	246
261	152	80	246
292	158	74	258
284	130	80	250
278	110	75	250
281	131	74	252
294	145	89	236
305	139	85	215
314	123	69	227
322	118	73	233
326	122	70	226
329	127	69	236
330	131	78	240
335	115	68	233
348	104	71	241
347	128	70	239
355	135	70	237
364	125	62	248
354	113	66	248
359	83	67	249
336	78	87	259
340	69	76	256
327	73	78	262
314	89	73	268
308	101	75	270
288	106	90	265
288	97	80	266
259	81	73	266
243	76	77	277
226	130	85	279
236	151	84	268
257	140	88	257
272	138	91	267
304	138	78	269
319	139	79	255
330	131	83	263
341	118	77	260
329	113	75	274
306	113	83	286
280	108	91	275
271	72	80	276
245	56	88	289
235	55	88	275
193	55	119	280
200	66	87	300
196	83	91	289
201	45	87	293
198	47	91	313
206	45	89	299
203	56	86	307
195	82	92	312
193	82	88	305
187	72	87	300
200	68	90	313
193	60	98	312
205	44	110	317
202	39	128	344
196	39	140	347
190	41	144	344
184	23	133	347
148	43	140	343
139	46	139	328
160	44	142	327
161	49	132	294
192	63	116	287
195	66	107	287
203	69	93	271
197	59	112	280
185	56	108	299
180	40	99	285
196	23	97	297
200	33	110	313
196	43	112	296
187	39	120	298
192	34	121	305
194	4	112	299
192	-10	116	296
192	5	122	316
190	18	128	310
176	-2	143	297
184	21	133	312
156	88	145	305
119	129	144	299
59	125	127	307
38	126	137	277
68	116	159	263
114	130	130	267
128	138	140	247
160	137	128	215
193	124	113	222
196	123	127	222
203	136	126	222
202	143	117	224
185	155	116	222
202	131	104	226
202	126	104	242
205	125	103	219
223	142	91	218
211	159	75	217
186	149	91	214
189	125	117	214
209	119	119	228
213	92	124	229
221	94	115	253
216	141	116	233
205	130	117	238
218	112	118	245
231	127	110	243
232	129	107	246
