435	328	54	132
434	322	58	145
439	318	61	145
439	324	67	138
454	327	50	142
459	320	50	148
461	316	52	144
464	319	62	145
471	316	61	145
475	317	64	149
489	312	54	167
492	301	66	169
490	314	81	163
493	304	95	180
501	306	111	176
514	312	121	180
535	314	126	198
538	316	145	212
554	327	149	205
562	321	161	210
557	334	181	197
587	315	150	228
607	296	132	245
629	293	131	259
642	295	138	263
661	298	132	252
684	307	136	263
715	303	126	274
723	312	126	242
722	329	123	254
724	331	114	222
725	330	130	219
727	317	115	250
733	294	111	261
737	288	110	273
724	274	121	266
730	254	114	287
727	265	117	273
721	249	117	260
706	237	121	285
684	235	126	265
679	227	127	267
654	230	134	269
652	221	123	263
645	215	113	279
626	212	128	292
618	218	133	283
606	196	139	317
608	213	134	310
630	209	108	303
639	201	110	332
622	229	148	294
650	216	119	319
648	219	132	326
670	243	118	282
680	254	120	272
693	244	129	286
707	240	122	293
719	232	135	304
720	240	136	305
730	230	116	298
746	216	110	330
750	236	115	294
760	244	124	283
776	239	127	302
791	250	133	287
812	266	125	271
835	264	115	283
850	269	127	268
870	241	115	282
874	248	125	292
889	266	107	261
879	251	125	267
895	250	111	273
894	255	115	250
908	244	87	254
906	246	97	259
911	245	101	242
916	229	95	252
906	242	94	232
897	229	106	224
898	222	102	232
896	224	91	229
888	215	92	219
893	213	91	222
889	215	90	224
875	215	90	220
867	213	94	221
872	231	80	204
871	228	79	209
866	235	83	215
852	246	87	206
843	238	84	215
826	243	88	217
821	256	76	211
805	253	81	214
790	260	85	223
768	271	92	215
758	278	89	212
747	277	86	234
739	279	82	226
710	276	92	229
712	289	90	230
690	284	101	226
667	284	112	221
643	278	120	231
625	270	121	257
611	266	121	269
599	264	122	280
582	258	111	282
551	265	123	276
510	269	137	299
483	269	129	299
452	270	141	314
424	267	145	319
386	240	161	325
368	238	155	328
355	223	152	329
346	206	164	323
350	183	165	365
339	167	184	373
352	164	178	350
384	160	160	381
383	157	167	393
391	156	175	389
413	169	204	417
398	179	245	421
431	166	228	427
457	209	229	456
463	214	236	449
468	203	239	479
459	243	249	464
414	222	259	451
432	216	213	459
436	228	208	479
425	220	227	474
427	219	231	483
427	211	228	502
441	207	221	464
466	204	213	483
477	216	216	485
500	210	216	460
515	208	204	486
513	202	208	484
513	179	199	484
517	196	200	498
514	182	199	481
507	164	200	490
492	176	215	472
468	173	234	465
461	170	234	451
483	184	210	480
465	170	235	480
487	173	258	466
534	193	256	479
537	190	280	460
561	173	281	454
609	186	249	495
632	197	262	455
673	182	253	467
702	189	276	484
707	163	265	484
736	172	261	475
776	197	220	487
772	193	233	471
784	197	226	480
775	199	231	469
753	172	224	463
734	156	236	462
731	147	211	473
712	129	208	455
701	144	229	446
709	149	212	454
694	139	202	442
669	141	205	449
649	160	197	440
638	162	195	416
650	177	181	417
661	176	185	407
681	175	172	399
688	190	178	396
688	190	200	383
700	201	196	346
730	198	170	369
738	199	173	360
749	167	162	365
767	176	147	369
764	189	160	344
766	190	166	331
779	193	156	349
805	190	128	337
780	189	155	331
802	189	147	339
812	182	135	351
820	181	136	352
838	196	132	346
854	212	121	323
853	193	133	324
872	207	119	341
875	204	123	333
870	213	134	328
890	229	109	335
864	223	122	320
837	216	134	319
816	241	148	289
789	241	174	286
796	246	169	300
794	257	164	305
793	252	164	273
815	250	126	295
811	270	130	278
802	264	130	271
798	270	140	252
793	269	147	282
794	248	136	270
794	236	109	301
779	243	111	302
765	235	121	297
758	250	128	303
754	263	131	295
751	255	129	317
