603	281	160	287
619	288	144	289
642	295	116	267
649	295	101	264
655	284	91	280
656	287	88	278
660	296	88	273
662	293	85	275
652	293	96	272
639	286	113	279
632	278	119	281
642	285	113	282
637	276	122	298
621	289	139	289
626	292	126	290
625	289	114	286
629	285	107	286
627	279	111	296
632	279	101	301
630	279	106	295
643	300	95	277
634	290	103	286
633	279	107	304
644	280	102	290
633	297	117	282
648	298	101	269
646	295	97	261
647	293	92	273
648	293	91	267
649	294	90	267
654	289	85	274
648	289	94	274
644	291	93	266
646	290	96	261
639	286	99	277
630	291	111	269
632	293	106	266
628	290	106	278
625	288	107	275
621	287	107	269
615	283	110	280
594	288	139	276
579	289	153	262
569	292	162	270
582	283	145	278
568	304	162	249
598	298	126	248
605	296	123	252
608	299	123	253
611	299	120	242
612	307	117	245
616	296	115	259
628	279	106	263
631	288	110	269
638	280	106	274
642	288	108	247
650	296	102	246
652	292	105	264
646	284	98	259
643	287	105	267
638	287	103	275
633	289	107	275
634	297	109	262
626	298	108	264
615	287	122	268
605	281	128	273
602	287	130	268
600	296	127	264
584	305	152	254
585	306	153	259
603	298	127	247
618	303	115	244
617	303	117	255
618	299	120	249
611	298	125	246
619	293	115	259
623	277	117	274
632	289	113	268
630	279	123	272
650	294	100	240
658	287	97	242
646	287	115	252
648	285	110	257
646	287	109	275
649	281	110	273
657	285	101	271
663	287	99	286
666	285	94	275
652	282	111	268
640	285	121	284
642	299	122	268
645	293	126	270
652	296	116	270
656	293	124	260
670	295	104	262
679	290	97	267
691	290	89	255
698	286	87	255
703	287	87	266
710	287	93	275
701	282	112	269
709	293	117	255
701	293	134	261
694	295	161	263
698	291	166	284
720	284	142	283
725	284	144	285
727	302	155	256
724	298	165	269
729	297	156	264
734	294	148	267
728	290	141	278
723	288	139	276
722	294	131	270
715	289	144	281
718	290	127	289
709	297	120	281
701	285	120	290
696	289	108	284
692	281	107	289
688	284	106	292
695	284	110	294
697	273	114	302
681	270	147	300
692	278	133	303
688	270	142	309
668	288	171	291
690	284	157	302
692	290	140	300
687	284	143	305
703	279	136	311
696	278	157	310
688	286	161	312
709	287	134	298
706	292	125	300
693	273	156	308
681	285	164	307
686	274	157	315
688	285	156	311
692	291	154	288
697	291	149	285
705	296	144	278
700	295	154	284
696	308	155	268
703	305	140	264
705	294	132	280
703	295	131	273
709	291	121	273
707	293	131	267
712	294	118	273
709	290	123	272
711	292	114	270
703	294	123	253
710	297	112	260
704	295	109	255
712	287	95	258
699	291	110	256
715	282	88	263
712	293	99	258
715	285	96	253
715	287	98	259
698	292	126	271
681	290	143	275
703	286	115	275
700	289	111	269
705	284	108	275
708	278	112	294
701	282	119	282
703	286	126	283
692	291	135	280
685	278	130	291
704	280	106	282
699	277	108	275
698	282	107	284
681	276	113	284
679	286	100	269
663	286	104	279
663	284	97	272
663	282	100	272
671	280	93	282
679	281	89	275
684	289	86	261
680	292	106	260
683	291	108	255
697	289	106	255
705	289	118	263
707	287	129	253
714	290	130	256
722	292	130	266
720	294	129	260
721	289	122	263
724	292	119	269
726	284	114	278
723	286	115	275
724	280	109	279
716	284	113	280
709	275	114	276
697	275	125	289
693	275	124	285
689	281	109	278
671	285	113	267
666	290	108	264
658	278	113	269
640	278	135	279
643	280	133	278
639	279	138	282
658	285	114	281
670	275	103	284
674	281	137	275
678	277	132	294
698	280	118	288
697	279	129	287
706	284	126	277
721	289	126	282
721	283	155	285
739	278	143	284
743	284	151	275
745	286	156	277
744	283	155	284
739	276	155	284
744	283	142	256
751	278	131	285
735	284	146	283
719	280	153	288
709	280	133	285
702	288	122	278
682	275	143	276
671	276	150	284
667	279	139	288
651	277	131	288
653	281	110	278
645	281	105	280
637	272	106	283
626	280	117	263
622	281	111	266
608	288	123	272
589	289	116	272
571	286	111	266
557	284	118	277
524	286	144	279
494	283	164	291
488	290	151	267
467	291	151	283
457	282	142	284
463	278	125	291
445	283	136	288
436	279	129	292
414	285	141	305
383	273	166	289
387	281	149	293
396	276	128	288
393	282	121	295
391	288	124	287
387	284	125	295
382	280	116	292
376	291	118	292
369	283	119	297
365	275	106	301
353	280	106	291
345	289	111	289
345	299	100	281
332	289	102	283
322	285	110	294
315	283	107	284
302	290	115	278
303	288	102	279
305	286	101	286
317	277	86	294
315	287	92	289
321	285	92	291
325	287	99	289
339	291	87	281
338	295	102	283
344	285	90	281
347	289	87	285
342	290	98	286
347	288	91	284
350	288	89	283
348	290	98	286
340	288	106	285
349	285	98	292
354	285	91	295
345	288	102	297
344	287	100	297
350	284	90	299
352	285	90	284
352	280	85	281
351	287	90	284
340	291	99	274
334	294	106	272
340	289	100	276
353	289	83	275
366	291	81	270
367	292	89	262
371	297	92	267
384	290	83	280
391	298	80	273
396	298	87	259
401	296	90	257
406	294	84	261
408	302	88	259
408	300	87	256
409	299	91	267
418	292	85	262
419	295	83	265
411	295	94	264
406	294	109	264
417	297	105	259
437	297	81	263
440	298	83	266
440	310	87	254
429	307	103	258
433	302	97	265
442	300	100	269
457	293	82	270
463	297	82	263
464	298	85	265
469	297	92	264
469	301	104	270
480	290	109	269
484	302	149	258
473	298	177	255
496	294	146	267
494	295	151	264
499	294	155	256
489	294	166	257
498	297	135	258
481	296	158	266
476	297	143	264
476	307	130	253
476	308	104	250
472	307	96	249
469	309	88	253
462	310	89	255
448	299	82	266
432	297	87	262
422	307	91	261
417	302	96	264
396	294	119	274
382	283	124	280
360	292	109	281
347	284	109	274
332	297	123	272
339	297	88	255
327	303	93	265
318	294	86	262
304	296	95	268
291	303	107	264
281	305	115	255
285	308	105	260
291	295	98	263
294	302	100	256
296	302	106	255
303	297	111	268
306	300	124	264
328	295	112	264
354	294	91	262
356	290	108	270
360	296	120	260
361	295	131	266
363	288	136	269
373	293	108	273
378	288	92	264
370	301	98	261
372	291	92	269
362	300	99	278
351	290	105	267
346	298	101	273
334	307	106	263
339	305	89	268
318	295	100	279
306	292	110	275
308	298	99	269
306	305	95	260
299	301	101	261
298	301	103	270
307	298	95	267
316	292	93	266
316	306	97	255
316	296	108	260
324	312	96	253
322	299	106	257
325	308	113	254
327	305	122	254
334	310	120	241
350	312	99	252
356	299	92	262
354	292	93	271
353	295	97	274
346	291	102	273
348	290	97	285
349	294	88	281
333	298	112	271
343	290	94	274
334	289	106	277
332	288	110	268
333	292	110	269
329	298	113	267
340	288	99	278
342	301	99	268
346	292	101	280
344	287	108	283
348	285	103	283
354	296	96	271
355	301	100	270
363	305	98	253
366	301	102	266
378	296	91	260
381	306	94	251
380	298	97	260
383	302	86	259
380	295	87	249
372	296	93	258
367	288	96	267
356	288	109	271
357	295	104	262
359	298	99	262
352	291	107	280
339	285	111	289
340	291	105	277
334	299	109	273
321	295	123	272
326	295	109	278
320	281	117	291
313	286	122	295
309	276	121	297
309	276	123	314
303	278	116	311
301	283	113	310
306	279	97	305
312	280	94	320
304	271	99	326
302	271	97	333
291	269	102	325
296	271	105	338
285	254	119	343
286	259	116	355
269	257	141	346
243	249	162	361
225	270	175	350
244	262	144	347
231	276	160	340
240	275	138	338
215	278	158	349
224	267	147	339
227	282	137	345
231	270	127	340
211	274	155	345
206	266	156	363
200	245	155	368
184	252	176	381
188	247	150	379
183	269	152	370
191	252	137	383
184	254	142	401
174	255	150	393
171	249	168	389
182	255	150	391
202	245	135	393
196	240	157	397
167	244	208	387
181	243	193	401
209	252	180	385
231	259	146	363
249	254	133	365
241	241	172	372
227	244	183	385
229	262	187	370
248	243	146	372
243	265	156	368
239	254	157	363
251	246	160	377
241	235	174	390
247	257	170	381
254	244	165	371
231	259	184	364
228	249	167	365
220	257	158	372
209	249	158	383
195	236	161	394
183	254	166	388
194	246	141	383
184	245	148	382
163	250	177	377
161	247	176	375
158	244	175	372
165	258	172	375
177	250	132	369
166	259	157	363
156	272	163	353
142	257	171	365
127	250	183	354
130	259	188	369
145	255	166	361
162	265	159	354
177	249	154	363
187	263	158	357
179	264	182	345
199	270	163	352
227	267	156	338
262	272	119	324
274	261	128	342
277	255	149	344
286	268	149	348
292	266	144	335
295	266	140	348
295	268	129	335
296	258	120	343
294	263	120	348
290	260	128	336
277	268	166	334
295	280	124	310
298	288	112	299
299	277	134	306
302	276	114	312
307	270	103	315
303	277	103	315
297	277	112	313
295	274	125	314
280	279	136	308
283	278	130	322
268	267	134	326
277	286	120	324
273	282	119	320
264	285	128	320
253	268	138	323
247	273	143	344
241	272	144	329
234	287	145	340
240	272	136	333
240	279	129	338
222	266	143	347
214	266	140	365
207	257	140	367
208	262	140	376
187	262	154	379
173	244	172	384
164	246	174	394
175	249	144	401
171	249	146	397
169	249	148	399
148	240	171	392
152	247	169	396
161	251	162	387
164	248	161	387
176	259	154	390
188	254	144	383
182	246	150	386
189	240	145	380
214	249	111	370
213	249	117	367
202	259	134	367
199	264	146	358
200	257	163	363
231	261	131	354
223	252	152	360
227	254	163	366
245	249	154	369
266	248	143	376
280	245	138	373
292	254	134	375
285	241	138	381
291	235	125	396
283	244	126	391
271	241	132	397
254	243	137	397
241	240	142	394
234	242	133	392
210	241	145	392
183	254	165	409
176	239	150	399
171	246	147	395
166	254	149	388
170	245	146	384
173	248	150	396
179	239	152	395
184	249	151	380
180	240	163	375
208	258	150	384
235	249	117	380
236	253	144	362
238	245	160	388
267	237	134	384
287	249	132	385
300	248	160	378
308	239	179	376
303	241	195	377
293	246	240	372
286	247	237	369
294	228	228	381
302	245	216	381
296	232	219	390
279	244	239	379
258	238	265	368
254	242	202	372
232	250	157	384
211	262	142	368
203	253	133	369
181	258	143	365
161	258	158	355
164	254	154	347
156	263	156	364
159	254	152	358
157	248	151	362
156	253	165	371
164	250	163	369
165	249	180	382
206	256	135	367
235	249	127	368
246	249	133	371
236	249	183	383
281	244	143	392
315	240	123	377
316	249	155	380
334	252	170	371
325	250	195	380
349	246	172	392
364	248	173	392
365	249	183	389
376	240	184	380
394	244	202	377
399	240	215	366
429	243	226	373
460	246	206	360
485	251	203	366
514	257	194	356
512	247	209	363
526	243	205	376
574	247	169	356
588	255	159	368
596	239	172	379
622	239	158	373
648	250	148	366
664	243	147	361
661	253	173	356
666	247	182	363
703	262	142	363
702	258	158	353
700	269	174	343
711	257	166	355
726	245	153	368
729	247	159	368
748	242	159	373
780	251	137	364
786	245	140	368
797	247	150	361
806	243	175	373
823	237	172	385
831	243	175	386
851	237	143	388
851	231	132	378
856	232	130	389
856	226	122	386
830	230	153	394
815	233	168	387
824	236	145	379
827	238	130	373
837	234	117	368
826	238	131	374
832	233	119	369
812	235	139	372
809	240	138	366
810	239	134	366
800	228	152	375
809	232	146	369
814	240	143	366
805	234	151	367
818	248	138	361
822	238	134	367
834	235	135	374
844	234	134	399
843	227	154	400
849	232	155	398
842	220	167	416
836	218	158	405
824	224	163	404
824	216	179	412
827	223	154	412
810	218	160	423
790	215	175	419
806	228	143	416
787	224	169	414
796	215	157	421
785	223	177	421
783	231	178	409
791	224	151	411
754	217	175	422
758	225	166	408
750	223	164	402
742	236	162	395
721	239	172	408
723	230	163	389
715	249	157	375
723	234	146	378
714	237	149	395
722	221	141	378
710	253	148	382
700	239	150	371
693	244	147	383
677	242	156	370
668	245	162	379
655	238	169	387
636	239	157	380
622	244	149	375
610	244	149	381
596	234	164	390
595	245	154	386
596	230	146	386
585	248	157	386
591	238	157	372
610	249	148	372
626	235	153	389
637	233	158	392
648	243	165	385
665	251	157	380
689	230	139	377
688	247	163	385
704	232	160	384
733	254	151	376
738	223	170	383
753	239	169	390
784	239	145	380
798	231	158	395
827	226	175	402
847	229	164	404
860	232	179	402
877	225	169	400
896	228	167	395
914	222	141	404
921	224	167	403
934	229	168	394
914	231	209	387
943	224	179	399
957	229	159	399
941	224	172	411
937	225	166	416
906	227	194	399
876	227	189	399
872	219	169	407
856	224	162	399
835	220	179	401
