0.566490
0.015909
0.015700
0.016237
0.016129
0.017338
0.017263
0.018295
0.016974
0.018186
0.018599
0.017779
0.016823
0.018202
0.016900
0.016825
0.016982
0.019101
0.016987
0.018989
0.020130
0.018806
0.019024
0.017009
0.019230
0.018292
0.017688
0.018961
0.018990
0.017997
0.017761
0.017790
0.017839
0.019149
0.019227
0.018106
0.019550
0.019444
0.018228
0.018207
0.023396
0.019839
0.019101
0.019121
0.017927
0.017939
0.017858
0.020173
0.018708
0.020213
0.018585
0.018762
0.020152
0.018707
0.018849
0.018808
0.020192
0.018844
0.018811
0.018797
0.023873
0.020343
0.019011
0.019094
0.020405
0.019689
0.019748
0.019855
0.018537
0.020146
0.018675
0.020985
0.019291
0.019276
0.019354
0.021115
0.019588
0.020095
0.019476
0.020332
0.024425
0.019582
0.019607
0.021065
0.021245
0.019929
0.019653
0.021396
0.019863
0.021567
0.019211
0.020626
0.020637
0.021476
0.020648
0.021426
0.020097
0.021266
0.020024
0.020249
0.025202
0.020379
0.021885
0.021140
0.019720
0.021248
0.019847
0.019792
0.021311
0.021247
0.021244
0.021481
0.020103
0.021464
0.019980
0.019959
0.020147
0.020069
0.020122
0.020875
0.025745
0.021003
0.021790
0.021909
0.021796
0.021677
0.020502
0.020503
0.020618
0.020505
0.022154
0.021922
0.022011
0.022106
0.022004
0.022035
0.020832
0.020970
0.020908
0.022322
0.025860
0.020852
0.022358
0.022466
0.021138
0.022725
0.021086
0.022464
0.021164
0.021218
0.021049
0.021157
0.021924
0.023639
0.023623
0.021992
0.021925
0.023637
0.022101
0.023687
0.028777
0.023733
0.023091
0.021630
0.023019
0.024148
0.022453
0.023304
0.021886
0.023250
0.021775
0.021951
0.022536
0.024511
0.022624
0.023478
0.024136
0.022801
0.024359
0.022879
0.027614
0.024311
0.024302
0.023110
0.024574
0.024504
0.024747
0.023819
0.022370
0.024148
0.022374
0.024070
0.022651
0.022717
0.022632
0.023149
0.025112
0.023497
0.024393
0.023785
0.028695
0.023498
0.023589
0.023567
0.024465
0.024613
0.022995
0.024550
0.023869
0.023251
0.023300
0.023149
0.023302
0.023233
0.023314
0.023438
0.023381
0.023482
0.052872
0.023814
0.028499
0.024898
0.023497
0.023500
0.023709
0.025223
0.023771
0.025196
0.023886
0.023994
0.023817
0.024601
0.024522
0.026382
0.026579
0.026709
0.024085
0.024854
0.024966
0.024274
0.029187
0.025849
0.025758
0.024365
0.024382
0.025782
0.024380
0.024413
0.024575
0.024731
0.024684
0.026248
0.024775
0.024891
0.024621
0.024686
0.024736
0.024801
0.024898
0.025656
0.029656
0.027072
0.025746
0.025060
0.025674
0.026248
0.025706
0.027268
0.025849
0.025901
0.025913
0.027312
0.027305
0.025835
0.027127
0.027318
0.027521
0.027413
0.025930
0.026179
0.032609
0.026325
0.027676
0.027791
0.026481
0.027677
0.027638
0.026378
0.026294
0.027826
0.028114
0.027732
0.026461
0.027785
0.026382
0.027998
0.028040
0.027965
0.027947
0.026528
0.031676
0.028104
0.027977
0.028152
0.028061
0.027149
0.028428
0.027214
0.027081
0.028406
0.027019
0.026892
0.028604
0.028702
0.028788
0.027235
0.028592
0.028502
0.028665
0.028703
0.033830
0.026962
0.027041
0.026757
0.028209
0.026846
0.028309
0.027050
0.027105
0.026979
0.027040
0.027825
0.028996
0.028956
0.028965
0.029016
0.029348
0.029387
0.027853
0.028831
0.032344
0.029853
0.028188
0.027561
0.028023
0.029703
0.029772
0.028346
0.029695
0.029725
0.029672
0.029675
0.029731
0.030005
0.028601
0.029181
0.028443
0.028326
0.030193
0.030470
0.033132
0.028270
0.028912
0.029847
0.028603
0.030113
0.030444
0.028875
0.030249
0.030468
0.030473
0.030601
0.029294
0.030580
0.029024
0.030639
0.030477
0.029324
0.030504
0.030566
0.035675
0.030507
0.029148
0.030868
0.031022
0.031151
0.029696
0.030895
0.029325
0.031082
0.029417
0.029588
0.029650
0.031408
0.029476
0.031137
0.031578
0.031421
0.031360
0.031312
0.036253
0.031634
0.031620
0.031848
0.031389
0.031513
0.031503
0.030268
0.031270
0.031470
0.031577
0.031675
0.031719
0.031604
0.030286
0.032075
0.032040
0.031994
0.032357
0.029695
0.037005
0.032018
0.031264
0.032171
0.031421
0.031293
0.029991
0.031565
0.029984
0.031609
0.030875
0.030822
0.031843
0.030451
0.030241
0.031901
0.030127
0.030263
0.030642
0.030298
0.035269
0.030505
0.032327
0.032553
0.030726
0.032287
0.032210
0.030777
0.032570
0.030531
0.031952
0.032137
0.031464
0.032397
0.032801
0.032535
0.030912
0.030820
0.030668
0.032997
0.035705
0.031207
0.032589
0.032705
0.031502
0.032998
0.031252
0.032513
0.032716
0.033286
0.031341
0.032974
0.031167
0.032827
0.031168
0.032834
0.032764
0.032734
0.031332
0.033007
0.036627
0.031829
0.031757
0.031508
0.031498
0.033323
0.033289
0.033487
0.032132
0.033253
0.031919
0.033478
0.031937
0.033494
0.033489
0.031812
0.033434
0.031858
0.032068
0.033620
0.039052
0.033849
0.034108
0.034127
0.034159
0.032589
0.032650
0.034088
0.033993
0.032844
0.032883
0.034684
0.032883
0.034418
0.032918
0.034205
0.032792
0.034234
0.032884
0.034699
0.038118
0.034877
0.034230
0.034795
0.034890
0.034714
0.033208
0.034796
0.034662
0.034978
0.033418
0.033618
0.033451
0.035569
0.033851
0.033547
0.033082
0.034997
0.033642
0.033563
0.039859
0.033409
0.033354
0.033634
0.035115
0.035337
0.035036
0.035865
0.033596
0.035872
0.033981
0.035735
0.036058
0.034312
0.033892
0.034066
0.033895
0.035420
0.035560
0.036071
0.040762
0.035980
0.034467
0.034498
0.034572
0.034276
0.035826
0.035835
0.034535
0.035789
0.035818
0.036045
0.034248
0.036095
0.034533
0.035935
0.035830
0.036033
0.034620
0.036446
0.039670
0.036567
0.036174
0.036890
0.035116
0.034629
0.034721
0.034881
0.034731
0.036163
0.034519
0.036602
0.035162
0.036726
0.035219
0.034961
0.034871
0.037146
0.035627
0.037579
0.041582
0.037591
0.037158
0.035733
0.035741
0.036851
0.037163
0.037641
0.035631
0.037534
0.035814
0.037472
0.066156
0.037780
0.037216
0.037328
0.035814
0.037432
0.035984
0.035988
0.041110
0.037665
0.036037
0.038045
0.036107
0.036318
0.037928
0.037810
0.036263
0.036230
0.036266
0.038064
0.036371
0.038338
0.036490
0.038528
0.038308
0.036881
0.037739
0.037979
0.041372
0.038430
0.036862
0.036766
0.037127
0.038595
0.038770
0.038391
0.036857
0.038764
0.037416
0.037369
0.038738
0.039008
0.037064
0.038691
0.039264
0.037434
0.037373
0.039069
0.042219
0.039301
0.039284
0.039412
0.037163
0.039415
0.039309
0.037814
0.039725
0.039484
0.039671
0.039866
0.039206
0.039337
0.037535
0.039563
0.039286
0.039812
0.037909
0.039804
0.042819
0.039888
0.039316
0.039434
0.039451
0.039561
0.037966
0.039746
0.038207
0.038136
0.038125
0.039958
0.039641
0.038250
0.038560
0.039880
0.038671
0.038141
0.038090
0.039891
0.043098
0.040236
0.040437
0.040177
0.038380
0.040187
0.038551
0.040450
0.039994
0.040498
0.038618
0.041092
0.040427
0.040660
0.038743
0.040442
0.040663
0.040435
0.038857
0.040668
0.045729
0.040985
0.039568
0.040698
0.040885
0.038944
0.040863
0.040780
0.041049
0.040832
0.039291
0.041151
0.039586
0.039451
0.041179
0.041331
0.041368
0.041447
0.039610
0.041480
0.044788
