0.559467
0.015705
0.015691
0.016349
0.016324
0.016376
0.016526
0.017668
0.016420
0.017738
0.016613
0.017828
0.017777
0.016691
0.016772
0.017898
0.016878
0.017977
0.017909
0.016685
0.019260
0.017034
0.016890
0.018055
0.017026
0.017377
0.017425
0.017005
0.017026
0.017429
0.017396
0.017476
0.017545
0.017585
0.018578
0.017606
0.017592
0.017795
0.017773
0.019152
0.022839
0.017882
0.017622
0.017722
0.017590
0.018972
0.017663
0.017730
0.017703
0.017755
0.018156
0.018013
0.018151
0.018164
0.018258
0.019658
0.018361
0.018305
0.018374
0.018317
0.023045
0.018212
0.018567
0.018459
0.019731
0.018335
0.018514
0.018653
0.018858
0.018574
0.018660
0.018669
0.018785
0.018767
0.018862
0.019039
0.018994
0.018707
0.019102
0.019040
0.023804
0.020726
0.018823
0.018892
0.018925
0.020415
0.019094
0.019975
0.019168
0.020520
0.019570
0.019083
0.020520
0.019382
0.019278
0.020727
0.019396
0.019315
0.019427
0.019564
0.024501
0.021012
0.019407
0.019511
0.019576
0.019661
0.019571
0.021045
0.019749
0.019595
0.019893
0.021178
0.019878
0.021337
0.019852
0.021120
0.019965
0.020019
0.021353
0.021326
0.024983
0.020120
0.020251
0.020252
0.020223
0.020549
0.020271
0.020370
0.020487
0.020460
0.020409
0.021627
0.020482
0.021828
0.020466
0.021003
0.020715
0.020712
0.020701
0.020778
0.025692
0.020749
0.021097
0.021200
0.021187
0.021299
0.021247
0.022246
0.020941
0.022688
0.021068
0.021391
0.021446
0.021347
0.021382
0.021243
0.021475
0.023090
0.021439
0.021682
0.026594
0.021608
0.023037
0.021698
0.021443
0.023323
0.021921
0.021861
0.022081
0.021775
0.021516
0.022012
0.021587
0.022147
0.022201
0.021984
0.022380
0.022096
0.022259
0.022321
0.027205
0.022276
0.022470
0.022385
0.022494
0.022493
0.022696
0.022601
0.022640
0.022332
0.022396
0.022329
0.022349
0.022377
0.022516
0.023879
0.022527
0.022603
0.022645
0.022577
0.027707
0.022737
0.022715
0.023140
0.022894
0.022886
0.022902
0.022907
0.022989
0.023048
0.022991
0.023078
0.024669
0.024511
0.024693
0.023432
0.023459
0.023183
0.023674
0.023658
0.028652
0.024717
0.023756
0.023313
0.023671
0.023889
0.023718
0.025280
0.025275
0.025604
0.024031
0.023867
0.024025
0.023957
0.025839
0.052656
0.025473
0.025933
0.024089
0.024035
0.029050
0.025699
0.024212
0.024159
0.024216
0.024075
0.024220
0.025877
0.024441
0.024527
0.024423
0.025923
0.024483
0.025847
0.024601
0.024653
0.024655
0.024753
0.024567
0.025789
0.030788
0.024670
0.024707
0.025100
0.026130
0.025311
0.026110
0.025265
0.026666
0.025205
0.025224
0.027168
0.026208
0.026922
0.025212
0.025386
0.025241
0.025506
0.026905
0.025732
0.030650
0.025726
0.027045
0.026719
0.026825
0.026912
0.026723
0.025550
0.027061
0.025475
0.025666
0.026992
0.026891
0.025762
0.025705
0.027409
0.026140
0.026036
0.026200
0.026062
0.031143
0.026155
0.026193
0.026341
0.026478
0.026414
0.026464
0.027877
0.026596
0.027885
0.026712
0.028184
0.026698
0.026656
0.026306
0.026824
0.026707
0.026782
0.026791
0.026960
0.031869
0.026903
0.026867
0.027001
0.026655
0.026667
0.027119
0.027248
0.027144
0.028795
0.027178
0.027205
0.027093
0.028781
0.027138
0.027351
0.027266
0.026977
0.026925
0.027381
0.031989
0.028387
0.027544
0.027589
0.027519
0.027555
0.027474
0.027580
0.027767
0.027687
0.029336
0.029152
0.027798
0.027722
0.027857
0.029413
0.028037
0.027433
0.027776
0.027673
0.033018
0.027768
0.028045
0.028243
0.028019
0.029378
0.029612
0.029313
0.028059
0.028146
0.028504
0.028502
0.029908
0.028567
0.028835
0.028391
0.028299
0.028672
0.028741
0.029776
0.033674
0.028587
0.028395
0.030234
0.028538
0.029313
0.030963
0.029524
0.030590
0.030959
0.029531
0.029646
0.029313
0.030890
0.029426
0.031471
0.031491
0.029644
0.030562
0.030578
0.034030
0.030484
0.029771
0.029052
0.029071
0.029299
0.029123
0.030862
0.029379
0.030821
0.029579
0.029687
0.031377
0.029697
0.029583
0.029871
0.029933
0.029559
0.029325
0.030884
0.034398
0.030852
0.029622
0.029628
0.031240
0.029655
0.031234
0.030997
0.029813
0.029834
0.029950
0.029886
0.030060
0.030223
0.030366
0.031969
0.030348
0.031285
0.030255
0.031834
0.035366
0.030077
0.032037
0.030481
0.030669
0.030765
0.030706
0.032321
0.032544
0.031923
0.031924
0.032048
0.030715
0.030673
0.031991
0.030727
0.030804
0.032377
0.032234
0.032188
0.035953
0.032673
0.031266
0.032871
0.032603
0.032908
0.031518
0.031480
0.031474
0.031519
0.032929
0.032720
0.032832
0.033504
0.033460
0.032629
0.031650
0.031380
0.031342
0.031463
0.036382
0.031614
0.031122
0.033099
0.031432
0.031521
0.031619
0.031498
0.031514
0.034130
0.033887
0.033634
0.034019
0.034009
0.033882
0.034144
0.034325
0.034055
0.034047
0.032137
0.039109
0.034104
0.034670
0.034115
0.032466
0.034436
0.032814
0.032759
0.032171
0.033509
0.032073
0.033735
0.032222
0.032402
0.032269
0.034963
0.032433
0.032183
0.033935
0.034308
0.037463
0.034433
0.032745
0.032796
0.032670
0.034193
0.032850
0.032868
0.032971
0.032948
0.032530
0.034205
0.033049
0.034262
0.034352
0.033179
0.034368
0.034329
0.033057
0.034527
0.038201
0.034761
0.032818
0.035544
0.033495
0.035572
0.033418
0.033819
0.033522
0.033349
0.033402
0.033101
0.033954
0.033896
0.033461
0.033979
0.035426
0.035347
0.033716
0.035585
0.038811
0.033956
0.033965
0.035291
0.034378
0.036679
0.035626
0.035777
0.033690
0.035439
0.034400
0.034122
0.034323
0.035723
0.034226
0.036008
0.034295
0.035711
0.035629
0.035554
0.039449
0.034761
0.034786
0.035683
0.034170
0.035766
0.034220
0.035800
0.036203
0.034768
0.034587
0.034621
0.034637
0.036361
0.036545
0.036987
0.034852
0.036643
0.036680
0.035313
0.039844
0.036661
0.035070
0.034858
0.035218
0.036476
0.034765
0.036424
0.035308
0.035522
0.036941
0.035403
0.035307
0.038060
0.036920
0.036166
0.037933
0.035925
0.037808
0.037960
0.043060
0.036289
0.038333
0.037910
0.038071
0.038102
0.038150
0.038209
0.038209
0.038203
0.037978
0.038031
0.037982
0.037982
0.038157
0.037977
0.036644
0.036528
0.038829
0.038542
0.043592
0.037697
0.036223
0.038383
0.036469
0.036393
0.036340
0.037899
0.038199
0.036471
0.036583
0.038426
0.036335
0.037878
0.038651
0.036540
0.036931
0.036892
0.036785
0.036769
0.041862
