0.553170
0.016126
0.014666
0.015476
0.015596
0.016879
0.015625
0.016486
0.016548
0.016466
0.016553
0.016688
0.016706
0.016582
0.016791
0.016708
0.016907
0.026256
0.016909
0.016805
0.019186
0.016231
0.017147
0.017141
0.026633
0.017247
0.017214
0.017260
0.021140
0.017367
0.017990
0.026932
0.017435
0.026939
0.017476
0.017461
0.017544
0.017624
0.024649
0.017981
0.022882
0.018063
0.018145
0.018214
0.018262
0.018100
0.018223
0.018187
0.018215
0.018170
0.018243
0.027778
0.018373
0.018400
0.018512
0.018608
0.018640
0.018532
0.024864
0.018956
0.023963
0.019226
0.019380
0.019097
0.021570
0.019014
0.018010
0.019548
0.019667
0.019880
0.019936
0.019801
0.019674
0.019795
0.019566
0.019330
0.019558
0.019351
0.019173
0.019131
0.024153
0.028649
0.019145
0.019170
0.019201
0.019430
0.019482
0.028955
0.019504
0.020799
0.019370
0.020100
0.025938
0.019815
0.019971
0.019877
0.019872
0.019770
0.019889
0.019719
0.024674
