356	94	227	287
375	99	213	264
376	106	208	281
386	89	195	288
389	91	193	281
403	82	181	295
406	80	179	290
412	74	169	304
422	68	143	316
423	81	164	320
434	74	173	310
437	102	191	288
441	70	209	308
451	81	203	310
482	72	169	318
507	85	150	304
532	93	154	311
547	88	154	322
562	82	150	344
570	85	155	344
566	78	157	333
560	75	152	328
549	90	164	318
556	88	168	323
559	94	181	341
560	89	199	355
563	97	207	337
568	96	197	337
572	102	186	328
566	97	186	328
547	111	191	319
540	117	214	338
542	110	233	350
544	120	252	332
548	104	268	356
550	114	271	359
542	112	271	344
527	123	277	339
525	116	265	358
539	119	246	358
545	119	249	349
584	126	227	339
594	127	191	340
571	113	215	374
572	125	182	341
552	125	196	349
543	135	198	334
542	129	202	348
547	130	199	340
549	136	196	333
527	132	187	353
520	130	235	341
497	140	261	324
468	166	274	303
478	161	294	300
473	168	274	310
458	171	274	299
453	179	263	289
438	176	296	296
396	165	303	300
363	192	356	276
337	189	391	274
297	185	454	289
298	197	454	274
262	210	499	257
262	180	534	293
235	193	566	276
248	189	540	275
136	201	550	273
185	214	648	249
106	197	724	274
188	193	648	271
160	193	702	264
188	173	674	289
101	191	771	281
182	164	696	315
211	174	687	290
153	169	736	291
