3.578877
0.023200
0.017790
0.017128
0.009654
0.018025
0.026438
0.020438
0.019010
0.018506
0.018481
0.019396
0.018842
0.019419
0.018647
0.019258
0.019238
0.020798
0.019798
0.017469
0.020827
0.018718
0.017457
0.017894
0.017351
0.019056
0.018638
0.017582
0.018770
0.018762
0.018860
0.021456
0.021376
0.020246
0.019673
0.020089
0.019293
0.020092
0.019558
0.019745
0.024268
0.020195
0.020826
0.019981
0.019516
0.020251
0.020403
0.022491
0.020468
0.021667
0.021232
0.020400
0.019530
0.019712
0.019624
0.021054
0.019649
0.021232
0.019574
0.020027
0.024518
0.019869
0.020968
0.021433
0.019773
0.021251
0.021077
0.021800
0.021519
0.020356
0.020083
0.021806
0.020537
0.022314
0.022672
0.021159
0.021525
0.021404
0.019797
0.019717
0.025974
0.019658
