668	340	68	84
684	334	70	92
702	338	75	82
707	338	79	75
707	338	79	75
858	277	76	91
882	267	77	89
904	263	65	99
911	263	75	103
913	253	73	115
910	243	81	119
914	236	79	124
907	252	92	105
921	254	86	93
940	255	91	90
941	250	105	99
951	261	105	104
957	266	111	125
968	263	110	165
977	278	96	170
985	312	96	181
986	310	96	188
996	302	94	179
996	296	89	163
1005	279	97	154
1025	262	109	159
1036	272	127	136
1063	271	125	117
1054	254	137	106
1087	239	138	115
1118	228	119	116
1137	212	110	122
1157	201	116	123
1176	219	106	105
1196	229	88	109
1206	246	74	104
1215	247	78	115
1213	278	74	111
1214	294	69	113
1215	300	60	108
1234	293	52	117
1243	314	63	112
1267	314	69	126
1267	341	64	132
1258	344	74	141
1245	391	91	119
1229	385	105	131
1214	387	110	118
1226	401	89	111
1236	406	73	106
1238	406	69	91
1244	420	54	87
1250	429	48	73
1247	423	53	76
1239	423	60	67
1238	432	58	65
1235	431	61	70
1239	433	60	65
1226	428	69	69
1233	445	61	62
1239	458	57	58
1245	465	47	58
1237	467	51	48
1228	461	54	51
1218	464	69	48
1218	456	63	59
1225	463	70	68
1234	462	57	76
1238	456	56	83
1234	461	62	88
1226	444	74	95
1227	432	86	98
1228	428	84	109
1224	432	90	112
1221	426	103	116
1229	423	93	135
1219	427	97	133
1208	429	113	163
1197	433	129	189
1193	452	131	174
1201	434	132	179
1203	415	145	209
