0.559399
0.015788
0.016088
0.016009
0.015155
0.015888
0.017006
0.017046
0.017177
0.017174
0.016158
0.017170
0.017171
0.026775
0.020012
0.017361
0.017303
0.017369
0.017420
0.017443
0.019722
0.016752
0.016651
0.017204
0.018272
0.017190
0.026532
0.017972
0.016917
0.018385
0.018194
0.018024
0.018285
0.018145
0.018056
0.018013
0.018274
0.018271
0.018347
0.018252
0.023294
0.018730
0.018626
0.021426
0.018721
0.018719
0.018815
0.018731
0.018771
0.019008
0.018914
0.019158
0.018886
0.018948
0.019019
0.019071
0.019179
0.019140
0.021975
0.019071
0.023952
0.018947
0.018956
0.019141
0.019050
0.019148
0.019227
0.019361
0.019492
0.022295
0.019687
0.019628
0.019761
0.019730
0.019714
0.019749
0.019896
0.019955
0.019996
0.019922
0.024801
0.029419
0.020000
0.020015
0.020023
0.020092
0.020176
0.020232
0.018951
0.020357
0.023832
0.020532
0.020556
0.020758
0.020813
0.020805
0.020702
0.020662
0.020971
0.020913
0.026020
