0.562715
0.015856
0.016655
0.016856
0.016760
0.016878
0.017981
0.018226
0.017877
0.018122
0.017982
0.016845
0.018210
0.018159
0.017027
0.018427
0.018448
0.018357
0.017104
0.018356
0.019548
0.018549
0.018454
0.017295
0.018776
0.018605
0.018771
0.018706
0.017663
0.018700
0.018915
0.019007
0.017705
0.019576
0.019145
0.018459
0.019733
0.018470
0.019779
0.018265
0.024615
0.019594
0.021039
0.020774
0.020702
0.020896
0.019403
0.020732
0.020847
0.020776
0.020811
0.020819
0.019652
0.019617
0.021091
0.021367
0.019016
0.020341
0.020508
0.020339
0.025229
0.019989
0.020216
0.018942
0.019026
0.020093
0.020151
0.020721
0.020761
0.020827
0.021009
0.020807
0.020971
0.020926
0.021031
0.021035
0.019781
0.021126
0.019757
0.021184
0.025575
0.019190
0.019544
0.020736
0.019514
0.020941
0.020629
0.021002
0.019467
0.020939
