0.559556
0.018478
0.019041
0.017799
0.017792
0.017934
0.020612
0.020509
0.020360
0.020764
0.019247
0.020842
0.019427
0.017272
0.018289
0.021051
0.019431
0.019558
0.019698
0.019490
0.023228
0.018536
0.021421
0.017653
0.018745
0.018753
0.017748
0.019215
0.019056
0.017928
0.022223
0.022425
0.019878
0.017598
0.017501
0.018765
0.017632
0.019724
0.018391
0.019660
0.023174
0.022007
0.024312
0.021568
0.021809
0.019466
0.018312
0.019499
0.019646
0.019667
0.021690
0.022761
0.021278
0.022310
0.018707
0.019850
0.018821
0.020143
0.018808
0.022764
0.023855
0.020038
0.018656
0.021114
0.021056
0.022432
0.025015
0.022030
0.023544
0.020793
0.020847
0.022473
0.025874
0.020709
0.019413
0.019440
0.020856
0.019505
0.021023
0.021008
0.025989
0.020887
0.020893
0.021077
0.019619
0.021155
0.024482
0.021629
0.021419
0.022822
0.024528
0.023700
0.021753
0.026466
0.021921
0.023077
0.021665
0.023712
0.022043
0.022173
