358	144	40	97
358	148	41	94
347	153	51	88
342	164	57	79
346	150	53	92
341	163	57	81
333	151	64	94
327	145	65	104
321	155	69	97
321	166	69	91
317	173	65	84
312	171	66	88
297	176	80	85
291	174	83	86
285	170	86	97
288	174	81	95
295	178	72	109
299	186	62	102
298	191	62	102
299	198	58	97
304	189	51	107
299	197	54	98
286	197	58	104
284	208	55	98
287	215	48	92
280	218	54	88
272	219	58	101
266	223	62	102
265	241	55	85
259	248	63	78
250	248	71	78
241	252	77	72
231	243	88	83
223	235	85	92
211	228	93	101
219	228	71	98
219	236	65	97
223	243	59	93
217	253	59	83
216	260	60	76
208	263	57	67
196	261	64	67
187	255	65	69
176	244	73	70
172	244	71	71
168	250	71	64
160	247	77	69
155	256	77	57
145	252	86	60
141	248	80	79
130	242	86	98
122	240	92	118
115	246	91	136
106	252	107	130
114	261	108	121
129	274	103	106
138	276	122	104
133	286	141	93
153	294	124	84
155	289	120	95
166	280	111	99
166	273	121	108
176	275	126	106
174	273	138	104
170	272	153	107
190	281	138	97
219	291	126	91
232	298	124	79
258	298	116	77
263	297	123	82
277	298	125	80
287	297	122	80
296	298	120	77
308	298	111	73
312	294	113	82
310	286	122	89
318	292	122	85
319	291	123	85
325	289	118	88
329	292	116	81
331	296	114	85
333	295	115	90
326	299	117	85
317	302	118	97
306	306	114	90
301	309	108	86
295	312	109	87
283	311	113	86
273	304	123	102
275	307	114	98
277	306	96	80
290	300	88	87
295	301	77	94
295	303	72	93
285	299	64	100
274	299	77	104
239	298	71	112
241	285	67	126
232	267	79	129
241	246	66	140
250	237	53	142
