0.555687
0.016128
0.017008
0.016874
0.016904
0.015760
0.017835
0.016881
0.017112
0.018190
0.018253
0.018160
0.018373
0.018351
0.017335
0.016905
0.018518
0.018551
0.018704
0.018441
0.020622
0.018343
0.018535
0.018554
0.018475
0.018646
0.018696
0.018743
0.018691
0.018718
0.017587
0.019004
0.018920
0.018818
0.019246
0.018938
0.019139
0.018985
0.019096
0.019191
0.024109
0.019260
0.018131
0.019453
0.019400
0.018065
0.018323
0.019491
0.018397
0.018250
0.018301
0.019641
0.019958
0.019927
0.020123
0.019829
0.019908
0.018504
0.018477
0.019837
0.023550
0.019750
0.019936
0.019910
0.020076
0.018866
0.018953
0.020456
0.019237
0.020581
0.020689
0.018867
0.018995
0.019078
0.020689
0.019393
0.019343
0.020738
0.020886
0.019228
0.025824
0.019574
0.018831
0.020395
0.019047
0.018987
0.018954
0.020560
0.019064
0.019050
0.019057
0.019105
0.019194
0.019246
0.019196
0.019231
0.019100
0.019433
0.019350
0.019457
0.033605
0.019403
0.019520
0.019396
0.028723
0.019630
0.019432
0.019910
0.019758
0.019557
0.019870
0.019837
0.019790
0.019884
0.019838
0.019855
0.019918
0.019917
0.019971
0.019864
0.024945
0.019964
0.023147
0.020159
0.020041
0.020192
0.020176
0.020319
0.020304
0.020400
0.020352
0.021924
0.020624
0.020301
0.020274
0.020381
0.020386
0.020369
0.020390
0.020377
0.025485
0.021987
0.022551
0.022618
0.021102
0.022477
0.021099
0.021114
0.020976
0.020961
0.022374
0.022315
0.021017
0.021114
0.021056
0.021116
0.021088
0.022737
0.022552
0.021341
0.026130
0.021229
0.022786
0.021394
0.021213
0.022777
0.022821
0.022997
0.021597
0.021543
0.021588
0.021710
0.021658
0.021720
0.021723
0.021580
0.021909
0.023280
0.021648
0.021812
0.026615
0.023375
0.021776
0.024506
0.021806
0.024152
0.024233
0.024416
0.024337
0.022318
0.022222
0.023897
0.022154
0.023825
0.022384
0.022138
0.022333
0.023933
0.024033
0.024184
0.029038
0.024112
0.024166
0.024096
0.023808
0.024939
0.025046
0.024912
0.025072
0.025085
0.022669
0.024247
0.024302
0.024325
0.022937
0.022940
0.024700
0.022999
0.024868
0.022979
0.029465
0.024710
0.024702
0.023177
0.024814
0.023641
0.024865
0.024731
0.024718
0.023449
0.025022
0.025031
0.023445
0.025074
0.023484
0.023400
0.024858
0.026155
0.023645
0.025190
0.028367
0.025090
0.024464
0.026448
0.024278
0.025910
0.024474
0.024488
0.024218
0.025904
0.025901
0.025844
0.025968
0.026079
0.024661
0.026065
0.026287
0.026049
0.026039
0.024565
0.030818
0.025991
0.026005
0.024566
0.026166
0.026359
0.026234
0.024720
0.026224
0.024934
0.026103
0.026042
0.026289
0.026179
0.026225
0.026321
0.024906
0.026422
0.026384
0.026590
0.031386
0.025237
0.026562
0.026569
0.026556
0.026424
0.025303
0.026630
0.026727
0.026577
0.025501
0.025484
0.025606
0.025252
0.026557
0.026605
0.026803
0.025458
0.027211
0.025604
0.030431
0.029589
0.029944
0.028188
0.028083
0.029948
0.028253
0.025780
0.027239
0.027152
0.026077
0.027216
0.026233
0.027569
0.057176
0.029826
0.029993
0.030250
0.027733
0.026278
0.032839
0.027780
0.026261
0.027702
0.027602
0.027710
0.028025
0.029033
0.026532
0.028190
0.028093
0.028111
0.026684
0.028150
0.028242
0.026579
0.026654
0.028216
0.026860
0.028322
0.031698
0.028384
0.028291
0.026874
0.026837
0.026844
0.028688
0.028627
0.028555
0.031077
0.028799
0.028592
0.028717
0.028676
0.028677
0.028813
0.029043
0.028693
0.028663
0.029226
0.033921
0.029014
0.029058
0.029027
0.028971
0.028959
0.030202
0.027693
0.029125
0.027839
0.027873
0.029395
0.027754
0.029240
0.029501
0.029635
0.029513
0.029665
0.027980
0.029434
0.033247
0.029814
0.029660
0.029754
0.029562
0.029915
0.028345
0.028614
0.028448
0.029771
0.028454
0.028336
0.028660
0.030231
0.028956
0.028729
0.029181
0.030659
0.031169
0.031006
0.034393
0.029206
0.030672
0.029110
0.029203
0.029465
0.030992
0.030997
0.031286
0.031423
0.031385
0.031102
0.031366
0.031348
0.031430
0.031810
0.030949
0.029296
0.031072
0.029908
0.034040
0.030014
0.031803
0.032182
0.030320
0.031665
0.029352
0.030671
0.030793
0.031161
0.029469
0.032377
0.030305
0.032081
0.031955
0.031943
0.032113
0.031985
0.030563
0.032019
0.037001
0.031875
0.032001
0.032223
0.032330
0.031528
0.030819
0.032448
0.030589
0.032361
0.032606
0.032542
0.032594
0.032770
0.033120
0.031055
0.032840
0.032620
0.032713
0.032621
0.037338
0.031174
0.030845
0.032715
0.033033
0.032778
0.032816
0.032726
0.031500
0.033164
0.033391
0.033448
0.033636
0.031826
0.033477
0.033330
0.033038
0.033427
0.033588
0.033622
0.038617
0.033419
0.033275
0.033447
0.033399
0.033495
0.031972
0.033480
0.033390
0.033384
0.033693
