0.690713
0.112496
0.118338
0.117831
0.098672
0.053350
0.051469
0.106481
0.069849
0.077381
0.049067
0.052508
0.049153
0.079977
0.077885
0.134508
0.131875
0.101899
0.053859
0.050246
0.111666
0.087363
0.055959
0.045332
0.044846
0.044493
0.044633
0.111747
0.133301
0.132987
0.115360
0.055622
0.051616
0.094282
0.083029
0.082929
0.045810
0.046221
0.046926
0.047724
0.114619
0.132962
0.132295
0.079233
0.060805
0.047513
0.048337
0.108157
0.093731
0.053052
0.046730
0.045458
0.044309
0.117988
0.082947
0.132658
0.126112
0.078480
0.047540
0.045817
0.088949
0.084008
0.084122
0.047476
0.045662
0.046026
0.077395
0.082612
0.133103
0.120914
0.092744
0.062231
0.051462
0.048848
0.118056
0.093041
0.046475
0.048127
0.047633
0.050775
0.124050
0.122540
0.132757
0.113463
0.058829
0.050021
0.048791
0.132654
0.083454
0.048924
0.045527
0.045854
0.043012
0.081354
0.069509
0.132827
0.134433
0.086729
0.056433
0.049706
0.050582
0.121347
0.066210
0.044010
0.044489
0.044590
0.040657
0.045285
0.103111
0.077664
0.131779
0.102386
0.079914
0.042581
0.046569
0.046600
0.111754
0.107540
0.048906
0.045191
0.045567
0.050036
0.114884
0.083387
0.121150
0.119444
0.069826
0.053926
0.043900
0.045505
0.118153
0.094819
0.045936
0.047096
0.042338
0.042802
0.061404
0.096036
0.122064
0.133043
0.097898
0.052431
0.047669
0.052201
0.131749
0.090759
0.040445
0.046192
0.044515
0.045631
0.115733
0.088651
0.134485
0.111552
0.073215
0.048578
0.047260
0.046368
0.133203
0.089674
0.049762
0.046261
0.044915
0.047453
0.116481
0.133989
0.134595
0.085228
0.061398
0.047550
0.045816
0.106178
0.092033
0.050905
0.046682
0.043238
0.045725
0.045278
0.118494
0.131579
0.131993
0.096056
0.051894
0.051063
0.108149
0.068968
0.074569
0.049267
0.053380
0.050301
0.051174
0.122611
0.134217
0.132688
0.086946
0.057537
0.049496
0.058755
0.116993
0.068374
0.043834
0.047781
0.049805
0.048337
0.047697
0.120668
0.111206
0.120386
0.106910
0.072553
0.051875
0.048057
0.119533
0.078480
0.054430
0.044501
0.044755
0.045010
0.044345
0.120601
0.120638
0.120897
0.108790
0.067765
0.052425
0.108967
0.070366
0.078262
0.044329
0.043566
0.044005
0.045157
0.068038
0.087091
0.119661
0.119989
0.096264
0.052276
0.048776
0.047468
0.114284
0.081132
0.060374
0.047895
0.046174
0.045805
0.085392
0.069398
0.132987
0.130587
0.069019
0.058480
0.045195
0.044722
0.109050
0.079462
0.046545
0.042619
0.046377
0.047556
0.050349
0.128864
0.122255
0.134897
0.116228
0.061033
0.049831
0.051904
0.109456
0.071774
0.052088
0.053214
0.051530
0.110723
0.083535
0.134584
0.116986
0.093679
0.053393
0.051322
0.130933
0.087402
0.049736
0.049959
0.046021
0.048208
0.123946
0.132803
0.132472
0.098078
0.061986
0.051355
0.049575
0.133507
0.087700
0.048838
0.049485
0.049716
0.066094
0.100138
0.133500
0.132043
0.092446
0.063776
0.050137
0.050412
0.130934
0.084050
0.050975
0.049667
0.046731
0.047472
0.120031
0.133125
0.132583
0.091228
0.043062
0.042357
0.041833
0.042953
0.039712
0.042570
0.041218
0.040207
0.067781
0.083949
0.066053
0.053333
0.048870
0.048717
0.050703
0.049374
0.115962
0.132613
0.132575
0.088567
0.063351
0.049198
0.046971
0.113232
0.081312
0.054564
0.045548
0.045455
0.044231
0.044425
0.125709
0.131155
0.131641
0.100165
0.054102
0.051117
0.080017
0.101361
0.080499
0.051494
0.054416
0.051974
0.100668
0.058387
0.120578
0.134899
0.109130
0.051971
0.050433
0.105693
0.069914
0.086895
0.048196
0.051632
0.051525
0.107007
0.076767
0.121166
0.132290
0.078221
0.050154
0.056114
0.132462
0.088824
0.048727
0.047279
0.047548
0.047126
0.120228
0.117979
0.134154
0.103958
0.058499
0.049163
0.049128
0.118899
0.076386
0.048346
0.053604
0.051379
0.052920
0.123190
0.121476
0.134395
0.092282
0.070858
0.050996
0.048160
0.133744
0.083921
0.048442
0.047030
0.047098
0.049354
0.123917
0.123572
0.134732
0.099025
0.064365
0.050321
0.048551
0.121075
0.085140
0.047898
0.049911
0.049595
0.049172
0.123155
0.120955
0.132367
0.107587
0.059659
0.047090
0.045469
0.130031
0.082511
0.050605
0.047491
0.046056
0.049466
0.123971
0.118000
0.120918
0.106289
0.067824
0.049295
0.047206
0.109841
0.063334
0.072934
0.045752
0.050034
0.049587
0.080374
0.077253
0.121193
0.120666
0.112719
0.063607
0.048469
0.049000
0.119833
0.084915
0.051111
0.043707
0.041494
0.042136
0.088769
0.064792
0.121047
0.121230
0.105546
0.059894
0.048061
0.047509
0.107278
0.083639
0.057011
0.044667
0.045376
0.047593
0.047677
0.118991
0.120157
0.131819
0.082666
0.064286
0.038461
0.041319
0.045186
0.118957
0.088959
0.049632
0.047216
0.048429
0.048270
0.122425
0.116298
0.121048
0.111818
0.067126
0.049834
0.047081
0.101464
0.069299
0.080878
0.045821
0.045214
0.045844
0.045243
0.121538
0.099066
0.131246
0.101930
0.060709
0.044573
0.046582
0.120566
0.055977
0.076085
0.048381
0.045974
0.043489
0.044668
0.122670
0.132557
0.121558
0.104567
0.059688
0.046122
0.048640
0.132410
0.080152
0.050910
0.044866
0.046545
0.045555
0.113891
0.082125
0.131906
0.109913
0.083477
0.052501
0.049318
0.066983
0.108514
0.081756
0.046953
0.041872
0.042860
0.045122
0.079115
0.075064
0.133997
0.120899
0.093326
0.058230
0.046736
0.046756
0.087041
0.088457
0.078582
0.045182
0.050904
0.048261
0.045788
0.122924
0.121108
0.132515
0.105133
0.061286
0.050802
0.110296
0.069778
0.075995
0.052138
0.049055
0.047285
0.094271
0.059557
0.121763
0.121126
0.112447
0.058321
0.050617
0.048668
0.119770
0.081162
0.051500
0.048230
0.047307
0.047190
0.121923
0.104594
0.120232
0.110441
0.071308
0.048286
0.049643
0.118836
0.091699
0.054123
0.047151
0.047434
0.048980
0.126182
0.132143
0.119811
0.088356
0.064484
0.048540
0.050035
0.118617
0.090721
0.054028
0.049615
0.046830
0.095971
0.075003
0.133298
0.120628
0.100531
0.052047
0.050775
0.097514
0.076574
0.079115
0.048671
0.046205
0.048498
0.047731
0.117131
0.119715
0.120402
0.096934
0.046304
0.054565
0.055028
0.121957
0.094875
0.051299
0.045863
0.050201
0.048500
0.123534
0.123646
0.120801
0.109822
0.060384
0.052912
0.050773
0.121243
0.063223
0.062561
0.043448
0.043014
0.044815
0.086980
0.064603
0.120256
0.120523
0.090795
0.061892
0.046838
0.047254
0.107065
0.081406
0.057889
0.047531
0.045702
0.046256
0.065982
0.093789
0.121771
0.132102
0.102697
0.059344
0.049680
0.050044
0.121342
0.088640
0.047166
0.046724
0.043988
0.048731
0.108165
0.074863
0.120561
0.120502
0.080877
0.052733
0.050226
0.071858
0.101062
0.078552
0.047529
0.051652
0.048048
0.094553
0.059861
0.120657
0.121247
0.109828
0.064326
0.057792
0.106520
0.085327
0.048391
0.047404
0.049293
0.044830
0.046025
0.046081
0.116015
0.121076
0.120074
0.099981
0.063923
0.050541
0.045862
0.049207
0.109534
0.040148
0.034790
0.039596
0.037071
0.042298
0.037836
0.037630
0.036755
0.043131
0.041022
0.042912
0.073683
0.079545
0.121428
0.120547
0.107693
0.055673
0.045556
0.045639
0.117414
0.082549
0.043284
0.043482
