0.720927
0.049322
0.054145
0.117933
0.085083
0.047396
0.048020
0.050899
0.117099
0.094140
0.048262
0.046719
0.050529
0.102268
0.092203
0.045566
0.043440
0.044116
0.119078
0.090298
0.050177
0.043623
0.045866
0.120362
0.095175
0.047190
0.043703
0.046285
0.118818
0.099152
0.053033
0.049287
0.065798
0.096250
0.086101
0.047742
0.049962
0.050922
0.118997
0.092959
0.046054
0.044803
0.047786
0.125399
0.091167
0.047603
0.047159
0.052642
0.122225
0.096605
0.049894
0.047320
0.066995
0.090203
0.082096
0.048952
0.045924
0.047297
0.122266
0.087913
0.049107
0.043351
0.045680
0.111202
0.097308
0.053518
0.050860
0.051641
0.120640
0.093512
