603	281	160	287
622	283	145	289
636	287	132	277
638	295	117	263
652	294	102	265
655	292	93	269
666	295	89	265
665	294	81	264
661	292	89	269
642	289	112	271
614	287	149	272
624	281	132	288
618	285	145	289
624	284	132	289
631	289	121	285
612	290	132	284
625	282	111	289
633	278	111	296
623	280	112	293
631	277	110	293
639	279	105	294
626	284	114	288
609	283	141	291
623	284	133	291
619	291	136	283
630	293	124	275
634	295	130	269
630	293	111	265
645	295	96	262
649	293	95	263
648	292	99	263
651	293	96	266
646	293	97	263
639	293	107	265
617	291	131	268
618	292	128	268
613	292	129	267
624	289	123	273
612	292	138	272
612	287	132	271
607	286	129	263
599	285	133	277
573	289	155	270
592	285	139	271
577	290	155	267
602	291	130	266
587	288	141	273
603	293	133	250
614	296	125	262
610	287	131	271
613	294	124	265
605	293	130	272
620	281	118	276
622	285	127	277
632	290	119	269
630	284	127	280
634	292	129	253
625	290	141	269
625	292	131	252
631	290	125	256
634	292	109	272
619	291	124	267
626	291	128	270
620	293	127	267
607	286	137	276
601	284	136	271
587	287	151	272
593	288	146	268
578	296	174	259
586	289	152	270
594	286	144	265
616	290	122	251
621	294	117	266
621	292	125	268
596	289	143	273
613	289	123	263
608	279	132	284
624	285	122	272
631	282	123	279
638	289	124	265
645	290	117	256
634	287	129	274
641	290	125	254
632	287	141	279
638	289	130	269
635	289	133	270
649	294	124	264
631	289	134	273
645	286	129	265
628	289	146	275
641	296	136	267
638	290	147	275
644	292	130	262
658	291	127	278
659	292	120	270
677	287	104	269
691	293	93	263
704	291	86	250
716	285	77	267
717	288	89	262
703	289	113	250
702	288	152	263
703	287	159	265
697	286	158	269
710	283	142	270
720	287	142	272
717	286	154	263
733	288	149	269
741	290	143	273
747	290	137	272
730	285	152	277
731	285	133	277
719	288	142	264
721	282	142	275
716	285	139	282
727	282	116	284
721	275	121	291
711	281	115	287
692	271	130	298
688	280	122	284
688	283	117	290
697	279	113	293
713	277	113	289
680	271	170	296
686	276	155	297
681	272	150	302
672	271	172	307
693	274	166	307
694	276	142	310
687	274	139	312
712	266	123	324
722	269	117	322
722	270	128	316
720	278	113	308
720	267	118	316
711	268	139	312
699	270	146	313
698	276	141	310
692	282	150	302
699	278	135	302
712	283	133	284
709	278	138	291
710	287	130	281
717	292	126	279
718	289	123	278
718	285	123	283
716	284	123	273
719	287	118	264
720	287	115	270
718	289	115	266
713	292	122	265
713	290	118	265
712	292	111	254
715	293	107	256
713	288	100	260
717	291	96	258
718	293	90	251
721	291	81	250
723	291	86	251
720	290	91	251
721	289	126	249
700	291	146	265
700	292	133	259
688	286	156	272
692	287	119	265
708	286	108	275
714	276	121	285
713	286	115	280
710	287	122	282
700	290	131	276
699	278	118	285
707	283	109	279
710	282	100	277
699	284	109	277
693	283	113	279
668	287	103	275
672	290	96	266
664	290	97	265
667	285	94	273
678	283	83	274
691	287	77	269
698	291	75	258
697	291	84	258
700	292	89	256
713	288	86	262
716	291	112	262
713	290	124	248
718	291	123	252
720	290	126	254
734	291	111	255
738	292	102	260
741	288	100	265
734	286	108	267
728	287	112	269
725	284	112	270
724	283	106	271
712	280	117	272
699	283	138	285
696	284	138	267
671	286	148	277
682	283	101	269
665	285	106	271
655	285	117	272
628	285	154	273
588	286	195	264
616	276	188	278
635	282	145	274
666	284	109	263
695	281	112	278
691	283	126	279
696	281	132	276
692	278	137	275
713	286	114	264
728	288	116	269
739	285	139	279
730	286	163	270
736	286	169	272
755	285	148	267
759	285	139	271
761	283	128	274
751	280	137	274
743	282	141	278
733	281	151	279
728	278	154	287
720	283	122	280
706	284	123	278
693	280	135	278
669	285	154	267
659	282	160	271
637	285	160	261
631	286	129	273
638	287	121	271
626	280	123	273
604	284	145	269
605	284	138	272
598	282	141	275
584	282	120	284
576	289	112	273
561	292	128	268
522	292	164	273
515	285	161	282
506	282	146	284
493	289	142	277
485	289	107	277
451	285	140	276
435	284	153	284
451	278	120	288
452	285	106	286
451	303	84	267
430	303	100	264
419	294	98	272
402	294	117	274
393	288	131	296
398	290	110	282
389	295	107	277
377	293	123	275
375	296	115	276
374	283	105	288
367	289	112	281
354	290	113	283
347	292	105	278
339	292	104	274
322	293	114	277
312	289	116	280
305	291	120	274
306	291	128	276
305	287	115	277
317	289	92	277
319	289	97	275
323	290	99	279
325	293	98	276
342	291	88	272
352	293	92	276
351	290	91	275
359	292	74	286
362	291	74	283
363	289	77	280
360	291	86	277
352	294	96	275
352	293	100	273
356	290	90	275
359	290	90	287
360	290	101	291
353	294	115	281
349	295	113	280
360	295	126	270
349	290	83	277
358	291	84	277
342	293	118	269
333	293	123	270
336	295	108	265
351	295	86	261
370	291	78	265
368	294	92	262
369	297	98	255
382	298	88	257
397	301	84	249
414	297	81	256
417	298	73	252
412	296	79	252
405	302	94	253
407	302	93	246
418	296	87	257
426	301	99	253
427	296	84	255
426	304	82	251
416	295	104	265
438	293	86	263
447	293	92	265
447	292	86	268
448	292	99	271
445	294	87	272
445	292	98	275
448	295	95	272
460	287	108	276
469	289	85	268
471	290	87	274
470	290	111	270
471	295	106	267
485	290	146	268
508	292	141	268
514	292	127	268
528	294	126	266
521	293	118	267
524	296	128	264
525	298	130	264
520	296	118	260
518	301	137	258
507	294	123	264
490	305	124	253
485	299	122	261
480	293	122	265
475	309	127	247
468	296	144	262
446	294	151	265
429	295	171	264
422	303	124	255
425	308	90	256
416	302	74	255
397	291	90	268
366	298	107	261
347	294	120	269
347	298	111	269
346	301	87	258
339	299	86	254
313	301	94	250
301	306	102	251
295	301	114	256
288	304	112	257
289	303	107	254
297	297	100	255
303	299	95	253
300	300	109	256
298	298	131	259
297	298	137	263
341	293	107	269
360	298	104	260
355	297	110	261
364	296	125	262
349	294	143	261
376	293	112	260
376	298	115	257
368	300	97	256
356	296	110	257
359	297	120	266
349	292	121	271
353	291	111	278
337	294	121	270
342	306	97	266
331	298	98	261
322	296	101	269
318	293	107	268
291	301	131	259
307	298	106	267
299	303	98	259
300	304	102	256
309	301	96	256
315	297	97	260
318	301	100	251
323	303	101	248
325	304	104	247
327	303	108	248
324	298	124	253
328	301	125	256
340	303	114	281
350	302	100	257
354	299	95	256
358	295	90	259
351	295	97	271
348	293	135	275
346	299	123	269
348	292	110	272
345	297	95	266
342	296	95	265
335	293	101	268
327	290	115	273
328	291	116	274
331	291	112	269
342	296	94	269
344	292	95	272
346	293	105	271
349	297	119	271
344	290	127	276
351	299	104	262
364	300	101	261
363	301	92	256
369	301	96	253
377	303	96	249
381	306	93	240
383	306	93	240
367	302	110	244
354	299	121	245
358	300	114	252
354	298	123	262
344	292	128	280
355	294	113	291
350	295	107	257
356	298	101	261
338	295	112	270
342	293	105	271
345	296	99	268
342	297	93	267
332	293	103	272
327	291	109	273
316	288	124	280
319	288	115	287
313	282	122	294
308	284	118	297
300	289	113	293
306	283	96	299
312	280	88	314
311	275	93	316
307	274	95	324
303	277	96	318
294	271	108	326
280	264	123	333
279	265	136	342
242	265	192	341
220	255	187	351
214	269	180	339
253	270	143	339
262	275	141	335
245	277	135	340
260	281	105	338
255	277	112	342
243	280	114	341
234	278	133	347
209	270	161	349
197	259	168	360
211	256	158	362
174	256	187	367
199	255	153	368
185	259	161	370
187	255	147	382
182	255	152	389
177	250	156	396
189	258	138	389
186	252	150	394
203	247	133	386
189	242	187	393
176	246	217	392
164	244	225	390
215	250	172	372
230	253	149	369
247	252	149	371
248	249	187	372
222	247	221	377
228	248	208	377
231	247	170	380
257	256	146	370
250	260	165	364
257	251	157	371
257	247	187	377
245	250	208	379
241	251	204	374
239	254	196	371
238	255	163	372
230	251	159	372
214	251	155	382
213	256	144	380
202	255	144	377
180	256	159	377
187	255	153	369
166	257	186	368
168	247	168	379
163	246	164	377
172	253	157	371
171	259	156	358
171	259	143	356
160	262	164	354
153	257	181	365
152	264	180	356
148	270	186	351
157	264	177	356
176	264	156	351
192	264	150	348
194	265	151	346
188	262	167	348
216	263	146	349
251	270	124	334
267	275	116	326
283	266	113	336
284	263	145	341
288	267	149	337
293	270	144	335
299	270	140	337
304	269	134	333
297	266	138	332
295	269	165	333
295	268	141	328
295	273	155	325
298	276	132	308
299	279	127	306
309	279	121	307
310	278	107	305
313	277	93	307
300	285	108	299
298	285	114	299
305	286	116	297
294	280	122	303
293	274	134	317
290	277	135	320
282	277	134	319
275	280	137	317
271	276	130	319
267	275	134	321
262	270	136	334
255	274	134	329
253	275	125	333
253	274	122	331
245	274	126	334
240	268	128	345
230	264	131	358
218	260	127	363
205	262	133	367
181	263	161	364
177	262	192	364
173	251	185	388
166	248	158	391
168	252	161	387
168	251	157	391
127	252	202	390
141	250	194	394
157	249	177	392
163	250	170	394
178	247	160	394
190	251	144	389
190	255	135	374
202	257	136	364
214	251	116	361
233	257	100	354
224	263	116	349
193	269	169	343
204	266	159	346
234	259	128	355
244	261	127	352
251	258	156	358
253	251	167	369
280	251	139	369
295	251	121	367
298	253	137	365
296	246	136	376
293	244	128	390
297	242	120	392
288	246	118	392
277	244	120	388
260	247	132	385
248	246	134	386
214	244	146	390
189	243	166	396
178	249	164	387
177	256	158	382
178	257	146	381
179	250	140	385
184	254	134	383
175	253	152	382
170	253	161	366
174	255	163	362
233	253	125	363
250	251	113	367
247	248	147	373
239	248	185	373
260	247	164	376
292	249	141	375
314	261	131	364
314	253	144	366
307	250	236	373
291	246	270	372
306	245	231	374
314	244	153	376
313	250	141	368
309	253	127	372
297	252	124	371
281	254	134	367
274	253	146	369
256	253	136	365
234	261	128	357
215	261	124	353
162	268	173	349
154	268	187	355
158	262	179	353
157	259	174	359
165	260	164	357
167	256	161	363
169	258	156	360
171	256	151	364
187	252	144	372
218	253	121	364
251	258	123	365
253	248	144	369
256	253	173	372
267	243	183	383
313	243	181	381
335	252	173	370
347	261	165	365
354	254	174	372
352	249	182	377
365	253	175	378
377	253	165	377
398	252	176	372
448	254	145	363
465	250	166	362
459	244	202	373
468	241	225	380
493	243	184	373
542	243	167	370
544	245	170	368
560	243	172	369
583	245	175	368
593	250	173	365
605	244	168	369
621	243	165	365
645	255	155	355
659	252	162	358
645	252	201	364
672	256	168	361
689	256	159	360
707	256	151	363
711	258	160	356
719	251	150	364
725	246	150	368
719	245	161	372
745	243	152	371
768	250	147	340
784	246	139	359
804	243	166	368
811	247	182	373
822	251	176	357
849	254	156	374
851	241	149	373
857	243	129	370
860	235	128	373
855	236	128	372
853	240	129	369
851	240	121	371
847	243	118	363
843	245	101	358
839	244	107	357
838	245	104	356
838	243	108	354
822	244	118	361
825	246	112	359
819	246	120	358
816	242	122	362
830	241	112	356
804	243	140	362
820	241	129	364
835	244	115	358
844	246	98	357
854	244	104	365
854	239	145	395
840	236	166	390
854	239	184	390
855	234	163	395
856	233	130	388
850	235	132	386
843	230	140	401
841	230	139	406
826	229	147	405
829	230	139	404
801	232	150	402
791	228	164	409
785	227	176	412
790	225	175	414
786	228	180	413
770	230	171	409
761	230	159	402
737	231	186	399
736	237	181	393
726	230	181	401
724	237	173	396
707	237	175	386
711	237	151	380
734	236	128	383
718	239	143	377
714	240	142	373
718	238	137	375
697	241	148	368
710	241	126	376
671	234	165	376
635	242	207	378
632	243	201	380
611	246	189	379
627	250	156	380
620	246	144	375
600	242	158	384
592	242	177	386
592	244	157	383
591	248	150	382
594	249	145	377
611	247	146	375
602	242	169	379
635	243	157	386
638	240	173	386
665	248	149	378
697	246	125	377
712	242	130	380
713	239	147	383
739	239	143	389
726	238	180	388
758	247	155	377
773	243	155	370
794	242	152	372
822	236	175	391
849	240	181	387
852	232	183	393
877	232	162	400
902	227	154	385
915	226	152	402
920	228	186	410
928	229	179	394
938	232	182	380
954	233	164	379
952	230	166	397
949	233	165	402
936	230	171	402
901	232	203	383
882	231	220	401
874	228	191	395
863	231	140	389
862	233	131	392
