0.910653
0.046373
0.047291
0.048558
0.133730
0.080456
0.052203
0.047094
0.048887
0.049034
0.130264
0.121820
0.135469
0.055229
0.081279
0.049657
0.047861
0.046598
0.131071
0.060492
0.056779
0.046807
0.042623
0.045082
0.050602
0.099911
0.132709
0.122153
0.090997
0.055161
0.049769
0.052627
0.133132
0.090868
0.049456
0.048120
0.049088
0.109350
0.080020
0.134645
0.119644
0.078159
0.048738
0.044903
0.046238
0.126883
0.078036
0.045156
0.050647
0.048697
0.093215
0.067795
0.119964
0.131864
0.113284
0.057981
0.048396
0.077106
0.102164
0.089870
0.053879
0.047784
0.045910
0.046182
0.122169
0.132894
0.132252
0.094285
0.061810
0.050398
0.048893
0.131470
0.080103
0.048511
0.045922
0.044023
0.047286
0.097898
0.054099
0.122623
0.121378
0.113241
0.058659
0.048476
0.047523
0.133323
0.056951
0.053689
0.046693
0.045731
0.043961
0.046284
0.106649
0.068830
0.120600
0.120834
0.070672
0.059745
0.050217
0.049217
0.094195
0.078576
0.086092
0.050723
0.044066
0.051178
0.075571
0.072034
0.129786
0.120941
0.105913
0.054663
0.045906
0.048838
0.108345
0.064190
0.081743
0.047167
0.045671
0.045118
0.045542
0.054254
0.057180
0.057728
0.030619
0.111754
0.121283
0.122664
0.064643
0.049806
0.050931
0.120412
0.092904
0.057108
0.047885
0.049359
0.050342
0.124825
0.121638
0.121804
0.081322
0.063021
0.048229
0.046058
0.110591
0.084071
0.049421
0.045310
0.043972
0.044737
0.126178
0.132871
0.132913
0.088059
0.056661
0.047196
0.045576
0.120742
0.086656
0.049963
0.045771
0.050401
0.070648
0.091503
0.133418
0.120605
0.104486
0.063554
0.046539
0.048110
0.119799
0.082993
0.048490
0.045697
0.043985
0.047519
0.102645
0.077652
0.132960
0.108673
0.070185
0.045532
0.046669
0.073350
0.107038
0.086958
0.046848
0.046477
0.046453
0.046476
0.116966
0.120409
0.119945
0.105023
0.066114
0.048405
0.046029
0.110762
0.072776
0.059013
0.042893
0.043427
0.042497
0.044070
0.124345
0.118683
0.132183
0.095060
0.064603
0.051449
0.050316
0.130777
0.076215
0.048110
0.041795
0.046882
0.044757
0.063055
0.098019
0.121780
0.119991
