0.653277
0.042074
0.120091
0.072985
0.050277
0.046921
0.100215
0.093400
0.050750
0.051504
0.131920
0.097371
0.051393
0.051235
0.101156
0.107024
0.059640
0.046892
0.047144
0.110615
0.090381
0.051281
0.049772
0.047624
0.077222
0.098476
0.076797
0.048916
0.047724
0.075458
0.090719
0.091707
0.053442
0.049730
0.109138
0.097326
0.044828
0.040154
0.039900
0.039567
0.046133
0.037843
0.038807
0.121293
0.098468
0.050853
0.047058
0.046881
0.126092
0.098727
0.047171
0.046878
0.045236
0.123653
0.080330
0.045647
0.044078
0.047772
0.130061
0.094169
0.047470
0.045928
0.047241
0.120591
0.096658
0.050048
0.045495
0.048069
0.103249
0.107372
0.057462
0.046793
0.050243
0.118647
0.093923
0.053062
0.048069
0.049640
0.127877
0.089160
0.052781
0.052562
0.053501
0.116416
0.086769
0.051718
0.050317
0.095466
0.098537
0.052565
0.047598
0.049903
0.109101
0.102435
0.053275
0.048552
0.053030
0.111384
0.096337
0.050390
0.045198
0.046653
0.050178
0.110476
0.090448
0.048018
0.046145
0.049612
0.124035
0.098992
0.049702
0.045930
0.046201
0.112874
0.096495
0.052690
0.047890
0.050124
0.103159
0.098122
0.049287
0.044670
0.047863
0.122036
0.081294
0.047872
0.046021
0.044279
0.120928
0.079878
0.049280
0.048253
0.051724
0.105518
0.101118
0.053188
0.054037
0.051549
0.105964
0.100060
0.054860
0.052012
0.053432
0.121734
0.103684
0.049739
0.048545
0.092840
0.107098
0.040407
0.039111
0.038560
0.040349
0.041924
0.050445
0.086144
0.090747
0.050615
0.052200
0.076664
0.094072
0.093601
0.052818
0.044143
0.042546
0.042730
0.076586
0.066403
0.082809
0.049377
0.046759
0.049330
0.110834
0.084208
0.051718
0.056788
0.104037
0.096772
0.063092
0.049813
0.050532
0.108124
0.103225
0.050835
0.047440
0.046684
0.116261
0.089839
0.050681
0.047612
0.048078
0.121816
0.086601
0.047565
0.043862
0.046682
0.122607
0.098428
