0.557262
0.039896
0.043328
0.121823
0.133003
0.121579
0.085544
0.059380
0.045815
0.046409
0.118514
0.073138
0.043985
0.044291
0.044164
0.045014
0.044754
0.117995
0.120921
0.133052
0.078607
0.058174
0.047451
0.047894
0.108404
0.082152
0.058475
0.049529
0.048450
0.047162
0.070420
0.082792
0.121384
0.133869
0.087681
0.058091
0.049721
0.050138
0.134750
0.088174
0.054143
0.051285
0.049639
0.099910
0.052752
0.134845
0.133709
0.087766
0.056535
0.052629
0.092406
0.083976
0.078672
0.050403
0.050525
0.049386
0.065199
0.091328
0.121555
0.122014
0.070448
0.090264
0.050910
0.049431
0.123106
0.090128
0.044653
0.043697
0.043647
0.044099
0.056932
0.101039
0.124635
0.122282
0.109480
0.060521
0.046112
0.046578
0.121653
0.085307
0.043841
0.045836
0.043547
0.045460
0.103277
0.083302
0.124573
0.133907
0.079110
0.050889
