0.623824
0.102849
0.057089
0.064228
0.048311
0.043494
0.044250
0.045033
0.120358
0.121211
0.122281
0.119936
0.072797
0.048548
0.047967
0.119392
0.098904
0.050395
0.048412
0.047710
0.048152
0.127233
0.117525
0.132446
0.101621
0.052864
0.048410
0.045515
0.129706
0.084097
0.046419
0.043213
0.043406
0.046199
0.121269
0.097967
0.121332
0.117210
0.083241
0.048622
0.055279
0.121039
0.097211
0.046827
0.046703
0.043850
0.045563
0.074147
0.086854
0.120954
0.132022
0.089107
0.066649
0.047991
0.048739
0.110741
0.080275
0.049488
0.051302
0.050884
0.049702
0.110888
0.078651
0.137916
0.120482
0.085432
0.049958
0.050272
0.117863
0.095453
0.051759
0.046547
0.043313
0.046974
0.052406
0.094299
0.120071
0.133056
0.104125
0.066279
0.052621
0.048367
0.130022
0.075682
0.044458
0.044571
0.046354
0.049688
0.076719
0.088338
0.131315
0.130652
0.103349
0.055726
0.057115
0.098046
0.082294
0.085571
0.055079
0.049425
0.048588
0.065698
0.094591
0.133202
0.120627
0.090039
0.060370
0.045509
0.047617
0.115371
0.090307
0.052564
0.047240
0.050071
0.049484
0.122227
0.087489
0.132422
0.109539
0.085377
0.048336
0.049473
0.095516
0.085221
0.072767
0.054657
0.044391
0.044591
0.046161
0.075403
0.088039
0.132716
0.121032
0.115261
0.065421
0.052878
0.084955
0.096717
0.082437
0.047722
0.050660
0.047615
0.046271
0.112911
0.079444
0.121441
0.120719
0.100621
0.053540
0.049037
0.100406
0.077069
0.085455
0.051197
0.052158
0.047140
0.045014
0.114110
0.120741
0.120714
0.109421
0.068582
0.046427
0.047663
0.118740
0.070568
0.046774
0.047900
0.046381
0.047399
0.050687
0.121686
0.119131
0.133058
0.121597
0.069698
0.050324
0.047143
0.120669
0.055953
0.069293
0.048975
0.048531
0.045663
0.046852
0.119735
0.132401
0.131848
0.095394
