580	246	87	284
581	246	86	284
576	243	88	286
575	244	88	285
573	244	88	282
573	242	87	283
572	241	89	284
571	241	89	281
572	243	89	282
572	245	88	276
572	247	85	263
570	238	87	276
571	249	85	259
572	247	85	263
569	242	85	265
567	246	87	262
566	253	85	256
563	246	83	268
559	243	86	273
558	242	80	280
556	242	82	281
554	240	78	281
552	243	78	279
550	241	78	282
551	245	77	278
553	242	76	283
553	242	78	286
555	246	79	278
557	242	82	282
559	243	84	278
562	244	85	276
564	249	84	263
567	243	83	266
570	243	80	267
570	243	82	275
568	235	82	287
565	242	83	285
562	240	82	288
562	239	79	290
561	239	78	290
561	239	80	292
560	240	78	291
560	238	78	292
559	238	78	293
557	239	78	292
558	241	79	292
558	240	78	293
557	244	81	287
556	242	83	289
556	248	86	284
556	245	85	284
552	242	88	289
535	244	103	290
536	247	100	283
547	250	88	284
556	248	73	288
556	244	72	293
555	246	76	296
553	244	75	298
552	245	78	297
554	247	78	292
552	248	77	294
551	248	80	292
550	248	80	292
546	249	84	291
541	253	88	289
535	251	94	290
536	247	91	298
532	246	97	296
514	247	112	296
522	244	99	305
534	244	85	308
538	244	77	313
534	245	83	313
527	244	92	314
524	241	95	320
522	240	102	323
521	240	106	328
522	244	106	321
521	243	112	327
519	243	113	328
518	242	111	323
498	244	137	322
477	242	158	325
456	236	180	345
480	254	157	330
501	244	134	336
523	239	117	346
525	242	114	338
530	241	110	346
530	240	111	349
531	238	110	352
534	237	110	353
535	236	112	354
538	236	111	358
546	234	110	358
552	234	105	363
558	232	105	365
559	236	109	362
564	239	105	353
567	238	107	345
568	236	106	351
568	235	106	356
567	235	105	349
571	239	142	355
578	228	154	359
583	237	157	352
582	233	158	353
585	231	137	357
591	232	108	352
592	239	103	344
598	231	106	350
603	232	109	355
606	228	111	356
608	227	116	356
610	225	116	358
616	231	111	353
619	228	112	355
620	226	107	354
619	228	111	353
621	229	110	353
619	228	111	353
620	228	114	359
618	230	115	355
620	232	114	344
625	231	113	343
631	235	108	340
633	240	112	337
631	243	119	336
639	242	121	335
642	249	141	330
649	253	177	320
648	246	207	332
665	239	199	336
668	237	205	339
677	236	205	333
699	230	193	341
707	233	187	340
714	229	192	340
723	223	182	353
732	230	176	345
735	227	177	350
751	228	161	348
774	221	145	358
786	226	136	354
790	228	137	350
800	225	126	351
801	221	117	358
808	230	114	347
807	228	114	344
806	226	117	351
812	227	113	347
812	226	109	350
818	227	104	350
820	231	107	350
829	228	105	350
832	227	107	349
840	223	103	354
841	220	106	356
846	221	117	354
845	226	119	342
848	225	120	341
847	222	120	349
836	222	129	350
836	219	116	354
830	219	122	354
838	221	107	350
823	220	112	358
797	221	138	350
792	217	136	356
790	220	141	352
787	222	133	352
786	227	126	345
778	239	130	335
779	230	127	344
778	231	128	343
779	235	128	337
780	235	125	340
778	231	127	341
783	237	123	336
783	249	127	325
782	248	122	324
773	267	132	307
771	247	131	323
774	245	125	326
772	243	114	326
771	236	93	337
757	239	87	330
743	240	99	330
726	249	112	324
709	226	121	348
669	233	169	331
665	235	166	329
662	237	166	333
662	240	161	330
663	226	157	344
661	239	155	330
661	223	151	348
663	228	140	340
660	235	151	336
649	232	150	339
647	229	151	341
642	233	148	337
647	233	138	339
645	233	92	329
638	256	83	306
629	253	92	314
600	248	122	317
578	238	146	321
577	236	145	328
571	235	149	331
567	237	152	329
571	244	147	326
570	243	147	324
569	240	145	328
573	244	147	325
566	250	150	316
569	254	148	315
566	244	153	326
571	258	147	312
565	262	151	304
568	266	149	302
569	269	149	299
567	275	151	293
566	279	150	290
566	265	151	304
560	276	153	292
564	260	152	306
548	250	163	318
520	250	193	323
523	238	170	333
540	225	129	345
543	239	100	318
539	242	107	325
536	242	103	319
533	239	104	324
524	240	109	327
529	239	108	327
529	246	106	315
528	242	107	324
540	243	99	321
556	246	92	310
559	247	102	313
556	246	112	307
554	245	119	301
568	262	109	285
578	257	99	291
590	255	83	292
597	266	73	277
599	252	72	292
598	236	74	308
596	229	74	313
597	232	73	310
598	238	71	306
599	233	71	310
597	237	71	306
595	235	73	309
597	241	72	302
594	237	74	307
595	234	73	309
597	234	71	308
593	238	75	306
593	240	72	302
592	241	74	300
586	245	83	294
582	257	89	278
578	262	94	272
582	270	84	264
578	271	79	262
579	267	74	265
584	257	68	276
576	257	75	275
580	249	71	279
581	241	68	284
581	241	67	283
581	239	67	281
585	241	64	279
580	247	69	270
582	243	66	271
584	243	65	271
583	238	67	276
584	245	67	267
578	247	76	260
579	245	71	263
579	242	70	265
577	250	69	253
577	254	68	249
571	249	71	255
575	251	66	248
570	246	70	254
573	249	67	248
573	251	67	246
571	253	67	244
572	254	69	240
574	253	66	241
577	244	65	248
579	252	64	235
582	249	70	234
587	266	72	213
585	276	71	203
586	263	66	217
592	265	64	214
594	260	63	220
597	255	63	224
593	254	69	224
591	258	74	219
590	257	76	219
586	254	82	222
580	258	88	217
579	261	91	212
580	270	89	203
584	266	88	206
594	262	79	210
604	265	68	208
616	257	54	213
616	256	55	217
615	254	73	221
614	277	89	201
614	274	98	203
615	282	97	192
616	272	81	209
617	272	75	209
622	267	74	216
625	262	71	221
631	257	69	226
634	259	65	226
632	256	66	231
636	261	62	229
633	258	66	237
629	258	67	239
629	258	66	239
624	259	66	236
622	261	68	234
610	265	76	233
591	265	92	234
577	270	106	231
579	257	101	243
580	255	94	246
580	257	91	246
581	257	86	247
578	251	83	253
579	256	83	245
579	257	87	246
577	258	93	246
580	273	95	230
591	270	86	229
611	269	69	230
620	258	63	239
624	258	62	240
628	257	67	241
629	259	65	240
630	257	68	242
628	261	72	237
633	256	70	238
632	255	70	239
631	257	70	239
631	256	67	244
628	253	66	248
625	254	61	245
617	252	65	247
612	243	70	256
605	255	73	245
592	252	86	251
584	254	94	251
583	260	92	246
581	253	90	254
580	261	89	247
581	253	91	254
580	257	90	251
581	249	89	260
582	253	88	254
581	254	89	255
581	254	89	253
581	255	89	252
582	254	87	256
580	250	89	259
582	249	87	259
583	253	84	258
580	249	84	261
580	249	77	260
580	247	67	262
577	250	66	258
574	249	70	259
570	251	73	259
565	251	77	257
567	247	74	263
564	248	78	263
564	247	76	270
564	246	77	274
564	252	76	268
562	251	80	270
561	251	81	268
561	256	82	262
559	257	82	259
562	254	82	264
564	253	82	269
557	250	90	274
541	250	107	271
534	248	115	279
535	240	114	290
545	241	100	289
561	247	80	286
572	242	67	293
571	239	65	295
568	239	71	297
563	235	79	302
563	243	85	295
561	240	90	301
557	243	95	297
558	245	94	293
558	243	92	300
560	247	92	298
559	245	95	300
559	244	100	299
560	244	102	303
557	243	103	299
529	243	132	296
511	238	152	305
517	236	148	313
552	236	112	313
571	246	93	303
577	249	91	304
582	254	115	295
584	247	125	305
588	247	124	305
591	247	124	306
593	239	124	312
594	238	122	314
599	234	120	313
603	236	118	317
613	236	107	314
619	239	100	310
622	241	95	307
621	238	96	310
622	233	94	313
624	236	90	310
625	246	87	303
624	245	86	301
620	247	93	300
612	245	90	298
606	250	73	289
598	241	75	300
590	248	81	295
562	241	105	301
543	240	127	299
541	239	126	303
538	251	129	294
537	245	132	298
540	246	129	297
540	252	129	289
539	249	124	294
538	250	127	291
538	253	125	288
538	254	122	289
534	249	120	289
533	252	124	285
533	254	121	286
533	260	104	280
533	255	80	279
528	252	73	284
526	250	83	285
502	253	112	281
482	255	124	280
473	250	132	290
485	268	126	271
503	250	105	297
515	251	96	292
520	251	97	300
517	255	102	296
521	257	98	294
523	257	97	291
527	257	109	293
524	251	134	298
525	252	146	305
529	262	146	296
525	248	149	306
543	249	133	303
564	241	113	307
583	245	99	308
594	245	84	306
600	249	79	305
602	240	79	313
608	245	73	309
603	232	79	319
607	238	79	314
613	237	73	316
615	236	73	316
618	232	70	320
608	230	79	320
616	234	75	316
619	235	70	317
