0.710037
0.043417
0.117175
0.085260
0.043353
0.040044
0.039280
0.106565
0.073767
0.039805
0.036032
0.037075
0.057230
0.088847
0.079676
0.042849
0.041569
0.043409
0.090349
0.086615
0.051512
0.044365
0.043924
0.044120
0.118102
0.090402
0.043465
0.041141
0.043946
0.106797
0.090805
0.044412
0.041430
0.039745
0.053815
0.095282
0.084004
0.044755
0.039432
0.042207
0.101536
0.094879
0.042676
0.038764
0.037955
0.039200
0.113193
0.091366
0.048302
0.041707
0.043808
0.112931
0.063525
0.045087
0.041084
0.042479
0.042373
0.118592
0.076245
0.039583
0.040980
0.037393
0.044662
0.105876
0.067553
0.042438
0.039840
0.041535
0.101491
0.091437
0.044544
0.040610
0.040116
0.040451
0.112236
0.064356
0.039589
0.037617
0.041084
0.038463
0.113834
0.084803
0.041375
0.040101
0.041360
0.060408
0.086730
0.068555
0.047165
0.042334
