0.618432
0.086787
0.068180
0.048522
0.035004
0.038185
0.041273
0.046898
0.114449
0.132766
0.133387
0.124212
0.058775
0.053971
0.098991
0.077833
0.054718
0.046551
0.041180
0.039417
0.039731
0.038821
0.038572
0.039326
0.045938
0.046232
0.119264
0.104647
0.126138
0.108075
0.072359
0.043060
0.044001
0.042347
0.041022
0.080776
0.074007
0.083274
0.045872
0.042273
0.040991
0.042539
0.100002
0.053455
0.096742
0.120613
0.059897
0.072136
0.057196
0.045104
0.043539
0.060021
0.109055
0.080724
0.043813
0.043091
0.044296
0.044996
0.080202
0.079941
0.118713
0.121492
0.101374
0.069760
0.048758
0.045831
0.096569
0.077006
0.086313
0.043269
0.044962
0.045763
0.043077
0.110265
0.071337
0.121856
0.119272
0.082876
