0.752730
0.046107
0.116307
0.104155
0.051450
0.044412
0.052309
0.109300
0.108507
0.052763
0.046648
0.048029
0.112581
0.092025
0.049376
0.044510
0.046321
0.108290
0.115568
0.052832
0.047540
0.100662
0.108237
0.054420
0.050350
0.056148
0.121236
0.103463
0.053616
0.051409
0.053114
0.130173
0.107955
0.049727
0.046892
0.091595
0.091053
0.060166
0.046364
0.042493
0.046416
0.120935
0.092955
0.048156
0.044791
0.045867
0.120258
0.093819
0.048674
0.046398
0.068292
0.102712
0.100442
0.053618
0.052428
0.105547
0.119448
0.056266
0.048751
0.046304
0.102943
0.102369
0.057300
0.049390
0.047697
0.100712
0.111780
0.057915
0.044374
0.049643
0.103139
0.095506
0.049109
0.046860
0.046705
0.086995
0.109922
0.067194
0.051375
0.052068
0.117336
0.107665
0.056126
0.048965
0.049564
0.125762
0.107845
0.053403
0.052774
0.117357
0.103061
