0.765318
0.047272
0.052317
0.111909
0.096488
0.046247
0.045923
0.116600
0.097199
0.054695
0.052255
0.082785
0.105600
0.059382
0.049967
0.053360
0.108886
0.102844
0.049064
0.045146
0.046313
0.109241
0.101402
0.047096
0.047476
0.051759
0.109375
0.094791
0.049249
0.047100
0.072078
0.086348
0.082176
0.052197
0.050891
0.101842
0.104131
0.047179
0.043095
0.044889
0.049662
0.100460
0.087339
0.047929
0.042933
0.044014
0.118280
0.095183
0.046571
0.045043
0.046131
0.119244
0.091116
0.046153
0.043738
0.044919
0.115318
0.094967
0.051669
0.046268
0.048116
0.119787
0.090787
0.046284
0.044882
0.050044
0.127887
0.089427
0.046593
0.043802
0.046655
0.123935
0.089335
0.046891
0.045601
0.045139
0.115571
0.086885
0.046776
0.045556
0.047649
0.120830
0.096709
0.048976
0.045599
0.064927
0.093636
0.085817
0.051509
0.049832
0.052243
0.114774
0.088930
0.053383
0.051779
0.064673
0.098881
0.083827
0.050083
0.046195
