0.658459
0.039327
0.115288
0.098237
0.048657
0.048147
0.124753
0.091866
0.047931
0.046809
0.048018
0.122091
0.090935
0.054440
0.056564
0.111398
0.114640
0.054811
0.051806
0.052717
0.115138
0.098614
0.048691
0.045659
0.046303
0.109610
0.087876
0.050124
0.048517
0.047325
0.120533
0.099551
0.049887
0.047921
0.064110
0.100870
0.095660
0.056473
0.050435
0.089504
0.095986
0.071308
0.050735
0.048949
0.050967
0.117322
0.098290
0.046728
0.047537
0.063702
0.100892
0.092184
0.049073
0.045123
0.048415
0.129616
0.100694
0.054990
0.051430
0.090849
0.103016
0.063597
0.050626
0.045774
0.075893
0.100663
0.075571
0.055606
0.056093
0.099695
0.101186
0.061490
0.053401
0.051176
0.100233
0.091872
0.055970
0.051051
0.047815
0.052500
0.122627
0.102674
0.044940
0.049237
0.078314
0.095898
0.090531
0.050046
0.049461
0.066995
0.100079
0.092716
0.051589
0.047827
0.049055
0.123597
0.098667
0.051157
0.047672
0.071342
