0.745190
0.039336
0.041153
0.114616
0.086781
0.042721
0.038923
0.041699
0.087899
0.084627
0.053864
0.044857
0.037865
0.039186
0.062315
0.081648
0.064460
0.041610
0.034894
0.034583
0.036251
0.035016
0.035156
0.035808
0.041267
0.099079
0.086472
0.042178
0.037381
0.038047
0.040373
0.112511
0.093460
0.052516
0.045987
0.049842
0.125324
0.102419
0.051969
0.051607
0.099731
0.105038
0.058068
0.055104
0.056261
0.124850
0.093860
0.054959
0.053987
0.111145
0.107459
0.051560
0.050562
0.051353
0.122731
0.103123
0.050102
0.050209
0.106490
0.105106
0.053552
0.049566
0.047869
0.112702
0.099594
0.053727
0.049809
0.051504
0.115736
0.091967
0.055904
0.054708
0.116528
0.101049
0.053080
0.048296
0.051592
0.118019
0.098736
0.049490
0.049675
0.109305
0.103044
0.050927
0.046952
0.048283
0.113773
0.101910
0.053011
0.048120
0.049909
0.118868
0.098437
0.058324
0.055760
0.121809
0.099437
0.054134
0.050648
0.090913
0.102960
0.069114
0.049372
0.049492
0.105943
0.108415
0.053676
0.048300
0.049479
0.127146
0.096006
0.049997
0.050576
0.113692
0.082846
0.051102
