0.621051
0.115832
0.087512
0.042348
0.042152
0.042352
0.079406
0.092291
0.069724
0.040495
0.038711
0.039798
0.094166
0.092020
0.048883
0.039727
0.036690
0.040319
0.066169
0.086804
0.085617
0.040587
0.040653
0.040884
0.086227
0.087924
0.047672
0.040226
0.040994
0.041236
0.074954
0.083147
0.079455
0.040954
0.043175
0.042841
0.058285
0.094396
0.088473
0.041954
0.038462
0.038495
0.115116
0.089479
0.044690
0.038863
0.041574
0.088748
0.088937
0.054734
0.045782
0.041495
0.042399
0.094483
0.072702
0.057950
0.038775
0.041690
0.041357
0.062224
0.087535
0.084836
0.041826
0.036975
0.042191
0.117219
0.093420
0.042022
0.039407
0.039881
0.111691
0.089033
0.045149
0.042892
0.043617
0.114967
0.086305
0.047842
0.040980
0.041187
0.116049
0.072475
0.040574
0.042643
0.044509
0.092235
0.085553
0.055005
0.040763
0.038603
