2.922538
0.453448
0.477968
0.426891
0.344518
0.374305
0.319599
0.427054
0.355475
0.439957
0.347680
0.407582
0.434053
0.531369
0.460207
0.388223
0.384799
0.472081
0.349282
0.517721
0.342464
0.211076
0.281285
0.423371
0.327566
0.314183
0.437008
0.490234
0.271020
0.323246
0.167196
0.147533
0.248514
0.192837
0.315602
0.178728
0.167133
0.207309
0.262449
0.300254
0.140074
0.138218
0.207503
0.185081
0.210226
0.350098
0.405303
0.495516
0.291312
0.250091
0.409163
0.320493
0.288072
0.363966
0.353248
0.474306
0.396381
0.310961
0.423711
0.429828
0.259970
0.425278
0.478763
0.295884
0.261400
0.432215
0.515040
0.477993
0.448073
0.453344
0.297279
0.394418
0.537540
0.436535
0.362392
0.320608
0.342319
0.294342
0.329306
0.385020
0.448472
0.400804
0.318670
0.372464
0.271814
0.419460
0.279131
0.274151
0.496321
0.344206
0.361831
0.311559
0.267437
0.254416
0.415665
0.370015
0.331524
0.327444
0.740616
0.423263
