2.483680
0.413663
0.304274
0.421200
0.569158
0.412133
0.422032
0.320074
0.254305
0.416703
0.514058
0.530922
0.435216
0.421954
0.364713
0.439646
0.350570
0.444201
0.504350
0.477957
0.425675
0.356431
0.382824
0.388395
0.420090
0.359911
0.475253
0.429200
0.509090
0.404099
0.431168
0.396090
0.308269
0.413928
0.497402
0.560138
0.515460
0.449454
0.462467
0.462713
0.548682
0.484782
0.430709
0.495060
0.364355
0.422075
0.567787
0.488772
0.336500
0.388850
0.420518
0.322207
0.396376
0.321754
0.445511
0.458045
0.418067
0.493581
0.501217
0.448826
0.430509
0.430862
0.241290
0.380878
0.518327
0.382722
0.336179
0.212239
0.377467
0.356663
0.403212
0.524860
0.322726
0.389251
0.400509
0.379619
0.327474
0.270836
0.232600
0.260754
0.259234
0.307916
0.283839
0.210841
0.314849
0.218076
0.190969
0.161999
0.454248
0.414735
0.418878
0.443258
0.522707
0.348741
0.529755
0.390519
0.452693
0.425884
0.353965
0.328655
