573	415	63	164
574	420	66	160
576	419	68	162
576	418	68	162
569	408	79	173
571	406	84	183
585	414	82	180
593	412	77	184
604	411	71	185
587	405	91	192
608	398	73	208
605	405	80	204
602	425	86	188
610	422	81	191
614	408	82	205
621	411	90	200
639	424	86	188
636	425	95	187
621	424	99	193
599	422	118	201
596	420	108	206
586	415	105	210
562	412	98	212
538	409	124	207
516	419	133	221
520	427	105	210
518	442	91	193
522	425	96	205
540	422	102	202
545	422	106	201
559	418	110	202
576	415	104	200
584	423	124	183
592	428	129	179
621	424	103	182
618	418	100	184
618	425	100	175
601	428	120	169
609	416	105	181
603	425	111	171
607	423	114	171
604	423	116	173
603	424	117	172
608	424	110	173
623	426	95	169
633	427	84	172
635	430	81	168
633	429	87	169
632	433	87	166
631	437	93	161
631	444	96	156
629	443	98	156
630	447	108	154
630	448	116	155
626	459	124	143
634	459	132	143
666	453	109	142
674	444	111	147
680	441	144	151
687	431	139	163
702	421	114	178
706	422	98	168
705	429	93	159
705	425	80	163
719	434	68	154
717	439	65	144
710	441	74	138
704	439	77	141
699	427	78	154
703	419	73	163
706	412	65	172
705	414	67	173
706	417	67	176
707	416	65	180
707	416	67	181
712	411	70	184
715	418	85	180
715	413	85	185
718	414	94	186
721	426	93	174
718	436	100	167
714	439	106	162
705	425	93	178
704	424	78	179
708	420	70	185
702	423	75	181
673	423	103	184
668	422	106	187
669	423	105	189
665	418	103	195
664	412	90	201
666	416	89	197
667	419	87	194
666	418	89	195
667	416	86	198
668	417	90	194
668	419	90	194
667	418	100	194
669	425	115	188
664	434	120	183
666	441	116	178
653	429	111	190
619	435	108	185
577	435	146	185
499	445	197	187
479	457	194	178
471	470	162	166
469	462	129	165
476	463	108	170
481	450	95	182
503	457	72	192
500	450	78	202
481	437	144	218
501	425	113	227
515	423	128	228
510	415	127	245
534	420	109	236
557	416	90	234
578	421	86	223
588	423	80	222
584	420	86	224
591	415	80	216
590	418	91	198
589	418	101	196
592	433	96	177
598	439	87	165
599	442	80	160
606	450	71	153
596	426	81	179
609	421	71	182
615	424	68	189
617	423	84	194
627	422	77	201
628	429	80	197
634	438	77	206
643	437	66	219
608	446	111	213
624	442	100	217
653	427	108	234
654	431	126	235
674	453	112	219
678	436	114	235
677	430	103	232
676	435	103	219
660	437	120	219
653	449	115	200
646	430	82	217
642	419	83	227
623	436	116	211
620	436	127	211
609	428	140	219
