0.525957
0.030015
0.032907
0.034864
0.033077
0.033174
0.035327
0.034450
0.034199
0.034231
0.035442
0.034956
0.034015
0.035829
0.034487
0.034695
0.032851
0.035471
0.032599
0.033447
0.032584
0.032292
0.032960
0.031940
0.032491
0.030885
0.031582
0.031939
0.032147
0.031253
0.031649
0.031429
0.035536
0.032099
0.032147
0.031496
0.030228
0.031740
0.031120
0.045002
0.032814
0.032050
0.031527
0.031850
0.032292
0.032116
0.032169
0.031053
0.030663
0.030857
0.031852
0.035053
0.033667
0.032684
0.032807
0.032265
0.033015
0.033355
0.031455
0.033107
0.032449
0.032578
0.032901
0.031618
0.031755
0.031779
0.031960
0.032543
0.032033
0.033419
0.033979
0.035105
0.034150
0.035367
0.034995
0.035360
0.036733
0.033808
0.034999
0.033586
0.033628
0.033542
0.035477
0.033159
0.033303
0.033631
0.032732
0.033382
0.033062
0.034800
0.034554
0.034685
0.033523
0.034753
0.035157
0.035465
0.034960
0.033621
0.036233
0.036955
0.035561
0.035410
0.035130
0.034671
0.037611
0.038829
0.039095
0.037497
0.036414
0.037975
0.056476
0.034030
0.036935
0.038209
0.037550
0.041137
0.038550
0.037468
0.036972
0.036946
0.040308
0.036819
0.039625
0.037919
0.037338
0.036314
0.035596
0.036617
0.043304
0.036508
0.035135
0.036490
0.035270
0.035391
0.038751
0.036863
0.038192
0.037750
0.036437
0.036068
0.035585
0.036174
0.036587
0.036176
0.036427
0.036207
0.039655
0.036739
0.037529
0.037579
0.038487
0.036767
0.036612
0.036666
0.039452
0.041190
0.037013
0.036054
0.036514
0.036994
0.035909
0.037010
0.038533
0.036870
0.037234
0.037419
0.038546
0.038011
0.037363
0.037205
0.037493
0.035819
0.036382
0.035496
0.036153
0.036734
0.036679
0.036897
0.036756
0.036777
0.038084
0.039907
0.046028
0.038106
0.037303
0.036537
0.036381
0.037873
0.038259
0.038340
0.039399
0.042998
0.039761
0.041547
0.039154
0.038815
0.038738
0.039663
0.039854
0.038615
0.037253
0.042373
0.037203
0.038949
0.039143
0.046840
0.041020
0.037968
0.039013
0.041309
0.038186
0.037394
0.042598
0.040848
0.049077
0.039667
0.038138
0.038195
0.040826
0.039164
0.036898
