0.513944
0.028952
0.029464
0.030189
0.030212
0.029497
0.030600
0.031241
0.032219
0.030411
0.034164
0.032567
0.033110
0.034009
0.032695
0.035847
0.034965
0.033691
0.033702
0.033706
0.033285
0.033048
0.033121
0.037389
0.033689
0.033722
0.032466
0.033742
0.032044
0.034875
0.034257
0.034953
0.035067
0.033527
0.034077
0.034074
0.032836
0.033804
0.035571
0.034782
0.034018
0.033437
0.032593
0.033142
0.033626
0.034208
0.033816
0.034327
0.034090
0.037842
0.033667
0.032829
0.033104
0.034013
0.032511
0.034638
0.034834
0.032958
0.032398
0.034726
0.035074
0.033635
0.035472
0.034530
0.032614
0.034305
0.034930
0.036237
0.033862
0.035679
0.034100
0.033937
0.033576
0.033950
0.035607
0.036684
0.033608
0.034401
0.034020
0.034552
0.036658
