1035	161	166	187
1035	162	168	188
1038	159	163	190
1038	160	163	189
1035	162	168	187
1038	160	163	192
1037	159	163	193
1036	161	164	191
1037	160	165	191
1038	161	166	191
1037	160	165	192
1038	159	163	193
1037	160	166	191
1036	161	164	190
1037	158	166	193
1036	163	164	191
1037	159	168	192
1029	163	168	188
1028	160	163	193
1016	154	169	198
1016	153	170	199
1006	161	177	191
997	157	181	198
994	153	183	203
994	156	174	197
994	158	172	200
992	155	165	199
987	138	167	216
974	134	170	225
971	132	166	227
961	127	170	220
959	124	145	240
953	123	147	242
950	119	147	239
943	107	148	257
953	109	138	248
949	105	135	261
941	114	140	226
943	103	134	242
944	101	130	233
940	97	127	237
935	97	125	242
930	100	125	223
925	100	129	215
912	98	138	216
906	97	143	218
895	93	149	209
891	86	153	216
887	93	158	207
878	107	174	184
876	99	171	196
864	108	182	175
862	110	183	179
860	110	190	174
852	108	195	178
848	104	200	182
835	109	203	177
832	113	209	176
825	109	219	173
816	111	197	176
805	115	201	172
794	109	202	180
786	113	203	178
775	115	211	176
767	111	212	184
761	111	212	184
750	115	212	181
740	115	218	181
733	113	223	186
722	113	232	181
710	114	244	185
699	113	256	188
689	114	246	196
686	119	221	186
675	114	220	195
670	111	219	193
656	114	223	172
650	117	227	168
640	120	218	179
631	123	222	176
621	124	224	178
613	130	221	160
610	131	216	153
602	132	216	154
594	134	218	162
589	132	217	165
580	137	215	178
571	137	212	175
562	136	205	174
550	137	209	183
544	137	207	180
535	130	209	177
531	134	214	177
525	135	212	191
514	129	224	202
507	144	217	179
501	148	207	185
496	152	204	161
490	150	207	169
483	153	206	176
476	157	211	168
468	157	211	172
466	157	206	175
460	158	215	179
455	159	202	175
448	156	199	171
435	158	199	169
427	159	199	168
424	158	200	167
414	161	204	163
407	162	205	156
399	164	211	164
391	162	212	163
386	162	211	165
378	170	206	158
373	170	206	162
