0.523975
0.026039
0.026930
0.029809
0.031775
0.030752
0.033000
0.033010
0.030480
0.030385
0.031189
0.032101
0.031720
0.031845
0.032483
0.031590
0.032107
0.032224
0.031351
0.033738
0.031801
0.030544
0.032242
0.030887
0.035658
0.032589
0.031466
0.032499
0.032714
0.031402
0.032772
0.032374
0.034373
0.033905
0.032138
0.034410
0.030411
0.032342
0.032853
0.032109
0.031299
0.032058
0.032257
0.036817
0.033762
0.034042
0.032215
0.032210
0.033080
0.033610
0.130807
0.036155
0.034267
0.032789
0.033263
0.033763
0.035177
0.034537
0.034312
0.039822
0.036464
0.033289
0.034840
0.033130
0.034380
0.033862
0.034236
0.033998
0.034684
0.035120
0.033885
0.032297
0.034578
0.036955
0.034425
0.036799
0.034421
0.034996
0.034571
0.034146
0.033432
0.034688
0.033949
0.036669
0.033991
0.035039
0.033694
0.035710
0.035824
0.034628
0.034116
0.034801
0.035613
0.034984
0.034035
0.034061
0.034899
0.033884
0.041570
0.035529
