0.512492
0.028065
0.028690
0.029360
0.032995
0.030112
0.030637
0.030766
0.030134
0.029996
0.030790
0.028486
0.031920
0.030914
0.031462
0.030749
0.032590
0.031025
0.030887
0.030110
0.030168
0.030148
0.030264
0.030626
0.031682
0.030656
0.032366
0.030984
0.029820
0.029404
0.030640
0.030709
0.029276
0.032267
0.031956
0.031577
0.030975
0.030787
0.030692
0.030823
0.030694
0.031576
0.033316
0.033316
0.032925
0.032647
0.033572
0.033916
0.033045
0.033459
0.032860
0.032942
0.032409
0.032841
0.033465
0.033466
0.033643
0.032517
0.033311
0.034728
0.034394
0.037897
0.034323
0.034515
0.034543
0.034021
0.033024
0.116575
0.121853
0.134939
0.136687
0.136017
0.133566
0.135254
0.119928
0.122397
0.107242
0.122053
0.135350
0.135080
0.146005
0.134422
0.137811
0.119332
0.128101
0.129950
0.125685
0.135867
0.135393
0.134190
0.134337
0.135669
0.094854
0.122522
0.127061
0.124210
0.135142
0.138342
0.137110
0.137731
0.133763
