822	265	32	100
823	266	32	99
822	267	36	99
823	266	36	99
825	266	38	101
826	270	37	98
827	275	39	95
824	278	46	93
826	283	47	88
832	284	44	92
829	284	50	94
833	284	50	95
837	288	51	96
841	295	48	103
843	299	45	110
833	304	49	108
823	305	59	106
829	302	51	89
835	306	44	110
823	314	54	100
815	307	48	94
811	295	51	113
792	292	59	108
784	283	73	116
771	277	51	102
758	267	46	112
735	251	64	125
723	243	52	121
705	234	53	118
688	222	52	116
678	230	38	72
666	222	43	75
641	207	46	88
636	197	50	81
628	188	48	101
625	178	42	105
620	193	41	83
625	173	35	77
631	168	30	82
639	164	30	71
651	158	25	55
656	152	32	59
663	150	36	62
669	152	39	56
670	150	58	72
670	145	61	91
697	138	41	71
699	137	45	92
703	137	59	94
707	137	68	98
708	142	63	88
717	146	55	70
721	145	56	86
725	146	56	86
733	148	47	66
741	157	45	56
748	163	41	53
750	159	39	62
754	164	37	57
754	173	42	45
758	166	44	79
758	172	41	54
763	173	35	55
754	164	46	79
759	162	53	87
758	164	52	83
753	168	54	76
750	169	52	59
749	169	47	76
738	158	47	84
726	159	45	69
709	159	64	77
692	150	67	95
667	152	43	78
635	149	49	67
625	149	32	61
597	135	52	75
580	131	45	63
590	133	37	56
596	131	39	54
609	131	34	56
521	137	32	63
504	132	46	72
507	122	41	86
503	128	46	84
496	128	56	92
498	132	52	91
500	132	53	90
500	130	55	95
498	125	57	98
500	127	55	92
506	126	52	98
506	134	54	98
510	138	50	88
512	137	51	88
514	133	52	99
514	131	55	103
514	133	56	101
517	133	55	91
514	138	57	87
513	138	57	85
508	134	61	87
506	130	63	90
510	131	55	89
510	131	52	85
513	133	47	85
512	134	48	85
511	128	52	96
512	127	54	97
521	130	52	98
528	126	43	102
