4.507245
0.248489
0.034820
0.033637
0.033108
0.034399
0.043089
0.035340
0.034761
0.034496
0.033541
0.036384
0.034679
0.035360
0.034293
0.035136
0.034613
0.034536
0.036187
0.035236
0.034591
0.038569
0.035533
0.035722
0.037275
0.034871
0.035310
0.039197
0.036419
0.032630
0.036227
0.036334
0.033970
0.033307
0.041706
0.033576
0.032242
0.029898
0.031305
0.032646
0.031681
0.033141
0.031599
0.030574
0.031875
0.030967
0.031060
0.030977
0.031057
0.031526
0.031921
0.031490
0.030700
0.031930
0.035910
0.033023
0.032247
0.031784
0.032328
0.030831
0.031898
0.030516
0.031903
0.031993
0.032627
0.030730
0.030869
0.031020
0.031951
0.033055
0.033666
0.032932
0.033887
0.033434
0.032285
0.031911
0.033229
0.033122
0.034213
0.032165
0.031606
0.034467
