0.592187
0.027574
0.026862
0.027375
0.027660
0.027305
0.028137
0.028468
0.028014
0.034129
0.028209
0.028517
0.028772
0.028823
0.028249
0.026402
0.027230
0.029000
0.028668
0.028593
0.028347
0.028864
0.028653
0.028911
0.029105
0.029271
0.027567
0.028450
0.027352
0.029095
0.028950
0.028698
0.028484
0.029234
0.028808
0.028270
0.029020
0.029265
0.029368
0.033428
0.031527
0.031897
0.032406
0.032841
0.030215
0.030854
0.033525
0.031745
0.032992
0.033848
0.034870
0.032873
0.032803
0.033281
0.033876
0.033574
0.034301
0.034565
0.033104
0.032614
0.033490
0.034472
0.034404
0.037037
0.033055
0.035767
0.033323
0.033943
0.034621
0.033241
0.032933
0.033458
0.034339
0.032733
0.034277
0.033950
0.033692
0.036657
0.033790
0.033067
0.032974
0.032712
0.032562
0.032767
0.033607
0.034089
0.034540
0.035052
0.032611
0.033164
0.034025
0.035871
0.033700
0.034333
0.034202
0.034951
0.035389
0.032893
0.032601
0.034453
