356	94	227	287
374	90	212	291
380	81	203	298
378	79	208	300
398	69	183	308
404	59	180	320
386	69	192	311
400	51	179	333
402	55	168	324
397	61	188	328
395	66	212	325
407	68	206	321
439	81	202	312
448	86	197	308
473	85	178	309
498	83	173	310
528	87	164	314
543	66	163	336
545	69	176	350
554	69	187	348
546	82	196	320
535	73	230	326
539	84	198	318
542	87	182	321
542	87	188	344
550	86	183	345
575	77	162	335
581	76	168	334
564	79	179	332
528	80	203	333
530	76	204	342
530	107	241	333
563	195	273	266
556	189	280	261
586	217	259	244
553	202	281	263
549	199	285	269
532	220	294	239
525	210	276	255
510	203	307	263
493	227	346	235
487	235	352	228
478	222	358	240
484	225	340	240
476	238	351	230
471	217	365	250
478	144	358	322
500	126	346	341
524	98	318	363
546	104	294	356
467	129	377	330
495	104	332	361
512	108	313	355
517	99	317	354
525	107	309	343
537	104	298	342
533	121	294	339
557	123	271	336
405	178	292	289
389	175	276	293
342	187	297	281
337	175	265	293
326	174	268	292
305	177	271	286
281	169	274	298
271	168	265	299
247	173	286	295
250	174	295	294
256	162	268	305
261	164	222	303
237	163	235	303
222	166	261	302
190	160	309	308
183	160	321	307
177	168	317	300
188	155	354	313
206	149	368	318
219	139	366	329
