0.509360
0.028970
0.029778
0.029486
0.029092
0.031746
0.032215
0.036770
0.033194
0.034850
0.035239
0.032692
0.035315
0.034402
0.032616
0.033187
0.034536
0.033571
0.036955
0.035897
0.033794
0.037041
0.036632
0.034357
0.037324
0.036779
0.035234
0.037198
0.037754
0.034221
0.036595
0.034657
0.036483
0.034804
0.036603
0.045085
0.035232
0.036842
0.035815
0.036430
0.036485
0.041254
0.036459
0.034168
0.042016
0.037404
0.037503
0.040962
0.034940
0.036796
0.035775
0.038247
0.036383
0.033553
0.032824
0.034832
0.034329
0.036321
0.031916
0.033350
0.032820
0.033527
0.034957
0.036008
0.035141
0.035554
0.036961
0.038110
0.040331
0.036675
0.036922
0.034896
0.036245
0.033578
0.034536
0.032915
0.034363
0.033875
0.034855
0.035257
0.035635
0.034373
0.034393
0.033747
0.037581
0.036438
0.036591
0.038184
0.037040
0.035970
0.038572
0.037526
0.038580
0.038925
0.036902
0.037049
0.038661
0.037596
0.033690
0.037740
0.035772
