355	231	169	333
331	230	189	340
330	230	180	349
330	231	169	345
325	229	173	351
327	215	169	364
336	221	147	355
334	218	138	360
327	216	126	359
316	223	120	350
308	230	115	344
267	235	146	333
232	240	178	325
222	242	186	325
205	228	186	336
173	221	193	343
148	238	194	333
147	226	163	342
140	225	163	339
132	233	155	329
135	238	154	325
136	236	155	325
149	245	154	319
178	231	132	330
192	231	142	325
195	228	166	328
212	234	159	320
254	228	146	331
289	238	121	322
300	228	129	343
315	219	133	349
316	221	145	349
301	208	182	364
336	217	153	352
321	230	181	341
330	228	192	338
360	229	176	335
386	232	174	329
449	216	146	343
425	224	195	332
489	232	138	325
508	228	132	327
528	238	122	319
532	238	120	318
516	234	136	325
526	231	124	334
521	229	127	335
516	230	134	334
515	233	136	336
506	234	132	336
510	236	128	329
490	231	144	335
482	229	141	334
469	233	115	324
458	233	109	320
448	235	112	317
432	236	119	321
411	237	131	320
371	230	162	329
367	229	158	327
339	216	165	340
313	218	164	337
309	231	137	322
297	234	137	321
307	237	115	317
292	239	125	311
247	238	170	309
241	230	173	312
252	230	170	312
281	232	128	311
293	232	115	314
290	239	124	310
292	239	125	308
297	237	117	310
311	234	112	313
316	232	107	312
328	233	105	310
321	245	117	300
324	240	137	306
327	234	145	315
333	237	156	312
354	236	152	316
368	231	153	323
396	228	138	325
431	234	132	320
450	234	121	320
455	235	120	316
458	232	120	321
463	233	123	321
460	236	127	318
455	236	128	319
467	232	120	325
468	238	116	327
473	236	114	328
471	236	116	325
475	235	118	321
474	234	115	321
449	233	135	324
445	232	145	327
445	238	147	319
457	231	136	326
471	230	124	325
474	233	115	323
480	236	116	321
475	238	123	320
461	226	136	326
461	225	131	327
445	228	141	319
446	229	134	314
418	236	155	308
422	235	154	307
424	234	152	305
420	235	155	302
415	230	158	297
444	236	124	290
452	232	119	289
462	236	107	283
435	242	134	280
429	239	140	283
439	236	127	288
451	235	115	284
451	237	116	282
451	239	122	284
449	234	124	293
464	235	108	297
461	238	112	292
463	238	108	288
459	241	110	282
472	238	99	284
477	244	97	278
477	247	100	276
457	245	126	277
455	237	133	290
467	239	129	288
475	241	129	285
476	236	133	291
505	241	111	287
508	242	112	285
517	239	108	289
507	241	119	287
508	237	121	291
525	241	113	287
538	240	110	287
551	243	101	285
561	243	89	296
567	241	83	299
568	234	80	307
566	235	69	307
555	231	80	314
555	241	92	306
525	243	125	303
511	243	137	308
508	243	136	307
508	245	133	305
508	244	129	306
513	244	123	305
525	246	117	302
531	245	116	299
542	241	98	302
546	241	93	299
541	244	80	295
541	244	71	293
536	243	79	286
518	242	106	277
503	246	113	274
497	248	110	268
498	248	110	267
496	248	111	266
499	248	109	267
512	247	94	269
530	246	93	273
531	245	112	272
525	245	119	277
530	244	112	277
533	244	86	273
535	247	79	272
536	245	80	275
537	243	84	279
532	245	89	283
534	245	86	283
539	244	83	282
540	244	84	276
539	249	81	271
542	246	86	273
543	240	82	280
543	237	117	287
541	241	95	285
540	240	118	289
534	242	101	282
535	248	94	276
535	243	99	283
524	238	115	288
523	237	129	290
523	239	120	287
522	243	109	288
529	247	100	278
511	249	120	272
517	247	112	274
520	246	101	276
503	248	111	271
464	248	143	270
424	237	169	276
459	247	122	264
464	244	104	267
471	251	88	260
460	256	98	255
443	252	104	257
410	251	138	250
396	251	150	252
386	251	150	249
403	255	134	245
403	255	118	242
419	257	99	238
412	259	111	237
418	260	102	234
418	261	97	237
427	259	99	234
422	258	103	230
414	254	134	234
430	255	110	232
454	257	95	232
477	256	80	236
486	256	80	236
490	257	90	237
503	258	115	237
505	252	131	244
480	249	172	250
482	246	216	253
533	254	123	243
521	251	158	246
558	251	126	248
564	254	121	243
588	258	95	236
591	257	89	236
578	257	101	239
572	257	95	241
563	256	93	240
541	254	111	243
514	249	129	251
507	250	125	250
487	249	116	248
477	253	118	246
463	252	113	245
447	252	110	241
442	253	107	237
444	256	97	235
432	261	98	231
418	261	106	231
398	258	104	237
378	259	96	238
368	255	84	241
337	257	114	242
320	245	111	255
314	248	100	252
300	248	105	253
297	254	96	245
297	259	94	242
298	255	92	244
298	253	95	249
299	255	88	246
297	253	108	245
299	252	93	242
304	254	108	237
306	254	92	239
311	253	101	243
309	249	118	247
326	243	109	257
341	247	101	253
353	248	102	254
368	248	98	253
366	250	104	248
372	247	116	253
369	244	129	257
375	249	137	251
382	249	134	254
402	257	138	246
415	252	127	252
438	251	129	254
446	249	121	258
450	249	116	257
449	249	122	259
448	248	125	262
448	244	120	262
463	246	103	260
444	250	121	253
438	253	125	251
445	248	113	258
409	247	146	257
390	248	157	258
381	251	157	253
380	247	153	257
399	251	132	252
388	256	122	248
376	253	107	250
364	247	107	254
350	243	101	258
343	249	96	249
334	245	95	255
323	247	101	257
317	246	103	261
312	245	106	259
311	247	105	259
317	247	103	255
324	247	97	252
326	247	95	250
324	251	98	248
326	251	95	248
325	251	97	249
324	250	96	248
326	249	92	248
324	247	100	253
324	247	110	252
331	247	101	253
331	248	94	252
332	246	93	254
329	245	88	254
325	248	92	250
322	249	93	254
319	246	98	258
319	246	87	257
316	246	91	258
312	247	89	258
312	247	88	259
306	243	94	264
301	247	89	268
296	244	92	271
292	241	89	275
287	244	92	274
283	244	95	274
280	242	104	276
283	242	102	274
281	242	119	276
278	243	117	277
280	239	105	278
283	243	103	272
279	241	101	274
279	242	98	275
276	242	107	276
281	241	102	276
280	240	119	277
276	238	134	281
272	242	132	278
266	243	124	279
264	238	122	283
246	238	127	285
230	235	150	287
229	234	139	287
222	237	133	285
222	234	120	286
219	236	114	283
206	237	121	280
197	237	128	284
178	236	138	284
178	234	133	285
183	237	124	283
195	243	110	276
189	245	121	270
184	244	127	275
188	239	122	278
196	240	115	277
201	235	114	282
216	237	105	277
220	243	113	264
223	249	114	251
223	246	124	254
227	245	122	257
231	244	120	256
231	246	124	257
247	245	99	259
227	249	114	251
209	248	118	258
184	241	137	273
192	240	129	279
189	239	127	282
181	238	130	282
175	239	142	282
184	235	142	286
195	237	130	288
205	240	119	289
204	240	121	289
202	239	121	289
195	239	126	286
203	239	106	285
215	238	89	282
208	238	94	284
197	240	106	281
196	238	104	285
203	238	98	284
198	239	108	283
188	240	119	282
189	239	122	283
191	237	119	284
188	237	124	284
187	236	124	287
190	237	114	285
188	244	115	278
192	242	109	279
198	233	103	286
203	233	99	287
202	235	99	286
193	238	110	281
187	245	118	274
202	244	103	274
187	238	118	280
156	233	149	288
150	233	156	289
142	233	164	285
162	239	146	285
197	245	104	274
201	240	108	283
218	236	114	291
225	232	103	297
228	235	105	301
230	231	110	302
217	228	145	305
216	227	178	307
239	234	140	302
251	230	119	314
260	235	119	315
257	231	168	321
235	233	181	318
235	225	203	334
220	240	208	323
253	241	162	326
266	228	160	335
285	225	144	334
310	222	128	342
313	224	127	349
315	227	128	350
312	223	140	354
305	219	176	357
301	222	175	356
298	215	173	359
300	217	167	358
297	230	130	341
293	230	115	336
282	235	112	326
258	236	122	326
206	238	167	319
182	232	195	323
132	235	230	323
111	237	227	316
129	235	149	327
119	228	164	331
112	229	158	334
106	227	149	336
104	225	144	338
109	227	143	333
130	231	127	332
157	232	121	325
162	230	141	325
170	224	151	328
194	228	149	327
229	229	112	326
247	226	132	340
256	218	141	350
255	224	170	344
233	219	185	351
264	217	163	353
256	217	183	353
281	227	174	346
313	229	162	337
319	239	175	321
328	230	176	332
375	221	169	339
387	230	172	328
389	226	177	330
397	218	179	338
414	229	176	323
455	232	132	322
469	232	120	322
461	231	126	331
466	229	121	334
460	226	125	339
456	234	123	333
433	228	144	337
453	238	128	329
439	241	145	321
428	232	150	331
392	225	173	334
389	221	163	335
383	226	171	329
380	223	128	333
357	221	147	339
330	224	153	333
321	219	149	338
303	225	161	333
280	229	145	325
273	236	132	314
272	240	126	314
269	239	129	313
234	240	157	309
220	237	186	303
214	230	183	315
236	232	162	313
269	235	129	307
280	232	125	315
284	235	128	315
285	236	130	317
295	227	133	318
300	229	145	319
306	227	165	314
316	224	169	317
315	229	173	316
325	233	153	315
331	234	138	315
332	240	149	309
345	237	154	314
373	232	150	322
398	233	155	319
414	236	162	311
426	241	167	307
451	233	113	316
453	240	120	308
457	234	116	317
453	227	124	323
462	227	114	322
464	231	110	327
467	233	109	328
468	234	111	327
470	230	110	323
473	232	107	318
470	231	113	317
443	227	138	323
438	231	141	321
438	226	142	324
453	229	124	319
463	239	106	310
475	233	99	316
480	242	94	308
455	239	116	311
452	233	120	316
436	235	133	311
443	239	125	299
450	237	117	299
451	239	114	296
440	235	124	300
422	241	139	292
413	236	151	296
407	240	154	281
442	244	118	278
446	247	112	270
456	244	100	272
430	246	125	271
430	244	126	271
445	246	110	270
446	245	108	270
441	246	116	268
447	248	109	269
444	244	111	276
459	245	98	281
456	249	99	277
436	248	119	271
459	243	100	278
455	246	105	269
445	246	116	270
455	241	114	278
460	241	126	277
473	238	120	287
484	238	114	286
501	242	101	281
504	241	101	280
500	242	109	278
501	242	117	278
502	240	115	279
512	242	111	280
518	243	110	271
520	245	112	272
527	248	115	270
538	249	106	275
543	245	123	290
539	244	101	294
542	241	92	300
542	239	93	300
537	241	96	299
536	245	103	295
520	244	123	299
510	241	122	307
507	239	130	309
505	242	122	304
507	243	124	304
506	241	119	304
515	242	118	297
519	243	160	293
522	243	137	293
526	239	98	301
525	244	97	293
520	246	97	282
516	246	102	277
505	247	122	267
500	245	110	268
496	249	107	264
496	248	105	264
496	248	105	262
500	249	103	262
511	247	89	265
520	244	90	272
517	245	119	270
513	246	126	273
513	243	120	274
514	244	93	273
523	248	84	271
524	243	88	275
525	245	89	277
524	243	87	280
527	241	88	280
529	241	88	278
528	249	93	268
528	248	105	269
529	243	90	274
534	238	120	282
530	238	122	282
530	240	98	283
533	244	107	279
530	246	99	274
528	245	100	273
519	239	111	282
522	234	118	290
520	236	127	290
518	234	128	288
513	242	109	280
513	246	112	272
504	245	131	274
495	243	148	278
485	237	162	284
485	247	159	274
478	242	140	279
470	248	103	274
448	253	110	264
440	245	117	276
413	242	143	290
391	230	161	300
402	236	149	294
411	246	137	286
399	244	146	289
416	241	137	290
428	239	128	295
437	239	124	296
441	237	126	299
447	235	134	301
452	236	127	298
462	235	117	303
455	235	120	297
445	237	129	298
449	236	127	300
454	239	119	295
456	233	122	293
464	236	115	286
442	239	146	279
447	233	136	287
436	236	139	282
451	240	120	277
448	245	123	270
438	245	130	269
430	257	102	257
427	254	100	258
424	251	96	259
415	254	101	258
381	256	133	254
368	257	131	250
366	254	141	249
365	250	137	252
373	252	111	249
371	250	98	247
372	257	89	239
373	256	86	239
374	256	87	240
375	256	91	240
375	257	94	238
365	258	100	231
366	257	119	231
