0.548831
0.027611
0.030448
0.030277
0.030669
0.030508
0.032236
0.030145
0.032361
0.031012
0.031076
0.032678
0.031837
0.031123
0.031616
0.032466
0.032498
0.031830
0.032388
0.031914
0.032037
0.032320
0.032988
0.032408
0.032377
0.032848
0.035903
0.031502
0.032526
0.031121
0.032727
0.033181
0.037534
0.032209
0.031538
0.032298
0.032846
0.031645
0.032097
0.032512
0.031506
0.034755
0.034733
0.035457
0.033509
0.033589
0.030531
0.032709
0.031204
0.032035
0.030236
0.031802
0.032148
0.036943
0.032678
0.033895
0.033074
0.033619
0.032881
0.033226
0.038085
0.035751
0.033747
0.032153
0.034833
0.030965
0.033476
0.033171
0.032270
0.032404
0.032172
0.032296
0.031750
0.031506
0.033053
0.033376
0.033090
0.033068
0.033831
0.037511
