0.523837
0.026778
0.024784
0.026340
0.027092
0.026694
0.026716
0.028294
0.027833
0.028390
0.027245
0.028678
0.027635
0.029381
0.028308
0.028977
0.027876
0.028452
0.027527
0.028236
0.027377
0.031770
0.028235
0.027840
0.026163
0.027679
0.027911
0.027679
0.028625
0.030307
0.028734
0.027305
0.027038
0.027525
0.028423
0.027761
0.032422
0.029863
0.028369
0.027908
0.029559
0.029374
0.028820
0.028662
0.028676
0.029419
0.029672
0.032627
0.030387
0.032551
0.029389
0.027010
0.028227
0.028537
0.027916
0.028383
0.028672
0.028112
0.028952
0.029937
0.030483
0.029734
0.029568
0.029397
0.034577
0.029970
0.030088
0.030286
0.028403
0.028419
0.030894
0.029790
0.031448
0.028956
0.028707
0.027903
0.028903
0.028378
0.028764
0.031499
0.032512
0.030382
0.028814
0.029879
0.032724
0.031189
0.029084
0.029011
0.028256
0.028514
