0.528718
0.028706
0.031705
0.031074
0.032135
0.030360
0.031825
0.032695
0.032832
0.031618
0.031494
0.031913
0.032801
0.033402
0.035890
0.037783
0.031298
0.032234
0.033252
0.034120
0.032897
0.034701
0.033291
0.032816
0.033044
0.033935
0.035456
0.033243
0.033560
0.045636
0.034303
0.032412
0.031382
0.032814
0.032971
0.031547
0.030993
0.029774
0.031949
0.033462
0.033813
0.035038
0.032367
0.042234
0.034774
0.033340
0.032263
0.031895
0.032484
0.033088
0.033159
0.034204
0.037641
0.031624
0.032942
0.034397
0.034212
0.034599
0.034010
0.033361
0.033931
0.031648
0.032820
0.032917
0.033052
0.033057
0.032434
0.032804
0.034918
0.033214
0.035724
0.034556
0.035181
0.035722
0.034280
0.032711
0.034065
0.032654
0.035597
0.034559
0.033279
0.033069
0.035433
0.032826
0.032881
0.033487
0.034067
0.033348
0.034867
0.032601
0.034683
0.032705
0.034873
0.035759
0.033128
0.034450
0.035015
0.034425
0.036211
0.036534
0.035299
0.034618
0.034981
0.036739
0.037890
0.034787
0.034844
0.035920
0.040095
0.034158
0.035260
0.036008
0.036227
0.037773
0.036383
0.036975
0.036937
0.037131
0.035587
0.034665
0.033682
0.036136
0.035455
0.037231
0.035207
0.035024
0.035520
0.034258
0.035958
0.034356
0.034322
0.036627
0.034635
0.034581
0.034831
0.033534
0.035066
0.034110
0.034811
0.037395
0.036293
0.035230
0.037141
0.038515
0.039475
0.036729
0.035690
0.035435
0.035430
0.038342
0.039491
0.036264
0.036618
0.040402
0.037000
0.036455
0.036379
0.036461
0.036678
0.036862
0.036984
0.036873
0.036810
0.037432
0.037390
0.036311
0.037183
0.038028
0.037464
0.037708
0.036154
0.037483
0.036367
0.037856
0.037095
0.037355
0.039942
0.040923
0.040020
0.038894
0.038925
0.040078
0.038524
0.037364
0.040063
0.038800
0.037227
0.039534
0.038807
0.037926
0.039087
0.045210
0.037900
0.037312
0.038305
0.037293
0.038839
0.038186
0.038014
0.038435
0.042186
0.038398
0.039311
0.040411
0.038902
0.039663
0.037128
0.039394
0.036447
0.038290
0.037316
0.037680
0.037767
0.041286
0.039633
0.039291
0.042458
0.037217
0.039337
0.038807
0.037506
0.037338
0.036376
0.041178
0.038011
0.037609
0.037455
0.038233
0.043895
0.043217
0.037927
0.040732
0.039533
0.039460
0.039759
0.038874
0.038574
0.039281
0.040612
0.039319
0.043133
0.041350
0.039857
0.038277
0.039339
0.039597
0.040652
0.040723
0.039416
0.042301
0.043246
0.042735
0.044237
0.042930
0.042481
0.041956
0.043545
0.042778
0.042874
0.042819
0.043906
0.041240
0.043012
0.043039
0.044111
0.041960
0.040925
0.042305
0.043597
0.041042
0.044612
0.144480
0.146601
0.154765
0.156125
0.153126
0.154141
0.103174
0.121498
0.117038
0.143632
0.155051
0.157560
0.154828
0.157353
0.120933
0.053201
0.107804
0.142175
0.144327
0.154624
0.154391
0.155187
0.157337
0.101568
0.122355
0.104562
0.143626
0.156920
0.160652
0.145614
0.144619
0.135176
0.074137
0.098260
0.144194
0.151246
0.157024
0.153866
0.155078
0.157029
0.085466
0.119286
0.130032
0.153005
0.158312
0.161056
0.157105
0.156990
0.120028
0.106379
0.042489
0.043925
0.043236
0.041984
0.045197
0.043539
0.044496
0.043868
0.044196
0.044707
0.043311
0.044296
0.043453
0.043532
0.044484
0.048327
0.044438
0.044348
0.044228
0.044887
0.043643
0.042814
0.042564
0.044268
0.047546
0.043438
0.048605
0.044371
0.044308
0.042172
0.041697
0.043407
0.042054
0.043953
0.044965
0.045590
0.044348
0.048494
0.072469
0.043851
0.043730
0.046413
0.044334
0.043910
0.044807
0.047249
0.045484
0.043335
0.045988
0.044967
0.043195
0.043598
0.044308
0.042903
0.045887
0.044199
0.043612
0.042949
0.044313
0.043172
0.044706
0.045209
0.045682
0.045285
0.044265
0.043947
0.044633
0.048479
0.045929
0.045244
0.044630
0.044432
0.045208
0.043646
0.044743
0.044367
0.043306
0.046839
0.047589
0.046633
0.050097
0.045943
0.047004
0.045603
0.047374
0.046315
0.044806
0.046912
0.046484
0.047150
0.045244
0.046664
0.047611
0.047052
0.049714
0.046104
0.045730
0.048064
0.045562
0.046089
0.045158
0.048619
0.048292
0.047078
0.046213
0.045520
0.047621
0.045655
0.045871
0.046205
0.046270
0.054894
0.045597
0.046064
0.045226
0.046374
0.044459
0.044678
0.045951
0.045219
0.044843
0.046187
0.046946
0.045710
0.047428
0.046821
0.045812
0.045892
0.047612
0.046745
0.045854
0.045972
0.048666
0.050440
0.047364
0.046834
0.047281
0.047084
0.047692
0.046489
0.046602
0.047290
0.046906
0.046376
0.045644
0.046121
0.045613
0.046520
0.046024
0.047021
0.045184
0.047986
0.046463
0.045983
0.046446
0.046415
0.047180
0.047419
0.048068
0.047745
0.045609
0.045458
0.047124
0.046667
0.050443
0.048897
0.047576
0.049112
0.048514
0.047332
0.049188
0.047785
0.048902
0.049304
0.049211
0.048750
0.047752
0.047716
0.048997
0.049499
0.048140
0.048724
0.047420
0.049158
0.048335
0.051324
0.048558
0.048037
0.051837
0.049189
0.048609
0.047461
0.048321
0.050802
0.048728
0.047645
0.047941
0.047736
0.049502
0.048368
0.047992
0.050480
0.048374
0.047908
0.048405
0.050172
0.049731
0.047934
0.049752
0.049449
0.047158
0.056150
0.050137
0.051238
0.050480
0.059143
0.049108
0.049805
0.051837
0.050341
0.051538
0.050725
0.051475
0.053532
0.055215
0.055388
0.054326
0.057466
0.056058
0.062128
0.054869
0.052594
0.052419
0.053066
0.055893
0.055330
0.056033
0.053177
0.052500
0.055224
0.052604
0.054664
0.052362
0.051921
0.050681
0.049742
0.051939
0.053992
0.052297
0.052027
0.053308
0.052428
0.052373
0.053588
0.052368
0.052919
0.051939
0.051018
0.051692
0.052782
0.051706
0.052920
0.059141
0.051937
0.050095
0.052326
0.052639
0.052285
0.056419
0.061678
0.052156
0.064853
0.053270
0.050649
0.050871
0.050320
0.052176
0.052229
0.052216
0.051422
0.052123
0.054834
0.056178
0.053518
0.052097
0.049786
0.051231
0.050996
0.050563
0.051455
0.054204
0.049717
0.055328
0.053305
0.052574
0.051803
0.051702
0.050236
0.052577
0.052872
0.056024
0.055820
0.050964
0.053360
0.053601
0.053836
0.056884
0.054241
0.054352
0.053200
0.054331
0.054269
0.054304
0.054826
0.053906
0.058606
0.052918
0.054014
0.054178
0.052997
0.052096
0.054246
0.053914
0.055389
0.054232
0.055612
0.054087
0.055194
0.054899
0.053328
0.052232
0.053686
0.055608
0.060120
0.068139
0.058891
0.063106
0.059134
0.058408
0.059134
0.057130
0.056144
0.057726
0.057727
0.060582
0.062642
0.054375
0.056016
0.057072
0.054030
