0.518460
0.026448
0.030973
0.030787
0.030366
0.030131
0.031214
0.031904
0.032437
0.031088
0.031065
0.030479
0.031914
0.033081
0.032027
0.032550
0.031477
0.032881
0.032115
0.031788
0.029757
0.031400
0.031871
0.033642
0.033138
0.032435
0.032742
0.034023
0.033640
0.033147
0.035317
0.032651
0.032560
0.033757
0.033162
0.034410
0.032674
0.032835
0.032266
0.033994
0.033615
0.031632
0.034267
0.032720
0.031742
0.034413
0.034781
0.038872
0.037661
0.034590
0.033642
0.032137
0.032839
0.032516
0.033532
0.040385
0.038347
0.033250
0.035219
0.032169
0.032731
0.032963
0.033318
0.034765
0.034737
0.037126
0.035802
0.034120
0.052219
0.033334
0.032901
0.033738
0.035573
0.034426
0.034271
0.033751
0.041369
0.034889
0.035151
0.033991
0.035144
0.035531
0.034740
0.037893
0.035665
0.037506
0.033548
0.033935
0.048807
0.122607
0.125614
0.138683
0.137331
0.141827
0.148346
0.138382
0.086647
0.133405
0.074496
0.132685
0.141677
