0.512635
0.027151
0.030183
0.030936
0.030411
0.030485
0.031026
0.030713
0.031854
0.031770
0.032879
0.031503
0.029733
0.030158
0.031243
0.031500
0.030412
0.031256
0.030198
0.029468
0.029630
0.029721
0.029453
0.029601
0.030910
0.031271
0.031041
0.038749
0.032095
0.032699
0.032177
0.032700
0.031258
0.031622
0.031882
0.031905
0.032809
0.031779
0.032021
0.031315
0.030763
0.032518
0.030976
0.032168
0.031343
0.035331
0.032524
0.031612
0.030498
0.030012
0.029976
0.030251
0.029993
0.031567
0.030289
0.030806
0.032772
0.032040
0.031244
0.034189
0.031442
0.033794
0.031180
0.030686
0.030779
0.031400
0.031183
0.031429
0.031656
0.031225
0.031351
0.031288
0.031400
0.032711
0.031686
0.031889
0.032421
0.032206
0.032510
0.033565
0.032564
0.033877
0.033413
0.032726
0.032743
0.033309
0.035104
0.033618
0.037844
0.034173
0.033871
0.034768
0.035291
0.034574
0.034245
0.034829
0.033080
0.034311
0.035014
0.036503
