1.330665
0.110067
0.115356
0.121418
0.122265
0.129291
0.148371
0.136014
0.089072
0.127223
0.036038
0.032340
0.030817
0.032004
0.031775
0.031909
0.032481
0.032489
0.031579
0.031855
0.031326
0.031915
0.031400
0.031458
0.031089
0.030985
0.031351
0.031801
0.031040
0.030797
0.032646
0.033598
0.031436
0.033753
0.033011
0.032874
0.031379
0.031950
0.033399
0.034583
0.032475
0.032040
0.032007
0.031601
0.031322
0.031684
0.032373
0.031159
0.031950
0.031483
0.031838
0.032476
0.032946
0.032423
0.032724
0.031937
0.032248
0.032526
0.032716
0.031825
0.033331
0.030693
0.033333
0.031620
0.032063
0.031764
0.034869
0.032251
0.031896
0.031933
0.035631
0.037696
0.036765
0.032412
0.038818
0.032590
0.031421
0.034825
