0.536433
0.029994
0.031894
0.029713
0.036277
0.031073
0.034988
0.033949
0.033795
0.031777
0.032423
0.033294
0.033306
0.033798
0.032093
0.034917
0.036173
0.035873
0.034708
0.034177
0.035466
0.035071
0.035730
0.035550
0.032727
0.034897
0.033026
0.030388
0.034461
0.032458
0.036405
0.034422
0.036799
0.035362
0.035126
0.032568
0.033405
0.033068
0.032661
0.033243
0.035450
0.032841
0.037196
0.037786
0.040726
0.034512
0.037784
0.034969
0.036770
0.035927
0.035776
0.037075
0.035849
0.035905
0.036122
0.039151
0.036978
0.035850
0.032865
0.035439
0.035214
0.037172
0.034180
0.037068
0.035320
0.033046
0.035704
0.037498
0.036842
0.033942
0.036644
0.034956
0.034782
0.035150
0.035802
0.035273
0.034577
0.035599
0.035352
0.039766
0.036568
0.037658
0.036618
0.034960
0.038707
0.037826
0.035280
0.034844
0.035098
0.035381
0.035656
0.033704
0.033332
0.035602
0.037796
0.038883
0.038178
0.042850
0.037524
0.036987
