455	230	238	225
448	231	247	228
446	230	241	223
430	222	241	227
446	223	215	229
415	218	224	236
408	218	233	242
413	220	260	230
420	222	261	235
423	226	263	218
416	223	264	210
430	214	241	208
445	204	211	209
443	194	193	234
426	191	197	224
302	187	255	224
293	190	304	222
345	197	249	213
393	204	208	196
377	205	203	194
361	205	200	196
356	202	175	191
354	193	167	200
155	176	200	234
139	175	204	239
97	178	249	238
91	176	241	238
54	184	268	233
47	187	269	234
43	183	257	224
43	182	242	234
43	173	232	244
57	173	216	243
81	168	204	242
77	171	239	239
76	173	261	237
60	181	270	228
52	181	271	221
71	176	240	224
95	170	230	229
97	163	229	216
106	152	201	235
114	144	205	239
114	149	211	248
112	161	230	234
111	176	230	217
98	183	245	215
108	184	224	217
107	178	218	222
115	172	210	210
138	165	193	224
139	160	194	248
136	167	208	247
146	173	226	241
151	179	243	233
153	190	246	221
150	185	237	226
158	178	231	233
181	172	212	233
207	169	204	236
211	159	203	246
235	159	202	244
243	167	220	236
252	169	250	234
254	173	261	235
271	179	256	225
294	172	246	231
329	168	222	232
371	159	189	236
396	151	177	241
434	150	185	235
461	150	195	236
482	151	223	235
502	163	236	231
528	164	240	219
551	162	228	229
584	153	212	237
619	148	185	229
643	143	181	236
668	142	175	240
688	145	193	234
690	147	212	233
685	154	237	233
689	164	253	218
698	171	227	215
717	164	211	226
730	154	193	227
745	150	171	220
743	142	173	225
741	146	176	229
738	148	190	230
729	153	208	228
722	160	229	224
707	167	235	220
709	169	228	224
702	169	210	223
716	166	177	223
713	161	169	227
702	164	170	226
693	165	179	227
686	168	189	233
