537	225	199	422
570	224	162	430
566	233	157	429
581	237	154	416
582	235	147	438
577	230	146	438
593	229	137	438
579	226	149	429
586	232	147	429
576	225	150	436
568	229	158	447
569	228	162	434
554	221	188	445
546	220	197	423
551	221	195	410
556	220	189	408
568	220	172	404
562	220	157	408
573	226	144	414
553	227	173	399
556	219	170	396
555	228	173	377
556	225	170	376
570	218	146	384
556	219	171	386
512	244	204	341
562	246	184	363
590	246	169	352
612	252	136	325
621	247	122	338
617	245	121	330
612	245	126	326
596	235	138	336
577	230	150	336
556	232	154	345
549	230	156	347
530	234	178	345
535	240	160	350
537	229	157	343
520	226	171	349
506	234	158	345
462	240	181	335
434	243	201	334
402	238	209	347
401	239	174	349
378	234	182	351
361	234	180	352
358	231	165	352
361	233	160	357
331	231	162	358
333	239	150	347
313	220	164	365
313	232	159	345
304	227	143	357
301	221	146	376
302	232	149	343
309	225	152	360
314	217	158	382
321	223	160	353
335	222	170	371
338	227	168	357
348	230	138	355
374	238	121	342
383	237	129	350
399	237	138	340
401	237	176	344
434	245	168	333
473	227	130	336
490	233	120	336
511	231	120	333
521	227	129	337
515	238	162	339
536	246	170	332
555	253	162	330
560	244	165	341
570	233	173	358
607	220	168	377
617	216	163	355
638	217	145	374
646	217	146	362
654	215	158	366
655	214	170	373
648	219	171	369
664	215	146	394
672	221	163	394
669	227	172	383
669	216	177	410
674	225	155	402
687	236	150	391
667	246	172	398
675	235	174	454
673	231	168	461
680	230	157	462
675	229	163	461
674	228	167	467
670	228	177	462
659	232	195	460
676	229	187	463
702	234	173	471
714	231	193	479
729	224	203	486
736	220	216	499
751	212	207	494
756	212	216	501
758	208	220	510
746	217	212	502
715	211	211	509
690	210	209	510
673	207	209	512
619	213	251	507
630	220	220	500
601	222	220	495
561	217	243	498
602	217	205	489
604	217	198	499
594	215	227	495
594	212	209	496
619	213	171	482
650	219	158	466
648	220	171	465
659	217	161	462
671	218	158	450
669	218	153	464
664	224	145	451
647	223	157	470
585	222	207	475
578	224	216	482
578	223	210	483
594	220	188	476
626	222	162	469
635	218	157	472
636	213	161	486
648	217	156	479
667	219	151	469
685	224	128	435
696	213	145	452
695	224	144	433
692	218	148	436
685	226	147	427
669	222	178	411
651	226	180	394
690	228	145	392
694	230	139	393
687	221	134	394
687	223	135	374
691	243	157	339
687	247	158	347
683	251	135	330
670	246	134	319
667	241	141	325
648	247	142	314
626	229	147	326
628	232	140	322
625	238	125	322
626	243	123	320
626	251	122	317
627	246	125	323
624	246	134	338
645	243	103	338
650	240	115	349
657	245	136	341
658	248	136	339
667	251	116	327
659	255	99	309
643	246	117	317
610	244	151	313
597	237	145	317
594	228	142	338
557	225	160	330
565	224	159	344
549	219	175	359
539	227	190	347
555	231	165	345
565	229	145	346
576	228	147	361
576	225	148	369
577	223	155	377
604	233	143	373
606	233	145	370
624	228	135	374
633	227	134	371
637	228	144	369
654	226	130	371
650	229	136	370
655	222	140	378
660	216	157	398
665	227	164	368
679	242	166	358
707	233	168	362
760	238	120	361
775	231	126	357
786	226	140	361
779	225	150	371
789	219	203	378
811	223	175	386
823	228	184	379
822	225	201	384
826	223	177	378
832	226	173	374
829	227	183	372
827	225	221	380
835	230	167	373
839	224	189	378
839	237	177	365
832	230	155	378
807	239	161	376
797	223	161	389
783	226	152	389
758	221	179	409
721	217	188	381
685	229	200	380
683	226	171	387
686	220	150	398
669	227	135	370
649	237	129	347
634	234	146	358
599	227	168	370
588	226	178	373
558	247	154	345
555	248	141	335
543	244	146	335
516	238	169	342
511	233	162	347
493	237	155	344
489	237	150	349
484	235	140	350
498	233	144	352
482	233	153	361
491	238	152	352
494	240	147	360
491	235	141	365
510	234	140	363
506	236	141	355
509	245	142	383
517	237	144	427
515	236	148	434
515	234	153	433
502	227	162	448
491	227	175	446
492	225	170	451
484	222	182	452
495	222	185	456
501	220	189	457
501	219	189	473
497	214	191	495
486	217	194	495
489	216	197	500
501	216	177	498
505	218	174	481
503	219	185	476
505	221	168	470
499	224	163	458
494	228	196	458
510	218	176	460
511	220	179	425
527	214	163	432
527	210	173	441
539	218	161	431
533	218	170	426
548	218	156	420
552	214	150	397
553	215	162	384
561	221	148	377
557	223	163	376
557	242	163	364
532	247	199	355
570	243	171	357
585	229	159	370
592	231	147	348
598	223	150	336
585	222	171	349
602	218	143	359
608	223	145	342
611	222	146	345
623	220	136	343
638	229	121	330
644	224	129	345
650	231	142	338
672	244	144	336
686	238	150	342
708	245	135	329
725	248	147	350
744	245	190	325
758	241	210	352
762	227	223	344
781	226	221	340
796	221	230	346
824	231	218	344
842	228	196	347
863	224	182	336
860	224	206	348
867	242	184	326
887	226	174	349
920	230	148	336
931	241	143	323
937	236	156	327
955	248	163	317
982	241	143	325
1007	249	141	325
1021	250	139	340
1026	234	145	350
1026	256	173	342
1024	256	190	358
1020	255	194	361
1023	256	162	352
1021	250	148	360
1015	256	146	354
997	252	148	358
973	240	159	367
945	243	171	366
916	243	177	358
884	248	220	318
888	244	203	349
882	238	162	350
880	245	157	333
879	243	150	327
865	244	160	340
888	239	152	350
893	237	155	352
875	249	187	346
892	254	169	343
883	228	147	362
866	217	151	376
841	214	175	378
823	230	191	343
811	224	169	343
803	217	147	358
786	226	157	363
768	243	137	328
748	236	145	344
728	231	150	338
710	239	157	340
691	249	142	325
688	239	135	330
659	240	142	328
617	234	173	339
603	238	159	335
592	242	142	334
580	246	124	327
542	245	154	330
542	252	134	328
510	245	160	349
504	250	143	351
491	240	144	359
500	232	139	356
514	236	139	360
496	238	145	355
507	232	137	358
512	233	142	347
501	248	156	327
483	247	205	332
487	248	163	315
472	251	176	312
474	245	159	319
459	247	145	314
458	253	135	307
467	246	129	326
464	239	126	345
472	246	131	339
467	237	137	345
471	233	130	355
486	225	128	369
503	232	133	358
517	240	128	357
516	246	141	343
509	242	198	349
532	243	168	352
559	248	160	349
595	237	146	359
597	241	155	353
595	239	155	356
597	235	162	360
614	231	143	363
608	231	166	360
625	233	151	357
620	240	155	355
611	237	154	357
614	239	142	352
609	243	160	341
611	237	140	340
613	234	132	317
610	244	140	306
610	246	133	304
610	241	134	310
609	243	130	305
618	258	112	288
622	252	99	271
622	253	87	264
622	260	92	258
620	262	89	262
612	251	100	275
606	251	98	277
599	250	104	277
612	253	96	265
618	257	107	258
621	251	104	264
623	250	106	281
617	233	119	295
613	233	120	292
611	231	115	298
618	235	111	304
627	240	105	307
632	234	104	326
617	233	122	329
608	236	132	323
600	231	161	329
602	228	138	342
603	237	128	342
608	243	120	338
594	250	131	335
571	255	154	328
568	253	168	338
587	253	152	349
612	249	132	367
631	245	134	381
638	226	142	401
640	218	158	413
653	221	160	408
660	228	168	399
662	221	185	411
673	234	183	394
706	234	141	392
714	223	155	400
736	224	156	396
759	232	161	393
767	233	197	393
773	238	255	387
794	228	251	389
829	226	225	384
863	214	225	398
886	214	209	401
898	229	224	389
917	229	190	391
942	228	170	380
957	231	165	372
969	230	153	373
972	230	144	378
983	238	144	366
982	250	148	351
978	233	150	377
977	222	151	393
975	214	144	404
970	217	143	401
957	221	154	397
937	223	181	401
935	226	161	390
918	222	145	400
903	217	157	400
859	220	179	396
846	212	174	385
832	228	164	377
790	218	198	383
772	218	169	387
766	222	166	368
754	222	156	377
726	225	178	380
676	233	184	364
652	248	194	349
647	244	187	356
641	243	176	356
635	226	168	377
622	227	155	373
615	219	142	374
610	226	148	361
590	225	134	363
592	227	145	355
594	226	142	362
588	225	150	366
585	229	153	364
597	237	150	357
583	244	166	341
581	250	152	344
574	254	135	326
572	253	136	313
555	248	167	318
552	246	150	325
549	249	125	311
539	245	119	305
549	240	111	306
551	241	113	301
550	244	120	295
547	245	121	284
549	244	96	277
548	250	92	278
546	249	88	276
543	249	85	272
542	247	86	266
540	247	91	261
541	245	94	263
545	250	96	256
553	248	95	255
564	248	99	264
581	247	108	247
576	248	115	247
565	251	131	224
611	254	95	250
608	255	126	259
627	262	103	251
625	258	101	260
635	259	118	264
633	256	99	268
625	252	103	279
619	251	102	291
614	252	105	283
600	250	120	299
592	251	132	302
574	249	129	301
610	250	118	297
606	255	103	293
618	248	109	307
634	250	130	307
640	255	122	293
631	253	115	280
626	251	98	294
602	245	117	302
615	240	113	312
565	236	147	322
560	239	158	322
565	239	131	320
569	237	122	322
576	237	108	323
554	235	129	334
540	238	156	349
553	234	144	358
544	234	173	361
546	228	163	369
548	228	148	380
551	229	146	390
549	218	152	407
541	233	169	396
515	225	196	401
517	234	203	398
557	234	170	407
561	233	161	416
559	231	191	418
561	230	193	417
562	224	198	425
578	248	183	388
594	246	171	380
576	243	205	387
548	241	232	391
548	240	192	365
550	242	147	359
544	247	151	349
530	244	154	357
518	247	160	361
508	247	168	360
519	245	148	365
528	250	157	356
532	236	167	395
549	240	160	380
574	243	147	378
575	232	163	385
581	230	156	387
603	239	144	374
597	233	154	370
596	231	158	373
612	231	138	382
602	237	143	364
623	237	129	350
631	246	113	321
626	251	119	315
624	248	115	311
626	239	112	326
625	235	107	319
620	242	115	324
615	241	122	319
603	238	131	320
589	246	145	323
575	241	157	335
553	242	173	334
512	241	209	346
493	240	149	342
473	243	141	299
466	240	128	323
454	238	139	346
417	233	178	353
397	240	184	338
344	233	209	353
336	237	201	350
352	243	164	338
338	224	180	360
347	227	179	367
351	227	169	367
343	229	184	365
336	222	166	369
334	226	172	349
326	234	177	337
346	236	158	344
323	229	190	358
391	238	138	341
417	227	121	352
430	228	128	342
443	227	134	356
446	227	160	366
457	231	163	339
488	233	147	345
515	235	125	341
533	236	137	347
532	226	156	354
534	220	198	365
555	239	203	350
579	241	167	355
599	256	176	312
604	252	198	346
631	241	196	353
656	238	174	356
673	232	158	356
694	239	162	386
686	245	124	307
696	241	104	320
692	253	102	316
679	252	119	315
671	251	122	326
667	242	119	324
667	246	122	310
663	247	119	313
660	260	104	303
658	258	94	296
663	253	97	301
661	252	89	294
678	256	91	282
675	247	82	291
676	250	96	286
667	246	101	287
668	249	107	282
656	247	122	274
660	247	112	276
663	249	101	261
671	253	83	247
668	252	82	258
666	255	88	251
667	252	88	253
666	259	106	250
675	256	102	254
687	240	89	274
692	243	89	285
693	246	91	272
690	250	97	272
683	246	108	276
677	235	116	286
679	231	121	292
674	233	130	302
689	237	127	308
690	230	128	320
685	231	115	316
684	232	122	320
680	235	130	332
676	242	131	332
667	241	146	342
653	225	172	364
647	218	168	368
664	210	158	374
637	228	160	345
632	225	131	330
643	237	149	304
653	228	136	368
649	221	138	371
641	211	139	382
631	213	140	371
626	219	148	361
