102	150	80	144
110	142	64	147
114	136	60	151
125	140	66	149
115	148	77	144
125	149	77	144
130	141	67	152
134	137	59	157
136	148	61	148
143	146	67	150
153	141	69	154
161	145	77	155
172	150	85	151
183	167	84	134
211	170	76	133
230	174	70	143
246	176	64	143
254	179	68	142
266	181	60	139
264	183	56	138
268	195	71	132
285	195	96	134
308	203	100	132
326	218	84	115
354	216	84	111
415	220	59	136
447	219	98	204
468	251	80	156
734	160	64	129
739	165	65	116
734	173	58	106
740	177	53	104
757	177	68	109
735	180	80	107
721	176	82	104
726	166	77	111
702	176	55	111
658	181	81	120
647	163	65	136
635	162	71	157
622	156	69	144
612	157	60	125
603	160	62	139
592	161	58	125
573	159	74	129
579	162	74	151
577	162	70	155
567	164	66	126
565	175	62	155
571	170	57	132
557	172	84	123
560	186	76	111
571	182	55	113
574	170	60	121
570	180	77	119
571	180	94	117
595	183	72	116
616	179	47	118
608	169	69	127
608	180	68	116
597	170	87	125
603	179	90	118
621	174	70	125
623	170	69	126
621	182	76	118
624	195	83	115
648	202	70	121
663	219	71	116
678	235	77	121
690	255	97	109
708	268	78	115
766	258	49	130
781	261	58	149
789	270	77	140
797	274	93	141
812	274	98	145
834	263	84	159
874	262	50	159
891	258	51	167
897	258	82	165
904	260	86	156
910	246	87	164
921	240	79	159
922	234	85	165
925	232	87	164
928	235	80	159
931	233	62	153
926	228	59	160
926	238	65	151
914	225	81	170
920	253	108	172
931	230	95	193
933	216	75	172
938	220	71	165
940	217	72	167
942	220	73	163
942	224	79	160
940	231	87	153
940	235	92	146
964	218	73	163
