0.502119
0.024562
0.027785
0.029128
0.030014
0.031359
0.031553
0.030948
0.028578
0.031026
0.030747
0.030743
0.030977
0.031439
0.035134
0.033607
0.030742
0.031808
0.031853
0.031651
0.036817
0.030749
0.031415
0.032310
0.033627
0.032500
0.033560
0.032400
0.034557
0.032946
0.033385
0.032950
0.032665
0.032863
0.030953
0.031871
0.032468
0.032266
0.031799
0.036215
0.033042
0.033737
0.033180
0.036032
0.030651
0.031360
0.032182
0.034183
0.032240
0.031878
0.031825
0.036018
0.034221
0.033448
0.032831
0.033558
0.031955
0.032336
0.032419
0.031658
0.031460
0.031471
0.032794
0.035744
0.034806
0.033301
0.033953
0.033872
0.033977
0.033566
0.034835
0.035290
0.033113
0.032801
0.033216
0.031536
0.031685
0.033529
0.032687
0.032445
0.034709
0.032890
0.032210
0.032236
0.032207
0.032654
0.033728
0.034284
0.032389
0.032426
0.033154
0.033352
0.033554
0.033572
0.033100
0.034240
0.033254
0.032892
0.033931
0.034885
0.037831
0.039790
0.032398
0.033453
0.035525
0.033611
0.033415
0.032842
0.033460
0.033401
