0.538133
0.028058
0.029258
0.028305
0.027862
0.028737
0.031089
0.029052
0.029775
0.031121
0.030272
0.029346
0.030490
0.030597
0.029507
0.037353
0.033505
0.032810
0.033098
0.033383
0.033300
0.033737
0.034343
0.033021
0.032984
0.034633
0.032818
0.032707
0.033567
0.033228
0.033568
0.034347
0.033135
0.034490
0.035136
0.035227
0.035631
0.032974
0.033179
0.034959
0.033875
0.037897
0.034018
0.034316
0.033692
0.034592
0.034524
0.035749
0.035275
0.034762
0.035466
0.034822
0.035523
0.034800
0.035716
0.035794
0.035987
0.037250
0.035844
0.035308
0.035112
0.036458
0.036160
0.035789
0.036128
0.035134
0.037355
0.035424
0.035380
0.037936
0.036767
0.036926
0.037101
0.035800
0.036844
0.037475
0.037167
0.037469
0.036994
0.037850
0.035750
0.036544
0.042738
0.034913
0.038249
0.036978
0.037904
0.036253
0.035199
0.035053
0.035994
0.035241
0.035836
0.037568
0.036482
0.038722
0.036842
0.036342
0.035928
0.037251
0.034177
0.036621
0.035959
0.037049
0.034247
0.037024
0.036081
0.035536
0.036741
0.036571
0.036136
0.036553
0.037811
0.038508
0.038962
0.038292
0.037038
0.035870
0.036676
0.035862
0.035505
0.035470
0.036711
0.037109
0.036683
0.035165
0.036578
0.037226
0.037070
0.038314
0.037178
0.038597
0.038181
0.036101
0.036743
0.037752
0.036830
0.039968
0.036915
0.035183
0.035052
0.036229
0.036246
0.038559
0.037694
0.036675
0.038178
0.038910
0.037889
0.037804
0.038180
0.038237
0.037429
0.039014
0.041419
0.038375
0.040284
0.038251
0.038982
0.038290
0.039768
0.040631
0.036943
0.039466
0.036653
0.038403
0.036395
0.036078
0.036522
0.037838
0.038886
0.045105
0.035875
0.038095
0.037519
0.042037
0.038467
0.038790
0.035485
0.037875
0.038118
0.045303
0.038880
0.050667
0.039499
0.039018
0.040457
0.039998
0.039873
0.037778
0.040322
0.039990
0.041708
0.045215
0.039693
0.040802
0.039932
0.041137
