0.559042
0.030243
0.035228
0.035292
0.034584
0.032953
0.035717
0.035146
0.035483
0.045851
0.036016
0.037037
0.035487
0.036258
0.037609
0.035448
0.039633
0.036725
0.037642
0.037820
0.034856
0.033788
0.035528
0.034609
0.035101
0.036527
0.035574
0.037728
0.035742
0.034995
0.035996
0.041345
0.033305
0.035714
0.035709
0.034862
0.034870
0.036050
0.034676
0.033983
0.033554
0.035975
0.034599
0.034422
0.035190
0.037504
0.037210
0.033438
0.035766
0.035673
0.036556
0.035216
0.037095
0.036259
0.036179
0.036072
0.035960
0.034831
0.036051
0.035012
0.035012
0.036228
0.031861
0.033751
0.035508
0.033754
0.037393
0.033287
0.032403
0.031586
0.032827
0.032819
0.034828
0.035655
0.033466
0.033799
0.060303
0.033978
0.036544
0.033582
0.037757
0.035142
0.034920
0.034095
0.038467
0.037165
0.038100
0.035729
0.036209
0.037859
