1.257603
0.034620
0.111755
0.110461
0.118727
0.120121
0.133382
0.130722
0.134661
0.106529
0.086591
0.049057
0.123062
0.122821
0.129337
0.129351
0.129198
0.130449
0.130782
0.081268
0.121579
0.121015
0.119291
0.132153
0.130030
0.131114
0.130102
0.132927
0.092082
0.123554
0.076638
0.118074
0.128937
0.131970
0.132074
0.132122
0.132181
0.126098
0.125915
0.031586
0.031098
0.030199
0.032296
0.027898
0.028423
0.028644
0.028238
0.030366
0.028493
0.030467
0.038290
0.029205
0.029327
0.029290
0.033365
0.032498
0.029843
0.029422
0.029630
0.038456
0.030232
0.030051
0.030252
0.031206
0.030647
0.030761
0.030488
0.030133
0.029388
0.029862
0.031528
0.029821
0.033831
0.036546
0.030658
0.031174
0.031161
0.029981
0.036031
0.035428
0.039542
0.031520
0.032692
0.031366
0.030642
0.033101
0.031602
0.030469
0.035073
0.032003
0.030222
0.030542
0.031066
0.034597
0.032294
0.031719
0.031317
0.031562
0.034779
0.030868
