355	332	404	169
358	341	405	158
391	353	276	140
402	366	291	146
412	365	295	150
394	363	381	158
431	362	256	167
412	371	242	159
404	371	256	153
403	372	243	146
393	364	263	151
400	361	265	161
413	351	245	154
416	346	245	210
387	347	263	185
359	332	305	198
373	325	221	201
369	335	207	199
332	317	310	213
293	312	260	191
320	308	203	244
289	314	217	223
248	313	245	214
247	311	233	213
232	323	259	209
226	328	318	183
244	333	313	184
234	336	314	189
233	342	326	169
249	347	251	149
209	340	239	161
209	338	259	165
219	329	222	159
226	335	216	163
224	331	232	154
216	329	235	151
224	335	231	138
232	342	219	137
235	335	234	132
237	335	210	140
234	335	212	131
238	337	209	127
240	332	215	129
258	337	192	119
282	340	160	117
283	338	156	122
253	341	192	114
271	343	145	115
267	351	145	112
264	352	148	119
259	347	155	125
257	348	158	125
256	355	153	117
250	353	156	124
246	352	163	131
226	351	199	130
238	353	157	144
242	354	152	145
235	354	159	142
233	357	161	138
236	356	158	137
234	357	156	134
236	359	155	134
236	364	152	131
232	372	153	131
227	373	156	137
209	377	178	133
198	379	165	130
185	383	164	149
178	384	171	146
182	384	163	147
182	382	161	152
198	385	148	149
197	388	145	147
199	388	143	146
200	397	140	140
198	399	132	147
192	399	144	152
179	401	165	149
175	402	144	157
174	406	140	159
170	408	144	154
158	406	154	156
166	405	148	155
167	405	146	152
162	403	155	157
170	405	143	154
174	408	137	152
171	418	140	148
171	420	139	144
173	421	149	152
169	423	167	158
150	424	158	159
158	426	135	174
130	427	166	170
122	429	175	167
121	431	177	167
110	429	188	168
120	427	180	166
126	426	176	171
