0.525898
0.031062
0.032716
0.030849
0.029018
0.028169
0.032870
0.033677
0.032536
0.034567
0.035279
0.031863
0.034661
0.035189
0.031666
0.032051
0.031001
0.032362
0.031544
0.031605
0.032563
0.032813
0.035294
0.030619
0.031450
0.031900
0.031125
0.031846
0.033314
0.034636
0.034879
0.034532
0.033154
0.032410
0.036191
0.040956
0.039865
0.036824
0.037928
0.037494
0.033965
0.037906
0.037793
0.045517
0.042556
0.036775
0.035912
0.036908
0.038327
0.047608
0.035452
0.037013
0.041308
0.046050
0.042264
0.038331
0.038140
0.032807
0.038713
0.038693
0.034065
0.034370
0.034171
0.033425
0.036209
0.037165
0.033939
0.035936
0.036341
0.034589
0.035577
0.036703
0.036438
0.035583
0.037066
0.036522
0.032759
0.033983
0.038116
0.033556
0.033232
0.037764
0.037696
0.038100
0.037306
0.037222
0.037598
0.036897
0.039551
0.039949
0.037070
0.034715
0.036654
0.038954
0.034393
0.036808
0.038375
0.037182
0.036967
0.036458
