358	144	40	97
356	147	41	94
349	152	48	89
347	155	50	87
344	167	54	74
341	155	55	89
324	144	69	102
326	140	64	107
328	154	59	98
341	167	46	88
324	177	57	79
323	173	54	85
300	170	73	89
295	171	76	90
294	179	74	84
293	167	73	99
300	175	62	106
302	181	60	101
307	203	48	86
314	215	40	74
311	215	40	77
296	201	55	93
288	192	55	106
283	207	55	95
293	230	43	70
281	231	53	72
260	221	69	98
254	221	74	101
256	246	68	77
259	250	67	76
233	254	85	69
232	244	83	82
228	230	88	96
219	226	97	104
215	221	88	105
213	221	77	104
209	233	74	98
222	236	60	104
205	244	74	91
198	234	78	106
174	231	91	150
169	228	88	158
171	227	92	159
169	224	97	161
163	224	85	161
162	232	93	152
158	231	96	150
153	226	86	156
142	228	90	153
141	233	87	146
123	225	99	153
119	234	107	150
106	235	106	144
124	261	86	117
122	269	99	107
132	277	102	102
133	278	128	101
120	279	151	97
112	280	165	95
95	277	180	104
94	267	166	88
109	263	148	105
104	246	157	119
110	264	194	102
111	269	132	95
118	281	176	85
149	294	189	83
229	296	120	78
142	270	56	113
146	273	51	112
145	306	50	84
132	315	72	85
154	311	47	94
157	288	44	119
160	289	43	112
140	292	79	106
139	317	76	81
146	313	65	82
153	297	52	101
161	289	48	109
165	286	50	115
168	281	55	121
177	288	48	112
182	300	47	102
186	309	43	94
186	308	44	96
193	311	50	94
195	306	40	98
202	294	41	110
209	300	47	108
221	279	46	134
237	291	46	120
247	288	73	121
247	279	51	134
246	299	46	113
240	288	90	128
246	289	85	125
246	277	71	133
253	260	60	141
253	238	61	150
254	225	52	154
