0.839322
0.117133
0.131869
0.135243
0.139332
0.123284
0.147493
0.132829
0.043792
0.120180
0.077119
0.137893
0.134237
0.150066
0.150766
0.147881
0.149330
0.095669
0.117620
0.037566
0.137011
0.148932
0.148744
0.148581
0.147113
0.149905
0.131339
0.139490
0.099984
0.135894
0.157101
0.138939
0.149376
0.147561
0.148510
0.072100
0.119565
0.032982
0.035277
0.040401
0.033334
0.033807
0.034367
0.033680
0.036233
0.034100
0.032166
0.036515
0.034084
0.034337
0.035468
0.033337
0.033547
0.034010
0.034637
0.034474
0.034813
0.034086
0.036972
0.033878
0.033688
0.034147
0.034108
0.035740
0.032420
0.033693
0.032159
0.036218
0.033185
0.038700
0.034400
0.035369
0.034279
0.035638
0.035796
0.035904
0.036328
0.035256
0.035466
0.033929
0.033527
0.033247
0.033207
0.033631
0.038921
0.037038
0.035021
0.034654
0.035908
0.035242
0.035618
