0.518894
0.026289
0.026970
0.026934
0.029381
0.027714
0.030758
0.031421
0.031882
0.030281
0.030783
0.033481
0.032965
0.032935
0.032049
0.033170
0.029527
0.029970
0.031320
0.030918
0.029623
0.029804
0.031665
0.032780
0.034784
0.030987
0.032551
0.032511
0.039885
0.031434
0.030529
0.030679
0.033231
0.032004
0.031863
0.031769
0.032795
0.032537
0.032536
0.031637
0.033308
0.032218
0.032579
0.033166
0.031004
0.031753
0.032693
0.030463
0.032377
0.033362
0.032523
0.032630
0.032126
0.031944
0.033482
0.032377
0.032193
0.032166
0.032540
0.032600
0.034705
0.033368
0.033123
0.033104
0.033292
0.033262
0.032654
0.032180
0.032630
0.033251
0.034151
0.032570
0.033863
0.032686
0.034667
0.036633
0.033474
0.034087
0.033827
0.033968
0.034904
0.034378
0.033798
0.034631
0.033480
0.034161
0.032915
0.033472
0.033340
0.036205
0.034842
0.034151
0.035100
0.034979
0.034355
0.033996
0.035505
0.034922
0.035393
0.034220
0.034130
