0.024680
0.126259
0.134399
0.057717
0.124981
0.129044
0.061105
0.036511
0.134415
0.078892
0.133925
0.128411
0.092834
0.038354
0.136266
0.091860
0.039126
0.137516
0.136616
0.073977
0.103963
0.131751
0.135877
0.132489
0.040245
0.135850
0.131140
0.038494
0.129618
0.080004
0.096617
0.124085
0.132860
0.041961
0.138504
0.108720
0.035557
0.135239
0.123605
0.037659
0.097742
0.038252
0.138556
0.132824
0.037070
0.034143
0.119924
0.095993
0.035454
0.120543
0.119592
0.035024
0.036922
0.132557
0.063776
0.139651
0.121203
0.052829
0.130142
0.136407
0.117204
0.043300
0.131222
0.133275
0.035152
0.045729
0.119450
0.035450
0.134978
0.125930
0.056165
0.110192
0.041018
0.126200
0.122364
0.039223
0.132210
0.074209
0.035515
0.131549
0.133497
0.035986
0.034810
0.133983
0.081734
0.035403
0.115654
0.128329
0.035020
0.130886
0.107554
0.135281
0.037557
0.108539
0.131594
0.036241
0.133543
0.130619
0.038844
0.035651
