0.019914
0.126764
0.073794
0.134233
0.073112
0.133790
0.073568
0.131969
0.127262
0.035818
0.035391
0.133766
0.041174
0.139275
0.046810
0.035129
0.130702
0.132244
0.124782
0.086322
0.066716
0.132741
0.097266
0.036184
0.134206
0.057312
0.037246
0.120828
0.098866
0.124140
0.134831
0.073147
0.088560
0.120795
0.055976
0.141755
0.034957
0.123584
0.126354
0.075067
0.034798
0.136025
0.053922
0.112333
0.038234
0.045383
0.133273
0.131841
0.038450
0.121827
0.076444
0.038324
0.091514
0.139459
0.034922
0.132492
0.074879
0.133617
0.125314
0.035964
0.035656
0.135751
0.035772
0.131659
0.033339
0.083553
0.036658
0.112064
0.119822
0.033547
0.133722
0.071038
0.132005
0.127786
0.037290
0.038706
0.133825
0.046117
0.130686
0.131479
0.069848
0.036097
0.111898
0.109038
0.131862
0.130876
0.105942
0.036204
0.136607
0.092935
0.036100
0.129839
0.136589
0.134275
0.046170
0.039666
0.126218
0.071464
0.037456
0.131855
