0.024082
0.114834
0.034069
0.102039
0.119269
0.118405
0.072596
0.032502
0.124489
0.119290
0.038038
0.088080
0.108288
0.033974
0.035308
0.121093
0.118257
0.040232
0.122870
0.071688
0.116507
0.113742
0.037993
0.122169
0.050389
0.117560
0.122438
0.123399
0.084905
0.111661
0.044125
0.034654
0.121113
0.036639
0.123695
0.102448
0.108683
0.121866
0.068294
0.122004
0.075653
0.036912
0.118799
0.034617
0.119360
0.123074
0.032694
0.119215
0.052289
0.123672
0.123424
0.118216
0.074497
0.129800
0.077435
0.038125
0.137462
0.136337
0.132542
0.040526
0.130892
0.036670
0.123579
0.068135
0.035357
0.131763
0.133717
0.093618
0.129850
0.047060
0.062606
0.133229
0.037939
0.034990
0.121236
0.123277
0.118446
0.035408
0.132532
0.133340
0.123081
0.039390
0.123135
0.045969
0.120095
0.078763
0.119793
0.121512
0.034132
0.136625
0.040172
0.114105
0.040111
0.115501
0.133098
0.132043
0.038804
0.130638
0.134901
0.033749
