0.011111
0.025335
0.025140
0.024552
0.024906
0.024335
0.025468
0.024514
0.024976
0.024414
0.028740
0.024498
0.024243
0.024914
0.029118
0.025227
0.024906
0.030290
0.025204
0.025063
0.024500
0.024651
0.025410
0.029510
0.029154
0.025031
0.026951
0.029262
0.024775
0.025627
0.024796
0.025654
0.025854
0.025297
0.026187
0.025356
0.033537
0.026780
0.029048
0.032674
0.025722
0.032337
0.025385
0.031250
0.028646
0.025886
0.025000
0.025668
0.026529
0.027484
0.027602
0.027364
0.026648
0.026492
0.026278
0.026520
0.034130
0.026432
0.026378
0.031755
0.026335
0.026034
0.026534
0.027329
0.027489
0.027554
0.030353
0.030461
0.026472
0.025380
0.026750
0.026022
0.027619
0.025431
0.026475
0.029722
0.025804
0.025481
0.032659
0.024782
0.024886
0.029362
0.026900
0.030752
0.025892
0.028621
0.029976
0.025095
0.024818
0.029730
0.025114
0.029422
0.024472
0.027750
0.029366
0.028084
0.028753
0.037131
0.029024
0.040526
0.030350
0.033201
0.032020
0.029470
0.031060
0.030721
0.034773
0.030229
0.030692
0.029262
0.034176
0.036113
0.029897
0.029187
0.033966
0.029135
0.029551
0.032501
0.035746
0.028917
0.029793
0.029319
0.029002
0.029250
0.032317
0.032690
0.027982
0.028888
0.027807
0.027493
0.028413
0.035285
0.032564
0.029290
0.028750
0.028016
0.028157
0.027857
0.031306
0.027409
0.027367
0.027654
0.027873
0.027545
0.028121
0.028781
0.028371
0.036036
0.032173
0.027057
0.026869
0.035751
0.027592
0.027566
0.028385
0.027501
0.027158
0.031610
0.027366
0.028343
0.032979
0.027694
0.030855
0.027524
0.027277
0.039122
0.027628
0.028253
0.027801
0.027482
0.036265
0.028989
0.027751
0.028192
0.031180
0.027750
0.029306
0.027677
0.028113
0.032058
0.028388
0.034783
0.032039
0.034844
0.033646
0.028115
0.031770
0.036448
0.037539
0.028590
0.028325
0.032081
0.028149
0.028217
0.027864
0.030009
0.033689
0.028783
0.028280
0.027846
0.029032
0.027994
0.034950
0.027482
0.027957
0.027475
0.027656
0.027653
0.027592
0.039882
0.027764
0.028248
0.028160
0.027341
0.027374
0.028210
0.027636
0.027282
0.028578
0.027777
0.027270
0.027789
0.031852
0.027395
0.030236
0.033792
0.027759
0.031448
0.028248
0.028055
0.027613
0.031435
0.033577
0.029317
0.029552
0.031513
0.030852
0.031534
0.027679
0.027592
0.036365
0.027852
0.028299
0.028191
0.027751
0.027884
0.035153
0.031886
0.027879
0.027587
0.027776
0.027580
0.027800
0.027567
0.032016
0.027432
0.027759
0.028811
0.031987
0.027450
0.027651
0.027697
0.027810
0.029303
0.036007
0.027745
0.027644
0.032388
0.028403
0.028344
0.028425
0.030246
0.028380
0.034045
0.028171
0.028091
0.026989
0.027978
0.027980
0.028420
0.034528
0.028685
0.027962
0.031432
0.028120
0.028248
0.028737
0.029376
0.028527
0.034442
0.031357
0.028259
0.028077
0.035666
0.028693
0.031989
0.027834
0.027983
0.028086
0.035328
0.027934
0.039046
0.028208
0.032273
0.036450
0.028361
0.027983
0.027913
0.028053
0.027768
0.031866
0.034426
0.028059
0.031441
0.027898
0.029163
0.028019
0.027911
0.029701
0.027769
0.028349
0.034669
0.038053
0.028618
0.027752
0.027694
0.027817
0.028577
0.033995
0.031713
0.028263
0.028818
0.028123
0.028144
0.029502
0.029032
0.034483
0.032740
0.027894
0.028274
0.028884
0.028427
0.028331
0.027934
0.027976
0.027946
0.027811
0.032224
0.028442
0.028296
0.033511
0.035879
0.035312
0.027599
0.028162
0.027676
0.031559
0.029666
0.027589
0.027696
0.028145
0.033734
0.027750
0.028024
0.032172
0.027675
0.028336
0.028181
0.032259
0.027222
0.027766
0.027631
0.028260
0.029574
0.028473
0.035442
0.035176
0.028252
0.029360
0.029096
0.028196
0.038590
0.031504
0.030142
0.028762
0.028695
0.033368
0.034934
0.033147
0.027235
0.027638
0.027738
0.028582
0.035367
0.028787
0.029637
0.028382
0.029497
0.028131
0.030953
0.029204
0.028128
0.034907
0.028017
0.027651
0.029975
0.028208
0.031310
