0.011579
0.025565
0.025473
0.025852
0.025481
0.025987
0.026308
0.036243
0.031884
0.029347
0.029722
0.030621
0.034376
0.040338
0.028619
0.032716
0.029816
0.029300
0.028867
0.028901
0.029208
0.029044
0.028845
0.031327
0.028929
0.028474
0.028988
0.028443
0.028779
0.029782
0.028588
0.028678
0.032018
0.035680
0.036560
0.029296
0.029794
0.032525
0.030091
0.033664
0.031401
0.030174
0.030293
0.030688
0.032746
0.029698
0.028867
0.028983
0.028736
0.028977
0.029380
0.029342
0.028833
0.028407
0.034909
0.033840
0.035648
0.034705
0.031157
0.030964
0.030387
0.037457
0.029209
0.028814
0.030803
0.030361
0.029429
0.036919
0.037360
0.032791
0.028625
0.032022
0.030445
0.031360
0.029199
0.029801
0.029014
0.028834
0.029510
0.029851
0.030439
0.037979
0.030684
0.029764
0.036056
0.029670
0.037324
0.029627
0.028967
0.034193
0.033395
0.029500
0.028735
0.029405
0.028571
0.035230
0.035209
0.028559
0.028707
