198	214	34	81
193	219	39	76
192	221	39	70
190	220	39	71
190	220	37	73
188	226	38	65
187	229	36	63
187	232	34	63
182	235	37	61
183	235	39	63
186	235	38	62
187	235	39	62
191	238	35	60
193	241	32	57
193	245	31	61
193	245	31	61
193	245	31	61
205	214	40	71
208	212	45	73
201	213	45	73
212	214	39	71
214	220	40	68
217	221	37	71
220	226	34	69
224	229	34	69
226	230	33	70
227	232	36	75
230	232	38	77
235	231	38	81
242	230	36	81
247	231	36	80
251	228	36	84
255	227	39	89
259	228	38	85
262	225	39	86
267	227	38	88
268	228	42	86
272	228	41	84
277	230	36	75
281	232	35	74
288	233	40	77
288	239	42	73
290	237	43	77
293	239	37	70
294	237	39	74
294	234	35	73
294	235	32	72
295	234	28	74
294	234	29	74
292	232	28	77
292	230	28	78
291	229	27	80
289	228	26	79
285	228	32	80
285	228	31	79
283	228	32	78
282	230	33	76
280	232	32	77
277	234	42	80
274	237	42	79
274	240	41	80
266	239	47	82
261	242	49	79
258	245	49	71
256	249	46	67
248	247	48	65
243	246	44	68
244	252	39	65
238	253	38	62
225	250	44	67
230	252	40	64
218	246	42	70
213	244	42	73
208	250	50	72
193	237	49	67
183	236	49	70
183	241	45	68
176	242	41	66
177	248	34	64
174	245	29	68
166	239	32	73
159	241	36	71
154	238	34	70
147	234	41	70
144	230	36	71
140	230	36	69
134	227	40	74
131	228	38	74
128	225	34	82
130	228	28	80
122	224	32	82
117	221	35	83
115	221	35	82
110	215	38	81
108	213	40	76
108	212	40	73
108	214	40	72
109	215	38	73
111	215	36	76
114	217	34	75
120	220	29	73
121	218	31	73
122	212	32	80
118	206	39	84
120	205	39	81
123	202	38	78
125	198	40	79
128	197	40	81
133	197	35	86
137	200	33	83
139	198	34	85
141	194	34	88
143	193	34	87
147	190	36	90
150	188	33	77
153	186	40	77
158	184	34	74
162	185	34	74
165	185	34	77
169	187	35	77
176	188	31	77
178	187	34	79
184	182	31	85
184	180	36	87
187	178	36	89
190	174	36	102
191	172	38	99
195	175	38	84
201	176	33	79
203	178	34	81
206	175	32	87
208	174	31	92
209	173	33	91
210	170	33	95
212	169	33	90
213	168	33	81
212	167	36	75
215	167	34	74
216	168	35	72
215	168	38	72
216	169	39	72
217	170	38	73
219	169	37	75
223	169	36	76
227	165	33	86
229	164	32	93
231	163	33	91
231	160	33	93
235	161	30	99
235	159	32	100
235	160	34	99
236	161	34	99
238	162	35	96
240	162	36	97
241	166	37	92
242	165	37	91
246	166	37	85
246	158	40	82
250	162	37	74
252	165	36	69
254	167	35	67
254	166	36	69
256	165	34	72
258	164	35	71
263	161	32	72
267	158	29	77
269	160	32	69
271	159	31	72
274	160	31	69
276	162	30	69
276	162	33	71
277	163	34	70
277	164	37	72
279	164	39	62
279	163	41	62
280	160	40	63
280	160	40	63
283	161	39	61
282	161	40	60
281	160	40	62
281	160	39	63
280	159	38	64
283	158	34	65
283	157	34	66
284	152	33	70
283	152	33	70
284	151	31	73
284	151	31	73
284	151	32	74
286	150	31	76
285	151	30	78
287	149	26	85
287	154	26	85
288	154	28	86
288	151	28	90
288	150	26	89
288	148	26	90
287	152	27	83
287	158	27	77
288	159	25	80
287	159	26	74
288	159	27	71
289	159	28	71
289	155	28	76
289	155	30	74
290	153	30	78
290	160	31	72
290	160	32	75
292	160	29	76
290	159	31	76
290	162	27	74
290	162	26	74
288	163	26	75
287	162	28	78
286	162	27	77
285	161	28	78
285	161	27	78
283	160	30	81
283	159	29	84
283	160	29	82
282	164	30	82
283	164	29	89
282	166	30	95
280	167	31	100
279	168	31	100
278	168	30	98
277	170	30	97
275	171	31	93
272	171	32	102
272	169	30	109
271	166	28	102
269	166	27	101
266	166	27	96
262	167	29	88
260	168	28	86
259	169	28	85
256	171	29	87
255	174	29	85
253	176	29	86
250	177	32	91
249	181	31	91
246	180	32	100
244	182	32	101
241	181	34	104
237	182	36	106
230	182	45	119
230	177	40	126
228	179	41	122
228	179	38	119
226	179	38	117
224	177	37	120
221	176	39	123
219	177	40	124
218	176	35	127
216	176	39	128
214	177	39	129
210	183	46	124
208	186	49	118
205	188	51	117
203	188	47	109
202	189	45	98
200	191	42	88
200	195	39	78
198	196	38	78
198	193	38	83
197	191	36	85
196	192	36	83
197	186	34	88
195	183	36	91
194	183	36	88
195	183	34	86
195	186	37	83
193	188	38	82
192	189	39	82
194	187	37	90
193	190	38	86
193	187	39	89
193	186	39	93
191	185	42	89
190	185	43	88
191	187	43	81
191	191	40	75
190	190	42	76
188	192	43	75
188	190	43	80
188	188	47	86
189	188	47	91
190	185	46	97
191	183	46	96
192	182	44	96
192	183	41	91
191	179	44	99
191	178	39	105
191	179	41	107
191	182	40	97
190	185	41	97
186	184	46	102
186	185	46	105
184	186	46	103
183	196	44	89
180	191	44	97
178	193	45	96
175	201	46	89
171	197	47	94
168	195	43	94
167	195	40	96
165	194	38	98
163	196	37	97
161	193	36	103
160	194	35	100
157	193	36	108
155	193	36	105
154	196	34	101
153	197	30	97
152	198	29	97
149	199	30	99
147	199	30	100
145	199	31	99
145	198	31	101
144	199	31	99
144	200	30	99
139	202	34	97
137	203	34	97
133	203	40	97
133	205	36	95
133	202	36	98
132	204	37	94
133	203	35	95
133	203	35	95
132	204	37	93
133	207	35	91
132	204	37	94
133	205	36	93
135	207	35	92
136	208	35	95
137	209	35	95
139	209	36	93
140	209	36	96
141	209	37	100
142	211	36	97
143	210	36	98
144	211	37	94
145	210	36	96
145	209	37	101
146	211	36	97
147	208	36	105
146	208	39	101
147	209	36	112
146	210	37	112
147	210	35	109
147	212	35	106
147	212	33	104
148	214	30	94
147	215	30	95
146	214	30	94
144	215	33	96
143	214	33	98
143	217	32	91
142	215	31	93
141	217	31	90
141	215	32	95
141	215	32	92
142	212	32	99
142	210	33	103
142	212	33	97
143	208	32	105
143	209	32	105
142	209	33	108
143	209	33	109
144	210	34	111
144	213	35	103
145	213	33	103
146	215	33	102
147	213	32	108
148	212	33	108
148	215	33	105
149	214	32	105
150	211	32	114
150	211	33	116
152	213	32	114
151	215	32	106
151	216	34	104
153	217	32	105
153	221	32	98
154	225	32	91
153	227	35	89
155	228	33	87
156	229	32	88
155	227	34	88
156	227	33	89
156	229	33	89
155	229	33	89
156	229	31	93
156	229	33	93
156	230	32	90
157	231	33	87
157	229	32	87
157	226	33	91
157	229	37	87
156	225	39	91
156	228	36	87
156	230	37	83
157	229	34	83
156	230	35	82
156	231	35	79
157	230	35	80
157	232	37	79
158	230	36	82
159	229	38	83
160	227	38	85
161	229	38	83
162	230	38	82
162	228	37	86
163	226	38	88
163	228	37	86
163	228	39	87
165	229	38	86
166	230	37	83
166	230	37	83
165	230	39	84
166	226	39	89
166	225	38	92
167	227	38	88
169	227	36	88
168	228	38	87
169	226	38	89
170	225	37	91
172	223	36	93
173	220	36	96
174	220	37	96
176	222	36	94
178	221	37	95
179	222	38	95
181	221	38	96
184	219	35	99
187	219	34	99
189	221	35	96
190	220	34	97
192	220	35	100
193	220	35	100
194	220	37	99
196	219	37	102
197	219	39	104
200	218	36	104
200	221	39	102
201	218	38	103
203	218	38	105
205	216	37	109
207	216	36	107
209	215	36	116
210	213	37	130
212	214	38	126
214	213	40	129
214	215	42	130
216	215	42	132
218	217	42	125
220	220	41	121
226	222	41	115
231	226	38	103
234	228	39	99
239	230	40	98
242	231	52	95
247	229	57	104
255	225	48	118
294	149	42	125
295	152	37	121
292	153	39	121
290	162	41	115
290	167	40	111
290	167	40	111
290	167	40	111
290	167	40	111
314	221	34	101
317	220	40	103
320	223	45	102
326	224	47	108
337	224	39	107
343	224	40	100
343	224	40	100
343	224	40	100
343	224	40	100
375	199	46	109
378	197	52	120
384	199	41	117
395	209	42	111
402	219	50	100
410	224	46	96
416	225	40	100
420	225	41	101
425	224	39	110
426	221	39	110
426	219	38	113
422	217	40	104
420	212	39	120
417	207	43	128
410	203	53	127
409	205	52	124
406	201	52	126
406	201	48	125
401	197	51	122
401	194	47	123
397	192	46	119
395	190	42	118
391	186	44	119
389	183	41	123
385	182	41	122
381	180	40	124
376	181	41	122
371	181	44	120
368	180	40	125
366	181	40	118
362	182	41	117
360	180	40	119
359	180	39	117
356	181	43	115
357	181	41	104
358	179	38	100
359	178	36	101
357	176	37	102
357	175	33	102
356	174	33	93
355	172	32	101
354	172	31	99
353	171	33	100
353	170	33	101
348	170	43	104
348	171	42	104
349	173	39	102
348	174	41	102
350	175	37	94
351	175	35	97
349	174	37	101
348	176	37	96
346	174	38	101
346	176	37	96
344	174	38	98
344	174	36	101
343	173	36	102
342	174	37	102
341	175	36	99
341	176	35	97
339	176	37	102
338	177	37	105
337	177	38	106
337	178	37	113
335	180	37	109
336	179	36	110
333	178	38	111
333	177	36	111
331	178	37	106
329	177	37	106
326	176	39	104
325	176	39	94
323	177	40	92
322	176	40	91
323	175	38	85
321	174	37	81
321	174	37	83
318	182	39	84
316	175	43	81
316	176	40	94
313	178	44	110
314	178	41	114
310	176	45	119
308	179	46	115
305	179	47	118
301	179	50	119
300	179	50	120
299	180	49	119
297	178	50	122
296	179	51	119
296	177	49	120
295	174	48	121
294	171	46	122
294	169	47	129
296	168	46	124
296	167	44	124
296	170	44	122
297	167	43	124
295	170	45	121
296	171	42	117
295	171	45	118
294	173	50	115
290	175	60	113
292	173	55	104
290	172	57	106
287	172	61	107
288	171	61	112
288	168	59	117
287	167	61	117
286	166	62	117
287	164	56	116
287	164	57	116
289	162	50	117
290	164	49	110
291	161	46	114
292	164	47	107
292	164	47	108
296	165	43	102
296	166	42	96
301	166	37	89
303	161	37	101
306	160	36	106
307	158	38	111
310	157	37	113
311	159	41	110
312	159	43	112
315	160	44	110
317	161	44	108
318	162	47	107
320	162	49	107
324	161	42	108
326	159	43	112
327	160	44	108
326	160	45	109
331	159	43	109
333	159	43	109
335	161	43	104
336	157	42	110
335	156	45	109
335	151	44	116
329	148	51	118
332	149	46	116
333	143	39	126
333	139	38	129
333	135	38	138
334	130	39	128
333	129	35	123
337	130	27	119
336	130	28	125
334	130	29	128
333	134	29	121
332	137	30	119
332	140	30	117
333	144	29	110
334	150	28	108
334	155	27	110
335	156	26	112
335	157	26	107
336	157	26	103
337	157	27	102
337	159	28	100
337	158	28	103
336	160	30	99
337	161	28	95
336	162	28	89
337	164	28	89
337	166	27	88
337	168	28	89
337	168	28	89
337	179	29	98
339	177	28	104
336	174	32	111
340	179	32	109
341	185	34	105
341	181	33	112
341	180	28	109
360	248	33	99
342	196	28	83
369	265	32	90
341	196	33	89
374	274	35	85
344	201	46	89
344	210	59	87
344	201	59	96
342	220	57	105
342	209	42	114
344	207	37	104
347	212	30	88
346	214	33	85
346	217	33	82
345	217	35	82
346	219	31	81
346	217	31	83
347	216	29	84
348	215	30	87
349	213	29	88
349	217	29	82
353	214	26	86
353	213	27	86
352	212	30	87
353	213	31	86
352	212	33	90
353	213	33	88
353	214	34	87
353	214	34	87
351	211	36	91
352	209	34	94
352	209	31	91
353	210	30	87
351	211	31	88
351	209	30	90
352	209	28	92
351	207	28	96
349	208	31	103
349	210	31	99
348	211	31	97
350	209	28	98
349	208	29	103
347	209	32	103
346	211	35	99
346	208	35	103
345	208	35	100
344	207	36	101
343	205	35	102
343	204	35	101
343	204	34	100
343	201	33	103
341	203	34	102
339	206	34	99
338	210	36	96
341	209	32	97
343	212	33	96
341	214	35	90
343	213	33	93
343	209	33	103
342	209	36	103
341	207	32	99
338	208	32	90
334	207	34	93
333	206	35	95
331	206	33	96
326	207	39	94
321	201	43	100
314	196	51	107
