0.174214
0.031264
0.037680
0.105229
0.039285
0.059916
0.020724
0.025544
0.047259
0.024832
0.037578
0.024712
0.049584
0.028900
0.037329
0.022869
0.068975
0.026397
0.029943
0.023486
0.038589
0.034659
0.020527
0.030070
0.021120
0.022322
0.038715
0.026007
0.032491
0.021420
0.020145
0.045344
0.023175
0.032789
0.021313
0.033256
0.021658
0.039228
0.039633
0.033448
0.025940
0.034228
0.038221
0.019742
0.033914
0.025647
0.022462
0.054664
0.043792
0.020359
0.020670
0.057174
0.022817
0.031645
0.023718
0.019231
0.031098
0.025056
0.047655
0.024127
0.054819
0.035622
0.042609
0.024839
0.045683
0.036190
0.024061
0.022165
0.072201
0.030358
0.023860
0.018410
0.017667
0.031965
0.040645
0.019458
0.018589
0.032731
0.050854
0.020464
0.026327
0.025426
0.045097
0.027419
0.028181
0.022319
0.020205
0.018340
0.048930
0.035289
0.059164
0.036179
0.052462
0.022759
0.046191
0.029993
0.037655
0.043400
0.051701
