0.141860
0.033502
0.038597
0.024761
0.061638
0.043982
0.026268
0.058167
0.020875
0.022516
0.019611
0.021878
0.030832
0.021805
0.024760
0.046381
0.019618
0.027743
0.036756
0.021300
0.083490
0.044045
0.024171
0.020887
0.049041
0.019887
0.030045
0.037477
0.057838
0.027420
0.044823
0.022414
0.026075
0.043002
0.027798
0.022342
0.024876
0.052682
0.024175
0.027783
0.027133
0.049916
0.028995
0.037729
0.023026
0.075840
0.040285
0.031682
0.046374
0.041767
0.031430
0.021361
0.062965
0.032650
0.023647
0.035628
0.038789
0.036638
0.048584
0.030398
0.057726
0.019967
0.061168
0.031064
0.031032
0.023899
0.036539
0.032644
0.036886
0.023272
0.019801
0.046416
0.044418
0.021898
0.035790
0.037916
0.030472
0.022415
0.054166
0.027296
0.030377
0.033723
0.044265
0.036269
0.021497
0.020569
0.055459
0.020883
0.035013
0.027746
0.038589
0.030375
0.042110
0.021897
0.031699
0.043875
0.034941
0.031683
0.049182
0.033550
0.027861
0.021299
0.052005
0.038282
0.031607
0.021368
0.040634
0.028649
0.021613
0.027822
0.035242
0.024276
0.055034
0.030134
0.049145
0.038269
0.031785
0.036748
0.031560
0.025974
0.033037
0.043811
0.027397
0.032125
0.023630
0.022013
0.044987
0.022431
0.056291
0.026691
0.042169
0.049799
0.061525
0.026051
0.052125
0.078322
0.087012
0.031664
0.038922
0.052801
0.046013
0.049784
0.031589
0.103562
0.041237
0.043784
0.031447
0.051882
0.032606
0.022433
0.025353
0.080196
0.022819
0.022346
0.042834
0.023476
0.037794
0.033808
0.052927
0.045379
0.065223
0.066900
0.036072
0.081949
0.067251
0.105017
0.083352
0.024980
0.077296
0.051024
0.060473
0.064497
0.023613
0.051265
0.073350
0.039474
0.056479
0.030409
0.036108
0.043132
0.035587
0.082726
0.036840
0.077889
0.021214
0.063308
0.024915
0.022650
0.029226
0.030567
0.063553
0.035362
0.026513
0.055902
0.036877
0.021101
0.055750
0.032883
0.021476
0.052689
0.040418
0.020816
0.045484
0.037283
0.023852
0.034405
0.021242
0.029593
0.032224
0.028154
0.037718
0.026439
0.049047
0.050438
0.022945
0.054881
0.041528
0.034466
0.036225
0.039442
0.084844
0.027276
0.021942
0.038683
0.035452
0.034889
0.028479
0.020860
0.021780
0.031903
0.033043
0.050084
0.021866
0.048113
0.025613
0.035898
0.023226
0.030159
0.032389
0.040540
0.028592
0.032995
0.037483
0.030993
0.038133
0.032397
0.051350
0.019853
0.036555
0.035331
0.031605
0.022444
0.020982
0.025436
0.038278
0.043620
0.079464
0.035851
0.043263
0.027938
0.027443
0.046733
0.060981
0.020092
0.047545
0.040115
0.044282
0.039176
0.026576
0.026816
0.042127
0.027632
0.018867
0.049366
0.023355
0.031705
0.021150
0.055421
0.037128
0.055853
0.037109
0.019914
0.047779
0.034435
0.029902
0.022148
0.059821
0.029364
0.055521
0.057091
0.048545
0.039426
0.054344
0.037854
0.028465
0.031188
0.049685
0.034121
0.020889
0.030370
0.044990
0.028094
0.022008
0.054047
0.031609
0.020672
0.019412
0.068479
0.031652
0.026258
0.041486
0.024767
0.028805
0.020815
0.034841
0.031097
0.021421
0.038664
0.039377
0.021970
0.054733
0.022509
0.024964
0.036201
0.041663
0.039589
0.021612
0.039106
0.040828
0.029140
0.020736
0.028075
0.030941
0.022047
0.020409
0.029563
0.038967
0.037286
0.019293
0.053790
0.058603
0.023893
0.050501
0.030653
0.049288
0.031115
0.023459
0.019884
0.036127
0.025810
0.039201
0.020382
0.026742
0.052428
0.031486
0.032172
0.023504
0.020789
0.029235
0.040465
0.044289
0.042387
0.025363
0.021980
0.055454
0.023095
0.027474
0.064387
0.042128
0.027485
0.025086
0.051647
0.027135
0.028393
0.018960
0.021228
0.046815
0.038466
0.020835
0.050496
0.047562
0.028824
0.025698
0.036328
0.029953
0.038388
0.026101
0.021985
0.043536
0.025997
0.028726
0.049724
0.028730
0.025206
0.022632
0.036284
0.025031
0.029153
0.028201
0.037919
0.056459
0.024426
0.054240
0.030432
0.054658
0.023164
0.033053
0.020664
0.053606
0.023828
0.020349
0.024212
0.034686
0.031298
0.023691
0.022072
0.049924
0.025623
0.032006
0.034402
0.037446
0.028356
0.029394
0.027096
0.052956
0.022358
0.030471
0.024511
0.040551
0.026993
0.020985
0.025635
0.028158
0.024342
0.026246
0.031709
0.038892
0.019513
0.026000
0.052119
0.059949
0.026034
0.049138
0.025081
0.021650
0.022299
0.058866
0.041052
0.031763
0.034305
0.027637
0.046287
0.027218
0.023051
0.021029
0.024001
0.033631
0.021910
0.043819
0.056006
0.032922
0.020176
0.043661
0.032418
0.020187
0.020391
0.046091
0.022478
0.020146
0.046680
0.021585
0.030439
0.038639
0.047172
0.020356
0.025557
0.039620
0.025873
0.039547
0.020177
0.061555
0.031390
0.023079
0.055644
0.024908
0.026833
0.050391
0.025135
0.025303
0.058033
0.024609
0.022022
0.033967
0.018289
0.018606
0.063986
0.020952
0.071634
0.033865
0.030093
0.055326
0.049514
0.026580
0.054511
0.037528
0.019673
0.022565
0.049736
0.032249
0.028768
0.045249
0.047623
0.039048
0.044184
0.033997
0.023921
0.053823
0.033352
0.033556
0.032926
0.050850
0.021889
0.037948
0.032917
0.032036
0.025456
0.031873
0.035792
0.042643
0.157227
0.080366
0.026811
0.158145
0.120537
0.048900
0.083359
0.020336
0.027054
0.033922
0.028123
0.034405
0.032242
0.025083
0.029252
0.030279
0.032779
0.035553
0.037956
0.019565
0.031481
0.035846
0.041941
0.030597
0.044975
0.033548
0.040639
0.056783
0.024869
0.032027
0.043477
0.057417
0.027022
0.051682
0.036215
0.026084
0.037628
0.023810
0.061234
0.035637
0.039762
0.024015
0.062647
0.034605
0.021704
0.052712
0.035208
0.031667
0.064094
0.040771
0.049752
0.061182
0.033659
0.025509
0.030180
0.040236
0.033333
0.042636
0.029458
0.064182
0.034069
0.030779
0.028119
0.031326
0.039990
0.049629
0.037683
0.026628
0.033160
0.037293
0.052507
0.042428
0.057602
0.048888
0.043236
0.026661
0.050894
0.025887
0.024626
0.053509
0.041108
0.040759
0.045568
0.021982
0.068111
0.053528
0.045046
0.028523
0.026048
0.031966
0.042118
0.048927
0.018546
0.062135
0.036620
0.036084
0.034429
0.048769
0.047323
0.036970
0.042464
0.034582
0.024913
0.045371
0.021725
0.020215
0.030454
0.071995
0.048826
0.024861
0.037601
0.027451
0.050099
0.032972
0.035741
0.045343
0.037273
0.028358
0.046644
0.029603
0.039951
0.027501
0.019597
0.021448
0.045914
0.032026
0.031217
0.028106
0.039071
0.062638
0.041327
0.039259
0.028455
0.042250
0.040574
0.024422
0.034322
0.028111
0.054185
0.025929
0.028031
0.027455
0.034953
0.025820
0.032523
0.029727
0.024657
0.027810
0.033313
0.022576
0.039733
0.043227
0.036476
0.023095
0.045316
0.031309
0.025075
0.024821
0.045567
0.031601
0.020282
0.040110
0.095248
0.034706
0.028795
0.067959
0.034285
0.052402
0.188400
0.137392
0.180888
0.044582
0.178627
0.208092
0.105136
0.158741
0.100900
0.050964
0.113810
0.162934
0.049485
0.084466
0.156249
0.169178
0.162722
0.281285
0.247407
0.272332
0.213634
0.304389
0.247583
0.231729
0.244874
0.303642
0.226815
0.061354
0.130321
0.123455
0.184330
0.200436
0.193951
0.083913
0.062334
0.031900
0.106328
0.182527
0.198602
0.181874
0.174593
0.117283
0.121659
0.060854
0.062219
