0.173598
0.018394
0.018381
0.060600
0.065128
0.052852
0.065435
0.033357
0.020702
0.021318
0.022372
0.028653
0.021951
0.019580
0.017545
0.019379
0.015967
0.022883
0.028527
0.025445
0.020987
0.016526
0.017057
0.016476
0.019577
0.018785
0.065954
0.063832
0.030385
0.064686
0.030514
0.065851
0.064780
0.032855
0.018953
0.019258
0.020569
0.016010
0.018430
0.024853
0.025468
0.023230
0.019528
0.019293
0.021196
0.019482
0.024149
0.024651
0.119563
0.043305
0.064157
0.047378
0.045911
0.050037
0.066239
0.018679
0.020427
0.019165
0.015976
0.018285
0.025549
0.020682
0.018254
0.015626
0.015918
0.020667
0.016710
0.027149
0.026223
0.048218
0.025823
0.020322
0.037983
0.064999
0.039260
0.021585
0.070967
0.046823
0.065691
0.060915
0.077953
0.026810
0.017646
0.020124
0.022336
0.019884
0.020938
0.017125
0.021622
0.018360
0.016993
0.018430
0.018323
0.018914
0.025393
0.021023
0.021050
0.021405
0.020907
0.021054
0.023395
0.019484
0.020974
0.022249
0.023627
0.023458
0.064562
0.066205
0.024416
0.070608
0.085310
0.030832
0.022064
0.031451
0.018280
0.022056
0.019614
0.024943
0.019915
0.017959
0.021590
0.025058
0.019862
0.020617
0.020482
0.020619
0.037496
0.044902
0.043036
0.023539
0.023773
0.021927
0.030952
0.031983
0.023421
0.023287
0.021600
0.021437
0.023449
0.021785
0.027232
0.066375
0.070198
0.064356
0.060463
0.020454
0.075189
0.018713
0.021861
0.020224
0.033096
0.031098
0.017268
0.019307
0.019182
0.022273
0.019190
0.018649
0.019405
0.018497
0.024127
0.023723
0.022776
0.019315
0.020571
0.019111
0.025103
0.021513
0.024671
0.025344
0.068225
0.025186
0.082906
0.022590
0.060100
0.046247
0.072119
0.100596
0.025699
0.019462
0.037030
0.028287
0.032693
0.024780
0.021513
0.018893
0.025076
0.023533
0.025752
0.020019
0.020866
0.019314
0.020808
0.029699
0.024931
0.028709
0.035280
0.026970
0.035066
0.068881
0.029060
0.067360
0.062708
0.059838
0.037515
0.067480
0.019819
0.026426
0.020886
0.019042
0.019380
0.024414
0.034056
0.017826
0.019047
0.022859
0.019363
0.020959
0.018322
0.016847
0.024631
0.020584
0.018264
0.019053
0.019363
0.018723
0.018637
0.017759
0.077016
0.022878
0.062903
0.049091
0.061980
0.067356
0.068037
0.019166
0.017344
0.020018
0.026809
0.018988
0.024257
0.016903
0.023824
0.024277
0.031874
0.024263
0.022392
0.021828
0.023441
0.021254
0.021579
0.064665
0.064850
0.068579
0.026168
0.095377
0.021082
0.075485
0.031343
0.025272
0.026930
0.023284
0.020456
0.019502
0.017258
0.017294
0.019635
0.018415
0.025435
0.020580
0.018935
0.024644
0.031000
0.020188
0.018214
0.018232
0.018290
0.024495
0.019834
0.019242
0.094869
0.055962
0.068078
0.066206
0.026509
0.065970
0.031683
0.028325
0.027492
0.026010
0.021496
0.016000
0.018489
0.026866
0.026248
0.038129
0.022653
0.018295
0.017022
0.025474
0.026490
0.018304
0.025744
0.026372
0.018048
0.074326
0.024100
0.127512
0.085629
0.071358
0.023127
0.026522
0.020576
0.022062
0.019036
0.017534
0.019721
0.024047
0.018235
0.020888
0.024274
0.025943
0.020082
0.017866
0.018390
0.017808
0.048259
0.019291
0.021372
0.018417
0.022403
0.026336
0.021981
0.021151
0.051441
0.066409
0.055722
0.068455
0.051691
0.069575
0.026334
0.024410
0.019518
0.024384
0.023885
0.023430
0.019031
0.016071
0.017751
0.018605
0.021261
0.020298
0.018319
0.021116
0.020003
0.027118
0.026309
0.022865
0.023594
0.054236
0.096249
0.065934
0.023951
0.058302
0.025108
0.020335
0.020668
0.023306
0.017976
0.019105
0.019014
0.018112
0.017770
0.021103
0.023856
0.019918
0.024974
0.018450
0.022615
0.022850
0.021433
0.020604
0.044351
0.056558
0.075227
0.084858
0.046223
0.018723
0.017773
0.021495
0.030606
0.029605
0.028737
0.025074
0.023739
0.018656
0.022544
0.023580
0.026949
0.019576
0.032010
0.022099
0.022290
0.025385
0.022955
0.023095
0.029726
0.058415
0.051358
0.072881
0.064831
0.068111
0.066152
0.054519
0.061688
0.059971
0.018402
0.019396
0.019520
0.017191
0.022957
0.020371
0.023801
0.019009
0.019920
0.020607
0.021281
0.020126
0.017792
0.016908
0.017349
0.020371
0.020620
0.021334
0.024682
0.032605
0.059998
0.026997
0.070789
0.050705
0.058722
0.067846
0.070980
0.017422
0.017552
0.016522
0.016847
0.019683
0.019996
0.019771
0.020392
0.021543
0.021526
0.019943
0.023220
0.033438
0.020759
0.024942
0.020633
0.022122
0.025314
0.023126
0.017499
0.023081
0.028261
0.023143
0.018321
0.016518
0.017605
0.020264
0.016540
0.068789
0.086999
0.018875
0.066516
0.063869
0.060667
0.071586
0.064480
0.022455
0.023424
0.020611
0.017802
0.019565
0.017118
0.019268
0.021400
0.017336
0.020800
0.019492
0.021878
0.018408
0.022383
0.020308
0.028047
0.020620
0.027334
0.021966
0.030224
0.074763
0.034710
0.051830
0.069327
0.023598
0.061245
0.027510
0.020730
0.040057
0.020640
0.019247
0.023995
0.026096
0.023459
0.020004
0.017690
0.020368
0.022193
0.042450
0.017922
0.020275
0.027067
0.064668
0.022437
0.070922
0.068338
0.053030
0.032464
0.067708
0.021508
0.019957
0.020410
0.021559
0.017927
0.020433
0.031863
0.025674
0.016701
0.017303
0.019869
0.019822
0.022669
0.022907
0.016329
0.020287
0.017331
0.020990
0.019192
0.019231
0.021941
0.042732
0.063012
0.065130
0.044880
0.056584
0.061885
0.056459
0.055970
0.018376
0.018671
0.024588
0.028728
0.020791
0.023218
0.018653
0.019183
0.021500
0.025436
0.029520
0.020801
0.024556
0.023673
0.034714
0.032012
0.017858
0.070778
0.068025
0.066401
0.063106
0.050896
0.065192
0.055539
0.023464
0.017937
0.017821
0.041440
0.017377
0.020254
0.022538
0.019563
0.020588
0.018793
0.021586
0.017532
0.020270
0.018731
0.020852
0.023064
0.020771
0.065952
0.067664
0.098110
0.067482
0.070214
0.058893
0.066561
0.066169
0.021042
0.077153
0.017705
0.020398
0.018660
0.019787
0.018110
0.023681
0.025879
0.027917
0.018329
0.022742
0.025774
0.035457
0.031216
0.034807
0.026014
0.024875
0.021864
0.026511
0.023521
0.025256
0.090106
0.069037
0.024649
