0.261797
0.063365
0.033808
0.054626
0.041119
0.103779
0.052267
0.067557
0.072119
0.026031
0.019455
0.016297
0.021315
0.020338
0.064318
0.060607
0.123685
0.062992
0.062943
0.063019
0.067363
0.021153
0.036268
0.099946
0.019096
0.056720
0.064211
0.062934
0.019624
0.027139
0.062428
0.062160
0.064273
0.089139
0.081108
0.147513
0.036345
0.064625
0.063826
0.056335
0.104720
0.064404
0.023048
0.017506
0.022766
0.017192
0.024291
0.023031
0.066896
0.062027
0.067715
0.066393
0.051712
0.064494
0.022260
0.140541
0.055991
0.083623
0.052315
0.064838
0.022096
0.026319
0.025281
0.020222
0.019835
0.032769
0.064921
0.086245
0.065112
0.023433
0.066338
0.094233
0.065709
0.066860
0.084135
0.092717
0.022178
0.025414
0.016783
0.065009
0.083551
0.055860
0.077464
0.027487
0.023427
0.017141
0.019377
0.046623
0.020868
0.064384
0.066115
0.086894
0.104353
0.067971
0.022203
0.050422
0.061686
0.028273
0.067434
0.066155
0.056187
0.055507
0.066239
0.065887
0.033628
0.021322
0.032802
0.021269
0.018574
0.017288
0.019168
0.024422
0.065949
0.063251
0.065558
0.067375
0.025908
0.064955
0.027872
0.071132
0.028935
0.061795
0.055957
0.067240
0.084536
0.026879
0.063747
0.069405
0.020450
0.022380
0.018853
0.018649
0.022348
0.025926
0.023819
0.019705
0.067031
0.073617
0.066587
0.067209
0.079617
0.076570
0.079880
0.064129
0.063145
0.057364
0.069368
0.034645
0.064433
0.086069
0.073261
0.017884
0.022072
0.037503
0.026068
0.018784
0.019060
0.032898
0.016969
0.033272
0.095943
0.050223
0.067011
0.065894
0.066174
0.064816
0.065630
0.065286
0.077290
0.110498
0.070412
0.075485
0.070906
0.064659
0.025507
0.017239
0.018785
0.018218
0.060589
0.018363
0.098597
0.068698
0.020149
0.043254
0.070253
0.083875
0.077104
0.088477
0.064127
0.073770
0.081534
0.020360
0.068085
0.056348
0.019456
0.021978
0.023463
0.031176
0.022517
0.017843
0.102988
0.067538
0.134503
0.108685
0.031389
0.112894
0.052099
0.070673
0.021758
0.070535
0.068678
0.074989
0.067983
0.079228
0.074049
0.068154
0.033133
0.078250
0.077641
0.069229
0.102969
0.067982
0.025079
0.067152
0.072098
0.028174
0.071148
0.076895
0.068354
0.060855
0.063766
0.026040
0.068110
0.067312
0.068250
0.024292
0.024271
0.024299
0.020945
0.022586
0.104269
0.056648
0.053347
0.071992
0.059865
0.045267
0.067696
0.095902
0.068582
0.072961
0.064545
0.128718
0.064346
0.032887
0.071461
0.070969
0.025896
0.028272
0.028604
0.021114
0.024278
0.022945
0.048015
0.059999
0.088338
0.113417
0.070231
0.054518
0.061015
0.070913
0.065893
0.027530
0.059681
0.107684
0.086289
0.071516
0.041307
0.069616
0.051326
0.020938
0.029080
0.020998
0.017915
0.070517
0.023079
0.066832
0.068146
0.070943
0.069272
0.066479
0.068140
0.019819
0.055396
0.104221
0.089062
0.119254
0.094580
0.090851
0.069760
0.050131
0.146728
0.060431
0.072798
0.082196
0.038492
0.112687
0.088631
0.078751
0.077199
0.078471
0.127459
0.060936
0.075335
0.057400
0.076336
0.073422
0.023510
0.076996
0.063766
0.071182
0.108572
0.020064
0.073896
0.066376
0.072942
0.070355
0.082629
0.062764
0.077123
0.073758
0.071762
0.058172
0.020873
0.072293
0.084229
0.061732
0.071009
0.071185
0.081813
0.078292
0.104766
0.084147
0.072049
0.023730
0.076821
0.066017
0.052286
0.069796
0.072031
0.020622
0.076601
0.064620
0.043843
0.066050
0.069741
0.070370
0.028661
