0.299180
0.066353
0.079491
0.068528
0.021641
0.074438
0.064791
0.074863
0.080022
0.075666
0.066474
0.070475
0.034265
0.063968
0.065608
0.064019
0.066219
0.068631
0.080932
0.069778
0.067118
0.022339
0.118782
0.064060
0.052215
0.067805
0.067591
0.075971
0.052516
0.063901
0.113573
0.071023
0.070018
0.058979
0.071363
0.063824
0.055795
0.070027
0.075961
0.069301
0.122210
0.072095
0.024709
0.067393
0.071888
0.067874
0.073460
0.095104
0.077157
0.028826
0.067339
0.067706
0.062222
0.067798
0.090686
0.022527
0.070799
0.069392
0.083620
0.059929
0.024613
0.069026
0.030402
0.073309
0.076701
0.128351
0.107089
0.086941
0.106580
0.071800
0.032829
0.162549
0.064414
0.066987
0.073705
0.069300
0.072389
0.069443
0.068879
0.018544
0.101084
0.034176
0.068755
0.071668
0.072378
0.060276
0.106884
0.067680
0.070458
0.073658
0.140486
0.075603
0.064956
0.069161
0.068116
0.024805
0.075127
0.078580
0.076236
0.112651
0.101662
0.071187
0.075994
0.040099
0.070159
0.070827
0.070594
0.078393
0.034045
0.072526
0.034049
0.074699
0.065495
0.071012
0.083465
0.097575
0.030706
0.081690
0.032306
0.074054
0.087032
0.069291
0.058693
0.075927
0.072071
0.051945
0.071718
0.074422
0.058369
0.065582
0.066505
0.072887
0.020771
0.072712
0.066436
0.110774
0.075882
0.073713
0.019418
0.068181
0.099650
0.074548
0.086637
0.065365
0.059028
0.070204
0.077319
0.073728
0.070068
0.022819
0.113433
0.072377
0.065548
0.022155
0.021878
0.119154
0.044111
0.076278
0.069499
0.153624
0.087806
0.072201
0.053536
0.054795
0.094285
0.216023
0.086885
0.074771
0.059172
0.026188
0.068152
0.069982
0.046820
0.065854
0.075778
0.067730
0.052001
0.070317
0.118436
0.037992
0.088305
0.065626
0.069851
0.113927
0.075988
0.033741
0.066473
0.081933
0.068764
0.024589
0.072172
0.189301
0.082965
0.024965
0.022394
0.021646
0.022326
0.036901
0.080319
0.064860
0.102679
0.069056
0.065116
0.072847
0.027781
0.065619
0.065734
0.066131
0.083767
0.121825
0.075803
0.016078
0.024460
0.019257
0.017351
0.026290
0.068940
0.050323
0.026391
0.068465
0.098078
0.064616
0.040421
0.065509
0.126142
0.068943
0.071312
0.065736
0.050709
0.097561
0.064569
0.037951
0.023154
0.032676
0.018605
0.037929
0.065939
0.057673
0.095343
0.067938
0.085374
0.063687
0.068563
0.075309
0.064967
0.067246
0.065520
0.065825
0.068018
0.046434
0.053932
0.065861
0.024772
0.018991
0.067586
0.067273
0.068869
0.145528
0.061802
0.101842
0.072433
0.069223
0.036068
0.065504
0.064440
0.038389
0.051663
0.068282
0.031716
0.030809
0.018366
0.020909
0.017236
0.018881
0.020842
0.022301
0.038482
0.024955
0.024027
0.078600
0.034864
0.055662
0.069526
0.066224
0.065969
0.071333
0.067750
0.064930
0.062987
0.067680
0.082237
0.081914
0.025382
0.068527
0.067266
0.034035
0.019565
0.023090
0.067254
0.064687
0.104175
0.072956
0.063878
0.051746
0.027408
0.096019
0.063727
0.021528
0.069057
0.021646
0.076760
0.090476
0.084961
0.087211
0.087546
0.155556
0.093815
0.099766
0.084300
0.022099
0.121259
0.076334
0.079209
0.077744
0.077646
0.081313
0.064563
0.073836
0.113634
0.094582
0.071967
0.054205
0.040859
0.087267
0.077605
0.130376
0.075210
0.096725
0.088355
0.089047
0.061104
0.070259
0.063547
0.071126
0.047961
0.087881
0.075208
0.066515
0.085956
0.072746
0.056188
0.079408
0.070333
0.073128
0.070950
0.072895
0.072642
0.061694
0.077901
0.104087
0.050698
0.068685
0.072270
0.085637
0.122536
0.058110
0.070029
0.059088
0.069863
0.069065
0.070063
0.113640
0.068815
0.066861
0.069702
0.072115
0.051436
0.085143
0.088108
0.059859
