250	168	106	105
241	165	112	115
237	173	109	118
216	194	115	114
211	208	114	112
221	199	113	113
219	192	107	112
215	192	110	114
215	192	110	114
145	254	120	102
145	254	120	102
244	222	118	108
226	216	115	101
221	197	110	114
210	196	109	114
198	204	108	110
192	217	109	110
201	207	115	114
219	185	110	105
222	144	105	115
197	135	113	115
205	161	116	109
235	195	114	102
262	232	112	104
273	233	114	115
262	234	107	118
245	237	113	121
240	248	111	111
230	238	112	112
225	221	115	116
224	207	107	118
234	204	113	116
244	190	109	116
245	164	109	119
227	157	110	110
220	132	112	112
225	119	116	111
248	129	112	105
256	126	111	113
255	130	111	119
267	169	110	115
271	216	108	105
279	235	107	105
273	233	108	112
274	231	110	114
266	218	112	110
263	212	114	112
262	186	120	121
266	154	117	122
266	155	118	114
271	180	118	105
266	179	117	115
268	175	109	108
272	176	109	114
276	185	114	114
285	191	114	114
283	202	112	115
264	207	107	117
227	207	109	110
199	205	114	110
206	206	114	108
237	204	106	111
281	204	87	114
321	207	88	113
338	215	105	111
330	222	113	108
322	210	105	108
291	173	120	125
261	157	119	121
243	157	114	109
246	163	107	114
252	181	109	111
258	196	106	113
275	215	110	106
303	218	106	113
307	230	114	108
309	233	107	118
298	247	114	107
289	245	111	109
268	235	110	107
237	223	105	112
216	222	112	115
209	227	109	117
221	223	112	115
234	193	120	129
252	156	116	138
260	139	128	125
292	138	125	111
320	141	117	114
332	143	111	122
326	164	115	116
317	180	109	108
293	185	115	116
268	203	114	117
253	224	109	113
240	233	110	105
226	208	108	117
216	200	112	117
206	195	115	116
214	189	113	116
232	167	116	121
243	160	116	116
265	163	111	120
278	180	115	122
298	209	115	119
309	220	114	114
300	202	111	115
265	187	112	109
200	183	138	124
172	203	119	116
166	228	110	112
164	231	112	117
179	224	113	107
199	179	122	120
226	166	114	115
236	165	115	118
229	187	115	117
230	205	109	110
222	198	112	114
229	185	119	119
242	193	111	114
237	192	112	121
226	216	112	111
205	232	119	99
203	199	113	119
200	184	114	113
198	181	112	115
204	190	107	123
210	211	114	127
206	247	110	113
205	247	108	111
201	204	110	128
203	186	113	124
197	176	115	116
171	164	119	117
164	180	112	108
171	196	115	109
181	194	118	118
204	193	114	123
233	204	111	117
253	227	115	106
279	232	114	113
303	237	106	112
290	232	111	114
257	218	118	112
197	208	125	117
173	204	107	121
149	216	89	116
110	216	110	115
114	196	110	126
177	183	127	123
217	183	112	115
231	178	111	115
227	182	111	114
235	187	115	118
243	194	112	124
232	206	114	118
195	209	108	119
170	216	113	119
181	219	106	114
211	206	102	121
267	207	108	111
279	207	107	115
270	213	110	112
261	198	111	114
257	192	108	111
245	181	115	119
254	177	113	116
273	179	110	121
277	196	112	116
268	197	112	113
245	198	98	120
207	222	104	118
189	235	106	121
183	239	107	118
187	239	106	115
206	234	109	114
214	226	113	115
196	229	111	112
176	222	110	111
172	211	115	120
196	214	102	111
247	225	87	95
288	191	95	115
282	193	115	109
242	184	130	114
215	186	113	105
200	173	110	116
186	174	105	119
170	177	114	117
176	182	111	115
214	184	95	116
277	186	88	118
299	184	107	115
291	185	110	112
279	184	107	123
258	190	108	117
235	196	109	121
213	206	112	116
172	200	123	113
145	180	116	114
138	180	114	109
163	181	112	114
190	184	112	118
198	186	112	115
189	181	115	114
198	165	108	123
210	164	104	113
220	164	112	115
215	173	114	116
207	175	113	127
201	190	114	125
211	215	120	125
222	235	113	123
215	241	110	119
188	237	119	111
180	193	116	130
185	149	113	135
191	148	113	118
207	152	110	116
222	167	112	114
244	189	107	101
246	180	111	112
239	177	108	116
219	184	101	118
193	190	108	122
190	201	105	122
192	209	109	117
188	206	111	106
187	171	111	125
201	154	108	118
230	154	114	114
278	158	112	116
299	180	105	118
305	200	108	113
300	211	108	113
296	218	109	113
301	214	112	112
299	213	99	119
276	221	88	115
248	220	99	114
234	226	114	117
226	231	105	118
212	223	109	112
209	203	114	119
216	195	110	114
224	193	110	115
238	196	107	111
253	184	112	119
261	166	109	120
265	159	105	115
273	164	115	123
284	217	113	107
279	240	111	117
267	253	106	109
255	232	110	108
250	178	110	122
242	151	108	126
241	147	105	118
230	145	105	125
205	154	115	126
220	158	107	119
254	142	102	124
271	132	104	122
279	137	108	111
280	147	111	118
257	155	118	129
240	174	114	114
239	179	110	109
245	180	105	108
252	179	109	113
241	176	113	130
210	195	110	121
204	205	107	110
216	197	104	111
234	174	102	118
242	180	107	106
246	186	104	110
238	189	108	114
243	199	100	108
237	201	99	113
214	206	108	119
211	230	103	109
219	232	109	108
226	225	103	109
218	224	107	104
218	220	103	104
225	223	106	94
244	180	124	108
276	153	108	111
284	156	106	108
283	160	104	115
277	174	107	125
268	200	109	125
263	221	107	112
244	219	109	108
221	217	107	115
220	234	104	107
230	241	102	108
239	235	103	112
242	213	104	116
244	201	104	112
267	201	93	112
294	207	104	106
305	205	105	103
298	203	105	103
284	193	105	113
273	200	104	113
269	213	103	118
259	232	104	112
255	239	101	104
264	237	105	101
269	222	109	105
263	220	107	99
260	208	105	107
263	200	102	104
268	201	95	107
271	190	105	109
275	186	102	103
275	196	99	105
281	209	101	105
292	223	100	104
293	228	104	102
281	229	100	100
249	229	110	108
229	242	102	97
219	221	99	105
208	179	99	116
210	160	98	115
217	160	97	103
228	168	104	103
246	182	100	99
252	182	99	102
258	185	103	104
271	199	100	111
292	217	97	116
296	242	103	108
289	244	101	103
282	209	100	110
274	201	93	100
254	197	95	96
225	191	106	111
221	210	100	110
237	229	92	99
247	227	98	95
272	227	95	99
278	230	101	105
280	236	98	104
278	249	100	104
276	254	99	107
275	251	101	102
278	249	102	96
275	236	104	103
279	229	102	98
273	230	104	103
265	235	97	107
257	242	98	99
255	224	100	109
255	216	101	104
253	217	100	98
245	213	99	106
256	229	93	98
267	228	94	98
286	216	90	102
293	213	99	92
298	191	95	100
292	189	98	101
285	197	100	99
280	204	102	102
267	211	96	99
242	205	103	96
226	193	98	96
224	195	101	101
233	215	94	101
259	259	92	99
284	279	88	97
311	246	86	114
319	232	97	111
320	228	97	98
300	220	100	100
277	222	103	106
241	239	118	98
225	237	100	93
253	235	106	94
289	233	103	101
318	237	96	95
335	229	95	98
341	226	101	100
348	237	101	97
352	235	98	99
354	226	96	98
346	228	92	104
322	251	92	98
300	264	94	92
295	257	100	93
308	248	98	91
318	245	97	90
332	246	94	102
352	255	93	101
357	247	99	100
348	203	101	111
313	165	98	114
291	166	91	92
289	169	91	97
284	184	95	103
276	203	92	106
254	233	87	96
231	239	92	99
226	242	89	95
224	245	93	95
234	244	94	98
249	239	95	94
254	196	93	105
246	176	90	102
238	170	92	96
231	175	95	95
211	192	99	98
199	210	94	91
193	207	90	95
186	212	96	97
183	220	93	104
189	230	90	100
208	233	98	97
237	230	101	95
272	219	95	98
302	223	89	88
315	222	92	98
312	236	98	100
295	246	91	98
248	227	85	102
219	215	86	96
191	218	90	94
182	226	91	98
219	236	71	87
239	212	83	103
248	199	94	98
269	203	89	85
300	201	77	88
328	204	90	93
336	206	96	95
330	208	94	90
312	199	87	92
262	173	108	101
238	150	96	106
250	153	95	88
287	140	86	95
298	134	95	92
306	121	92	92
307	124	93	100
311	148	86	102
314	201	85	91
310	230	87	94
311	228	86	97
307	212	90	98
298	207	92	89
296	192	93	93
293	164	92	105
294	149	91	86
291	92	93	99
312	79	89	94
334	91	84	102
337	143	85	90
329	156	88	107
307	178	91	102
296	194	90	102
282	225	96	87
276	225	92	97
268	229	93	101
273	235	95	97
283	235	92	91
289	218	97	100
295	219	95	88
310	194	91	99
317	189	90	96
325	191	91	93
337	195	86	101
336	215	92	98
326	226	84	106
303	254	86	97
282	264	83	94
268	262	90	93
263	261	91	90
251	240	86	93
240	187	93	108
262	187	93	87
286	175	88	92
297	176	94	98
311	195	90	98
330	212	90	97
349	234	87	96
351	253	93	96
348	263	87	96
335	264	85	93
302	268	96	95
257	274	94	88
225	271	84	91
217	255	89	92
225	221	88	99
223	197	96	98
238	188	95	94
276	186	84	89
306	183	84	90
317	184	88	95
320	195	94	89
323	201	94	94
330	214	91	97
320	230	93	95
288	235	97	85
246	231	99	87
200	235	89	87
183	233	90	90
204	230	80	92
240	232	87	90
253	228	95	96
261	224	90	95
292	230	74	82
358	221	90	83
372	208	95	97
350	202	104	91
269	203	128	90
189	211	137	96
151	222	120	90
163	221	96	85
193	184	107	93
218	157	97	102
223	156	88	95
225	165	90	101
243	194	81	99
240	218	92	107
236	245	90	97
243	261	91	95
255	267	89	89
243	259	90	89
222	252	92	92
229	263	90	102
263	281	91	97
278	283	88	96
273	272	93	95
277	235	90	106
284	189	87	110
281	155	84	92
260	149	83	95
237	158	95	98
233	176	88	97
231	209	87	100
226	248	93	93
238	255	88	93
245	247	92	97
249	230	93	99
245	227	96	92
267	223	79	95
287	212	83	98
285	202	92	92
272	192	91	90
283	178	88	95
297	178	92	94
301	191	89	99
286	216	90	107
278	254	89	94
288	264	92	92
292	255	93	94
279	244	90	92
272	238	91	89
278	240	89	90
279	232	90	91
269	234	95	84
264	221	90	88
260	220	89	89
253	226	93	94
246	228	88	94
241	222	93	94
271	222	96	88
291	222	92	92
281	235	91	91
261	238	89	95
256	242	92	91
264	231	93	90
271	212	91	95
273	212	89	93
279	219	86	95
288	220	91	93
283	222	89	93
275	221	87	92
275	214	91	93
279	220	88	94
277	225	95	97
271	245	94	92
268	249	89	90
275	229	94	102
287	217	93	95
288	214	90	96
277	226	94	95
271	234	88	97
270	237	90	88
270	211	93	93
279	205	89	89
276	207	94	98
274	224	93	94
274	238	89	92
267	236	90	94
266	230	96	91
270	230	91	92
265	226	90	96
253	235	90	99
250	248	93	93
253	247	91	92
251	239	95	90
255	231	91	91
248	241	95	90
255	255	89	90
257	259	89	94
255	262	94	93
251	260	91	90
253	256	90	91
244	246	93	94
241	241	94	94
241	228	96	91
241	220	95	87
243	219	91	91
247	225	93	91
247	220	96	88
250	209	94	94
254	207	96	89
257	213	91	96
258	235	93	89
261	242	88	89
256	240	91	91
258	228	92	93
268	220	91	91
267	226	93	93
269	232	89	94
258	237	91	96
250	237	96	89
254	222	94	98
255	217	94	94
239	231	97	96
240	246	90	92
244	253	88	88
254	249	93	95
272	237	100	95
282	229	94	92
259	228	107	97
245	245	96	90
269	254	95	89
286	251	94	89
275	229	100	96
255	226	103	89
240	229	96	91
239	229	91	92
241	228	94	93
242	224	92	92
239	225	91	92
235	228	93	91
245	232	94	92
243	243	97	93
256	251	101	90
300	253	113	85
316	256	101	76
286	244	108	87
236	253	94	90
216	270	100	89
223	272	99	90
251	262	97	90
260	260	90	86
249	259	90	93
229	262	95	91
224	261	86	88
229	265	91	91
247	265	89	91
250	259	91	90
250	253	88	86
244	250	85	88
239	247	91	89
249	239	90	85
255	228	87	89
250	224	88	88
250	216	90	90
252	216	90	85
257	215	90	94
250	247	89	91
236	284	88	91
233	289	91	86
241	266	92	84
247	243	94	89
253	227	96	88
262	208	91	90
254	194	95	90
249	179	95	91
253	165	91	88
259	158	90	88
269	166	90	84
273	189	93	77
274	216	93	79
278	244	89	80
278	244	91	74
276	210	91	87
274	199	94	85
291	195	97	88
318	212	91	79
319	213	90	90
310	218	89	91
295	222	91	90
298	223	85	95
301	244	91	86
316	279	86	79
316	280	93	87
314	276	88	80
298	264	90	73
293	236	91	74
292	211	89	81
289	201	89	84
288	211	93	83
299	233	91	73
315	232	86	82
312	234	90	88
306	239	93	86
300	250	93	85
299	252	86	84
295	245	90	82
293	230	92	85
295	209	94	89
299	207	90	83
300	199	90	85
306	201	85	83
311	204	90	88
331	226	90	83
333	247	92	80
318	253	72	88
288	258	76	85
268	251	83	86
247	248	87	85
227	217	96	94
228	180	93	100
245	174	100	89
270	175	86	97
280	197	87	88
284	205	84	87
287	210	87	86
294	213	86	86
294	214	88	83
296	215	86	87
298	215	82	87
