352	197	56	100
354	194	54	99
355	193	54	100
358	193	51	100
360	192	51	101
358	192	52	102
357	193	53	101
357	192	54	101
357	193	55	99
356	190	54	101
354	188	54	102
355	187	54	100
356	185	51	102
355	184	54	102
356	181	52	101
357	179	53	102
359	176	54	100
361	171	53	99
362	167	57	99
365	170	54	100
367	177	54	101
368	196	55	101
370	224	56	98
370	248	56	99
371	264	54	99
368	265	54	99
367	251	53	98
366	225	54	100
368	205	51	98
363	184	56	102
360	168	55	102
357	159	56	106
356	162	55	104
349	175	59	100
337	196	61	97
322	209	59	95
304	214	55	99
297	210	56	102
304	204	54	96
323	195	55	92
341	166	56	95
347	135	54	99
329	106	59	106
323	109	59	103
326	137	61	107
341	187	62	107
358	252	66	95
378	281	57	99
384	291	56	98
382	272	58	97
376	220	55	101
377	174	56	103
390	155	56	101
388	165	59	103
373	216	59	94
346	253	60	92
335	265	55	97
339	254	53	96
349	217	55	105
350	167	59	107
348	142	59	102
330	140	60	95
317	180	58	99
308	234	57	96
311	267	53	100
314	273	52	98
310	225	57	111
306	160	56	121
304	125	57	115
306	133	54	105
298	167	55	112
294	218	56	112
306	248	54	99
340	245	54	95
351	230	55	95
322	191	64	100
277	157	60	102
280	163	64	107
296	208	66	104
309	247	57	103
318	270	56	101
331	269	56	92
329	228	59	101
312	173	62	101
292	143	59	102
283	156	58	100
276	201	53	104
270	243	54	99
273	255	56	95
285	240	59	94
287	188	61	97
270	122	63	109
266	104	56	105
265	123	55	114
261	182	54	116
262	243	56	106
268	262	55	99
270	250	57	102
264	198	58	111
260	156	54	105
257	144	55	105
239	162	62	100
234	199	55	101
253	228	55	102
292	247	70	92
333	236	58	93
348	215	56	96
344	197	56	102
340	197	56	106
346	202	57	102
359	210	56	103
366	224	58	101
370	233	59	102
363	229	60	101
344	205	63	101
298	181	76	97
244	167	67	94
228	177	58	97
233	191	57	103
254	208	57	101
278	219	58	93
305	221	58	90
326	213	58	95
340	197	61	100
342	188	57	101
332	190	56	103
324	193	56	101
315	192	55	106
317	191	56	104
325	199	58	104
324	205	59	98
300	200	57	98
284	193	54	102
279	186	56	105
288	174	57	107
285	171	55	103
284	160	56	105
291	150	57	104
296	142	60	105
292	141	59	106
300	150	61	104
304	159	56	103
299	153	56	105
305	146	62	97
336	137	59	101
338	138	56	102
337	151	56	103
335	158	57	107
307	157	69	96
239	153	68	94
212	153	63	101
205	166	59	103
219	172	52	96
277	175	61	93
343	166	70	91
393	158	64	94
404	156	61	102
416	170	56	100
410	174	55	97
372	179	61	91
299	177	79	91
274	182	58	99
269	191	58	95
256	196	57	97
256	193	55	97
281	175	61	96
312	167	67	95
351	166	66	91
398	167	60	94
434	172	57	94
449	178	56	101
433	177	61	98
415	171	54	101
419	172	54	101
437	177	62	95
457	177	60	94
481	175	57	92
514	172	58	94
526	175	57	101
527	179	53	106
523	187	57	106
512	190	60	98
481	190	58	93
458	185	59	101
449	187	53	100
450	191	54	98
471	188	52	93
498	186	54	101
485	183	52	97
420	189	70	93
390	193	60	96
381	192	54	101
376	190	53	100
366	192	53	100
354	200	55	101
358	205	56	97
378	203	54	94
402	198	57	98
400	184	58	103
370	180	56	92
348	181	58	93
331	181	59	95
318	182	59	95
308	186	56	101
310	192	51	103
316	194	56	102
332	193	52	102
335	184	54	104
326	178	57	104
312	184	60	98
293	185	56	95
272	178	56	101
258	173	57	104
256	178	55	103
262	182	57	102
276	187	56	96
305	184	58	93
330	177	56	99
336	175	58	103
320	179	59	99
299	186	57	99
280	188	59	97
256	182	56	98
240	177	60	102
238	175	58	105
231	161	60	103
219	131	58	105
226	121	67	101
254	150	63	98
267	196	60	105
282	245	63	105
297	273	57	100
296	273	57	98
294	245	54	96
303	199	56	94
312	167	61	98
326	161	62	103
341	190	61	107
344	238	53	112
344	292	59	105
361	325	57	101
366	329	55	100
354	300	59	104
349	249	57	108
339	207	63	102
320	181	65	103
309	194	59	108
320	236	62	106
338	285	61	102
353	311	58	99
353	313	56	100
338	292	60	93
314	241	63	98
297	190	62	105
301	161	58	99
316	167	55	98
319	211	54	106
319	278	55	97
326	308	54	101
323	318	55	100
306	300	59	100
294	247	58	100
296	194	57	102
315	161	62	99
326	174	57	109
325	218	54	114
319	285	55	96
312	311	52	96
303	308	53	98
300	276	53	91
308	230	54	93
323	197	64	91
343	218	58	94
343	267	56	99
338	323	53	99
333	338	54	102
326	318	57	99
309	256	64	109
295	191	61	111
298	166	57	102
312	187	56	100
319	249	59	102
325	298	61	102
331	322	58	97
325	319	58	96
312	278	57	100
311	208	54	106
309	156	56	105
306	135	53	104
298	150	61	104
297	194	60	107
308	263	59	103
328	297	58	100
332	305	58	99
323	287	57	97
306	232	61	107
294	169	59	116
293	138	58	106
307	142	56	101
302	178	57	106
295	236	55	110
299	292	56	103
310	310	54	99
316	299	54	99
323	263	56	95
326	211	57	106
311	163	61	108
309	150	54	104
307	168	55	104
304	210	56	104
310	260	57	103
315	291	57	97
319	290	54	96
327	262	57	90
336	219	55	90
329	176	55	92
315	147	56	100
318	152	57	102
319	183	54	103
316	227	52	103
321	272	53	95
326	293	57	99
329	292	55	96
333	265	50	96
333	216	54	104
324	162	60	117
319	136	57	106
316	141	57	105
314	155	55	105
316	189	57	108
325	243	60	110
323	279	57	100
314	284	54	97
313	269	52	95
321	223	52	97
320	181	56	103
314	154	56	103
311	150	55	103
308	171	56	103
294	212	59	94
288	241	53	99
279	267	58	100
279	280	56	98
291	275	54	91
322	257	56	95
349	243	60	94
381	243	67	91
409	246	63	101
436	254	58	100
445	259	57	104
426	259	63	95
381	260	68	91
337	255	71	90
304	256	64	94
295	254	60	99
300	249	55	101
315	243	56	92
355	225	58	96
377	211	57	104
381	205	59	101
384	199	53	105
385	193	56	106
369	194	60	98
326	206	73	95
288	224	64	90
264	236	56	99
260	242	56	101
284	241	57	92
320	232	55	89
372	203	57	95
407	181	59	98
422	166	56	108
423	158	57	105
404	150	60	99
358	146	69	92
320	154	66	94
272	170	80	100
225	189	84	97
179	202	79	97
150	211	67	94
151	208	59	97
184	204	67	92
248	193	84	91
304	159	94	101
348	144	68	103
364	141	60	105
385	157	60	103
391	163	60	104
379	154	63	101
340	143	70	94
289	129	73	93
232	116	65	98
193	116	68	99
163	118	66	97
157	116	58	102
171	103	58	101
204	94	68	98
231	90	70	100
259	93	57	105
269	101	58	106
261	109	59	101
237	115	60	100
223	120	60	102
228	125	59	106
246	134	63	105
267	141	60	100
293	136	60	98
320	124	60	101
335	119	55	104
339	120	57	106
333	126	57	105
319	132	61	104
293	136	64	96
263	138	62	100
256	142	55	106
254	137	56	105
258	123	60	102
283	92	65	97
328	81	69	97
358	86	63	103
376	99	57	104
383	119	60	108
373	129	62	104
353	137	61	97
321	145	61	96
307	147	61	103
313	143	59	101
321	127	62	104
328	101	56	106
334	94	55	108
354	110	61	107
377	138	60	112
384	170	60	101
364	179	51	96
301	186	67	93
252	181	62	93
229	162	59	104
231	147	56	106
222	131	60	105
213	114	58	107
214	112	56	104
237	118	70	106
286	158	68	104
326	191	60	102
342	217	57	101
339	229	55	97
311	217	57	100
291	196	54	101
288	161	59	94
321	125	58	94
348	93	63	93
377	82	63	99
395	91	53	112
401	127	56	113
405	166	59	110
398	197	59	99
372	203	59	99
329	201	49	98
294	182	57	102
287	158	57	103
289	123	58	106
297	93	61	106
324	86	63	102
350	104	63	108
373	135	62	112
393	181	62	104
386	202	62	100
353	207	65	100
318	191	56	103
276	156	68	107
238	110	63	108
234	74	55	109
252	50	68	99
288	67	63	105
306	98	62	108
331	133	61	110
351	164	58	107
335	183	66	99
309	181	63	103
304	170	56	102
304	141	56	105
307	115	57	107
316	109	61	107
337	123	58	106
339	146	61	104
322	164	69	106
313	177	61	105
313	185	56	108
316	178	59	108
319	155	64	113
328	126	62	111
310	108	67	105
279	113	57	103
278	149	58	110
293	183	61	106
305	200	59	105
307	190	60	106
324	158	60	106
343	128	58	107
339	108	60	109
323	116	62	100
316	147	56	107
324	190	56	101
310	206	63	98
275	205	64	100
271	184	61	102
289	147	65	97
304	127	58	104
296	130	58	105
302	159	60	111
327	204	61	103
329	220	58	101
317	214	57	100
319	178	57	106
323	172	59	105
317	196	62	100
288	245	63	96
286	265	55	103
291	248	57	102
295	190	53	113
295	156	59	99
320	154	62	106
327	188	58	108
320	252	56	107
308	299	56	104
298	296	56	103
291	244	58	112
295	183	60	114
314	166	56	106
325	188	58	111
323	238	59	110
306	285	63	97
293	282	61	100
282	246	59	102
287	191	59	99
314	174	68	102
333	195	60	109
333	247	55	111
323	285	58	101
302	285	59	100
275	244	59	103
273	180	57	111
297	169	67	110
311	213	57	96
300	286	54	101
304	330	55	103
310	329	61	96
318	291	59	103
322	243	57	107
320	223	57	107
313	241	57	107
307	286	57	110
312	319	59	104
315	310	60	105
315	262	59	107
306	214	58	103
294	196	59	105
291	216	57	110
276	266	60	103
268	275	56	103
261	255	57	96
268	205	57	99
290	174	69	97
309	192	63	101
307	249	56	88
280	288	59	95
275	289	56	98
280	231	54	99
282	165	61	106
284	129	59	105
277	124	57	110
270	168	60	105
272	235	58	102
266	255	59	101
258	240	54	104
260	197	61	98
285	156	65	98
295	153	61	101
283	177	64	103
266	211	64	95
253	231	61	97
239	236	59	102
223	230	59	105
229	227	58	96
253	225	61	98
267	228	61	103
271	229	60	102
279	218	62	106
287	203	62	107
295	192	57	106
302	191	57	105
303	197	54	106
294	203	55	103
283	200	56	103
266	198	60	103
263	197	57	106
276	191	59	98
299	175	59	98
309	155	60	109
325	151	62	99
349	153	60	109
344	157	59	103
322	156	54	102
298	158	56	104
293	157	57	110
287	156	60	108
274	151	59	107
272	142	57	109
283	128	57	109
292	125	61	107
300	126	58	106
303	134	60	108
307	139	56	108
313	139	59	108
324	147	59	110
320	154	58	108
305	158	60	108
298	164	59	110
299	169	56	108
306	172	60	107
317	185	60	106
320	195	61	107
318	204	59	107
315	211	58	114
317	219	58	106
320	221	59	104
316	223	59	103
311	226	57	103
305	227	59	110
308	230	58	111
306	235	58	107
