0.246950
0.075382
0.041081
0.216797
0.063534
0.043049
0.039251
0.080088
0.073508
0.067173
0.105439
0.027805
0.052069
0.022407
0.036288
0.055151
0.024298
0.031549
0.036669
0.030507
0.050224
0.044709
0.032557
0.026536
0.042345
0.027757
0.030360
0.045097
0.061465
0.044292
0.032343
0.025775
0.023412
0.053976
0.023200
0.045187
0.034042
0.024078
0.023336
0.025258
0.039146
0.036126
0.020563
0.029760
0.039296
0.021231
0.038402
0.043728
0.058798
0.036581
0.028576
0.021778
0.027133
0.034905
0.023577
0.019692
0.047040
0.021139
0.024798
0.024180
0.057737
0.032879
0.049187
0.030230
0.035643
0.037889
0.036775
0.025205
0.033425
0.045667
0.052270
0.021539
0.042611
0.025946
0.034061
0.056781
0.089086
0.037272
0.023159
0.037483
0.033314
0.063564
0.028607
0.029147
0.023624
0.024922
0.075510
0.036657
0.038875
0.019598
0.022866
0.042825
0.033423
0.028866
0.069925
0.047257
0.021160
0.026601
0.043315
0.019709
0.025180
0.034790
0.017759
0.020019
0.028261
0.025407
0.016909
0.024064
0.021648
0.017748
0.026508
0.026759
0.022142
0.027139
0.017380
0.025057
0.033206
0.022102
0.020441
0.020348
0.029133
0.038900
0.020741
0.033739
0.059908
0.020236
0.018615
0.017540
0.017390
0.017458
0.023147
0.024158
0.104135
0.028375
0.020711
0.025825
0.027408
0.018398
0.022116
0.030170
0.039282
0.052357
0.048892
0.047409
0.023744
0.036485
0.091114
0.046013
0.035590
0.029099
0.055395
0.036194
0.019017
0.025038
0.036995
0.026775
0.018642
0.038970
0.030131
0.176810
0.039644
0.024922
0.025729
0.032964
0.020063
0.035533
0.033031
0.057449
0.033836
0.020063
0.093966
0.028840
0.030865
0.024278
0.020717
0.024016
0.024927
0.032571
0.042464
0.044520
0.108277
0.045020
0.083699
0.048117
0.035025
0.070285
0.030605
0.036730
0.175346
0.190487
0.087824
0.226575
0.039267
0.072115
0.109644
0.173928
0.092799
0.034475
0.083560
0.048856
0.064037
0.104022
0.076986
0.057338
0.086697
0.054211
0.076135
0.066900
0.049290
0.182636
0.089567
0.065438
0.029047
0.072099
0.066867
0.073026
0.066650
0.084889
0.066478
0.130152
0.102623
0.122566
0.079451
0.144011
0.177849
0.255764
0.096047
0.136886
0.059001
0.069716
0.077332
0.072266
0.068317
0.105209
0.091853
0.048765
0.078697
0.083555
0.068181
0.066949
0.097275
0.045132
0.064443
0.065738
0.075406
0.085503
0.128461
0.221906
0.070194
0.069404
0.065354
0.069009
0.086904
0.102556
0.090921
0.113491
0.073872
0.089928
0.198894
0.076852
0.133666
0.147214
0.085918
0.105481
0.034978
0.127955
0.086106
0.067641
0.233945
0.280506
0.086903
0.118988
0.079180
0.134183
0.094205
0.115102
0.149180
0.076521
0.078035
0.065309
0.101802
0.098037
0.076594
0.074454
0.060111
0.212218
0.077310
0.130683
0.114580
0.151389
0.036655
0.074548
0.097194
0.093925
0.156243
0.072599
0.052588
0.097551
0.077219
0.104129
0.099211
0.071272
0.032058
0.064324
0.072691
0.139177
0.046670
0.075800
0.082028
0.095412
0.066028
0.074835
0.067469
0.053901
0.026311
0.145405
0.031826
0.077947
0.095324
0.100047
0.036018
0.073252
0.058689
0.047387
0.077753
0.073281
0.123375
0.068807
0.065887
0.058359
0.033252
0.064211
0.087923
0.065820
0.028668
0.063101
0.080018
0.063303
0.058012
0.076780
0.095800
0.075531
0.067238
0.023111
0.089099
0.066305
0.063391
0.070284
0.073928
0.049936
0.066354
0.037491
0.040884
0.075987
0.068234
0.036285
0.077709
0.058103
0.065507
0.055708
0.107495
0.064255
0.066932
0.062648
0.023132
0.069033
0.068198
0.076250
0.067196
0.049281
0.115405
0.071400
0.069843
0.073435
0.059906
0.035314
0.071945
0.074876
0.068321
0.066504
0.040691
0.075654
0.071349
0.043244
0.089648
0.067065
0.037572
0.067173
0.069061
0.045089
0.063688
0.060131
0.068646
0.066007
0.027379
0.081248
0.061751
0.034055
0.050019
0.074790
0.096684
0.065071
0.028755
0.083899
0.072315
0.034086
0.076081
0.070905
0.065259
0.068099
0.024199
0.066911
0.046933
0.071577
0.068074
0.065460
0.066056
0.077820
0.071544
0.035384
0.033879
0.074091
0.067937
0.066227
0.067291
0.071563
0.092723
0.029346
0.075337
0.071259
0.065538
0.043605
0.063618
0.029022
0.069479
0.066329
0.028153
0.066180
0.050241
0.051569
0.157384
0.064387
0.056777
0.063277
0.062975
0.064978
0.065673
0.066934
0.034594
0.085256
0.053452
0.065091
0.067519
0.023822
0.069663
0.057862
0.027021
0.063958
0.093827
0.092011
0.094482
0.068684
0.117607
0.063743
0.071732
0.064677
0.045661
0.058112
0.066466
0.021473
0.063011
0.023959
0.066745
0.070349
0.051876
0.023361
0.072330
0.074929
0.079587
0.082085
0.094916
0.104161
0.074265
0.074801
0.023905
0.080745
0.023391
0.069578
0.082443
0.073541
0.095986
0.052190
0.060680
0.072066
0.082117
0.086018
0.025933
0.066517
0.072386
0.071823
0.110092
0.082255
0.077012
0.070176
0.071664
0.070810
0.075338
0.065918
0.022666
0.074566
0.070105
0.122318
0.062720
0.067158
0.069461
0.025131
0.104362
0.065053
0.067564
0.072533
0.093740
0.072173
0.068944
0.059715
0.077418
0.067156
0.025451
0.082690
0.066429
0.066408
0.065701
0.050028
0.019354
0.023747
0.067721
0.063886
0.065455
0.032690
0.052572
0.070140
0.101112
0.062982
0.066614
0.110470
0.056361
0.062274
0.064043
0.067869
0.018541
0.031142
0.016650
0.021317
0.022087
0.024134
0.025763
0.025372
0.018383
0.059361
0.025180
0.052686
0.095279
0.065210
0.031729
0.070303
0.024584
0.065928
0.065717
0.020439
0.064606
0.026899
0.020709
0.022017
0.035052
0.036018
0.026643
0.034567
0.022024
0.022146
0.018523
0.023175
0.023597
0.021374
0.047757
0.082796
0.065752
