57	156	198	173
63	144	197	187
70	146	200	183
71	149	193	183
61	147	203	184
73	143	200	185
77	148	197	182
68	153	206	175
72	153	210	185
71	152	208	186
80	156	198	181
80	165	200	179
80	161	208	176
71	156	223	192
76	158	212	191
99	157	198	194
105	162	189	189
117	173	180	175
125	164	177	189
128	163	183	192
144	160	173	196
143	158	179	204
146	162	184	200
145	166	190	192
156	162	184	195
149	154	198	209
129	146	220	240
140	160	227	210
138	147	252	223
152	155	223	221
156	148	227	220
163	165	233	202
165	144	270	212
176	147	251	207
169	148	273	207
182	145	256	205
195	144	241	200
204	142	239	197
196	144	251	189
198	140	253	182
184	147	272	177
170	140	283	179
151	133	300	181
208	129	283	187
215	135	237	171
218	145	235	153
221	150	232	141
223	142	234	146
217	145	230	145
232	153	212	135
238	157	204	129
284	130	184	153
289	144	156	140
289	146	147	138
274	154	153	129
282	134	163	154
263	153	177	133
284	125	173	162
277	136	164	153
284	132	165	160
289	132	163	159
292	133	158	162
289	151	171	127
322	119	175	162
305	128	187	148
312	115	202	169
327	129	175	153
343	131	161	145
366	113	155	163
368	138	139	136
372	124	160	153
385	129	174	139
377	136	177	133
427	116	143	153
439	116	133	151
449	108	120	165
452	111	118	161
449	110	139	162
448	114	134	160
451	114	134	161
453	120	134	156
451	128	139	145
449	124	149	149
452	125	138	149
450	125	139	148
448	126	145	147
448	126	140	146
451	129	129	142
450	127	139	138
446	124	142	144
446	126	138	136
446	129	135	132
444	126	142	136
445	125	125	132
448	126	124	134
450	123	123	135
450	123	123	138
447	129	124	126
452	126	120	132
453	124	121	134
453	122	127	139
452	123	133	140
454	123	130	137
456	122	134	144
456	120	133	143
458	125	134	141
462	127	145	139
465	131	155	137
456	124	172	147
457	131	177	141
452	130	182	144
460	128	177	152
450	133	180	150
449	143	186	140
448	140	188	151
450	145	186	137
449	141	187	151
455	143	178	144
478	149	158	137
497	139	134	145
498	134	129	150
495	143	125	137
493	142	122	137
488	141	128	137
483	139	132	138
469	144	145	137
478	133	135	144
462	137	140	142
463	137	144	143
459	134	157	140
455	136	164	138
457	128	161	148
461	124	158	154
467	120	152	159
461	129	168	147
455	127	173	155
445	128	188	159
447	123	182	179
447	122	180	194
438	117	189	207
437	137	170	197
447	128	177	193
442	120	167	212
433	143	151	199
440	125	177	209
434	132	157	212
437	128	176	214
428	144	169	197
426	146	191	191
420	148	174	198
418	151	174	195
408	150	182	197
403	151	183	197
387	155	201	192
376	144	204	202
370	149	206	199
362	145	221	203
356	149	215	197
350	140	232	207
351	146	221	203
348	131	228	218
350	129	215	220
342	130	225	218
322	137	239	209
324	137	240	214
298	147	256	199
323	143	237	209
300	137	245	204
311	133	246	214
291	147	255	196
297	141	255	201
289	137	259	203
299	135	245	206
289	139	249	200
282	138	260	200
276	143	252	193
271	140	253	199
283	140	239	185
280	140	231	166
279	131	239	170
280	133	234	163
284	137	209	152
285	142	203	146
283	143	208	144
278	146	205	142
281	147	198	137
277	148	216	133
274	149	202	129
269	156	199	130
281	156	180	124
284	156	171	126
296	149	160	132
314	146	142	132
316	148	138	127
318	150	139	129
315	152	144	130
310	152	152	132
293	156	171	141
283	161	181	137
290	161	173	139
280	165	188	137
269	162	202	141
272	165	196	138
270	163	201	146
271	163	198	145
270	169	194	139
268	168	198	143
268	162	200	149
273	164	187	144
269	169	189	137
267	177	200	126
269	170	191	138
270	165	200	146
270	167	197	145
270	165	197	142
272	162	197	144
276	163	194	136
271	158	208	139
280	152	204	140
271	156	219	131
270	152	225	135
273	148	229	141
281	142	221	143
283	144	216	140
289	143	204	141
285	145	209	139
274	137	235	146
279	133	225	147
277	120	232	164
279	112	229	176
283	108	229	171
281	111	226	164
279	96	234	180
281	93	234	185
278	87	237	191
270	87	243	197
274	74	234	216
267	69	247	223
269	60	242	245
274	65	225	244
267	44	231	243
278	63	196	236
267	48	204	232
271	61	195	218
285	36	161	231
278	45	169	239
285	21	152	246
265	32	175	261
253	-8	195	274
245	13	198	273
273	30	170	270
216	-14	202	261
233	12	200	279
157	57	203	256
157	25	221	287
140	66	224	253
128	48	265	262
130	54	256	254
133	82	213	233
167	44	215	258
150	81	202	233
193	35	188	243
162	67	205	244
135	89	207	223
173	55	215	231
139	95	214	213
173	51	238	261
121	85	273	225
110	123	303	191
114	84	295	231
101	111	325	209
89	80	355	238
88	127	353	189
85	122	369	193
78	124	382	194
79	109	407	216
84	108	422	211
65	126	429	192
59	113	421	216
94	98	363	221
69	141	395	178
62	118	390	198
48	133	404	181
51	139	388	176
37	132	401	182
23	132	411	181
87	137	378	177
89	122	380	195
79	133	375	179
67	130	393	180
75	138	393	176
69	138	388	174
76	136	380	173
142	114	379	190
49	137	400	181
26	140	418	177
61	146	433	169
94	92	456	207
77	119	442	206
31	137	461	180
56	138	465	178
38	118	467	201
9	117	534	205
6	118	521	206
0	117	547	205
10	129	516	193
5	130	528	191
-4	122	554	201
-1	125	529	196
1	126	546	195
7	121	520	198
1	120	558	205
7	122	544	205
3	127	527	196
36	128	491	193
18	123	517	192
8	119	519	194
-2	129	554	192
4	125	533	201
15	127	526	194
3	123	539	196
-2	127	546	195
-4	132	560	185
19	134	540	200
19	129	525	197
15	130	531	201
55	140	494	204
67	131	480	205
58	144	493	201
58	143	491	197
115	155	440	201
95	139	443	215
95	157	460	201
60	145	474	212
153	150	403	216
167	155	366	218
172	153	344	226
169	162	356	213
172	162	337	216
176	156	345	216
168	156	347	226
181	155	332	223
175	154	345	226
172	150	342	228
189	157	341	220
184	151	337	228
192	153	344	225
212	158	328	205
236	149	299	214
243	140	307	222
245	146	334	205
274	137	296	211
296	128	280	219
299	133	244	213
294	147	221	199
339	121	223	225
349	127	204	221
361	113	189	238
369	106	191	245
168	110	168	213
373	105	167	245
368	105	175	243
367	96	178	255
368	114	169	241
371	101	172	260
370	95	181	261
363	101	196	250
363	88	198	261
368	90	193	262
362	97	201	254
370	83	207	268
353	118	158	240
365	92	177	262
361	88	198	263
357	91	196	260
356	97	191	252
351	102	185	249
343	112	189	237
314	122	208	219
323	112	206	238
321	120	208	226
311	119	214	222
279	137	240	200
279	134	243	204
272	146	243	190
281	143	229	203
272	138	245	208
272	132	244	220
261	141	247	214
233	163	270	191
235	146	256	209
238	146	232	212
177	140	278	219
159	134	283	228
127	136	308	215
106	126	328	226
95	122	312	221
87	122	285	230
77	122	260	215
59	134	268	211
69	128	241	203
70	146	231	189
62	136	219	194
58	134	223	193
59	127	212	197
57	133	208	196
57	127	205	200
59	129	210	192
56	127	207	201
59	135	203	187
60	127	207	198
66	126	195	200
66	132	198	190
69	132	197	190
69	133	200	190
76	133	183	193
59	129	209	192
67	133	200	185
67	131	198	190
66	134	196	185
63	128	202	188
61	127	203	192
62	130	210	189
63	128	201	188
66	138	210	186
65	138	202	180
72	131	196	186
79	124	203	204
75	140	206	184
81	140	211	184
68	130	251	210
73	132	251	203
79	128	259	215
81	130	278	220
91	121	285	228
98	130	318	223
127	132	305	238
122	129	326	231
146	140	302	231
171	146	280	231
191	152	263	229
218	155	248	226
236	170	230	211
246	174	230	200
253	159	232	211
263	166	238	197
259	159	250	201
262	157	245	196
266	157	243	193
270	151	237	196
271	154	238	188
265	148	249	189
269	150	231	167
268	143	242	178
279	140	233	196
271	143	245	194
276	143	246	191
277	142	247	190
280	147	245	192
295	138	237	186
330	135	210	214
355	112	198	240
353	121	199	231
353	118	202	232
358	130	202	220
358	126	219	224
363	134	201	219
360	134	220	216
363	132	218	215
370	139	214	209
372	134	216	214
372	134	219	215
368	138	221	212
369	143	208	207
369	141	206	206
358	139	219	211
358	142	213	205
350	143	214	201
351	141	212	210
351	149	200	204
345	139	203	210
354	136	184	219
358	140	173	215
354	141	180	215
366	132	164	221
360	124	166	227
370	136	147	221
353	141	161	213
363	150	152	206
362	171	145	178
379	167	120	186
359	170	116	181
364	161	121	188
367	192	122	161
367	161	113	183
364	186	120	163
368	229	146	127
341	183	131	155
363	215	113	141
378	211	93	151
379	204	93	162
380	193	96	183
374	196	114	186
360	176	137	205
348	175	160	209
343	169	172	217
346	159	169	229
338	161	178	217
340	159	173	214
343	153	166	211
337	159	176	200
336	158	174	198
351	157	169	194
363	155	168	198
364	156	169	198
340	155	173	198
367	148	158	205
339	147	164	201
364	141	149	208
364	142	154	211
361	141	157	206
362	154	151	193
361	156	149	197
357	154	154	195
358	154	155	197
359	152	149	205
356	150	160	200
356	150	165	201
355	156	166	199
349	150	177	205
347	150	178	199
344	154	185	200
344	148	183	201
347	151	185	202
341	157	186	197
347	154	171	195
355	153	169	201
358	148	165	206
357	142	168	206
355	147	157	206
353	145	160	207
356	145	153	203
366	148	137	204
367	148	146	201
365	142	158	210
365	131	168	219
371	135	142	221
374	142	137	205
375	136	142	210
375	129	141	222
380	127	137	223
377	129	140	222
377	130	139	216
382	128	139	223
378	127	144	220
381	129	140	217
378	138	144	211
376	139	163	209
377	135	171	215
383	127	149	226
377	123	162	226
377	128	158	220
372	128	170	222
375	120	168	232
373	117	165	235
367	117	158	233
380	127	128	219
395	154	108	207
383	113	118	240
366	105	142	248
376	111	111	241
373	113	112	245
371	102	119	252
372	138	125	219
369	146	138	211
365	148	147	205
365	149	150	206
434	90	111	182
439	84	103	184
438	80	119	186
434	84	119	178
434	82	126	183
422	95	144	165
420	85	155	188
429	82	146	192
439	84	136	196
371	128	157	211
362	138	153	214
413	85	165	230
370	152	144	205
425	88	146	242
399	85	176	261
370	91	207	265
357	118	230	237
360	118	211	230
349	117	215	229
344	128	211	222
336	147	176	198
335	129	200	222
355	108	175	240
365	101	160	249
357	97	172	257
365	102	156	253
316	108	188	241
317	125	189	222
279	129	219	197
263	127	238	181
249	128	255	173
254	128	241	173
249	135	248	169
235	139	259	168
244	134	257	181
251	140	246	184
240	142	265	186
257	144	251	190
246	142	265	192
256	142	262	201
255	140	273	207
268	140	259	207
270	149	259	201
269	151	267	202
270	145	264	205
272	154	262	201
275	153	255	199
273	153	258	198
270	149	263	203
267	150	262	202
256	151	261	193
264	155	249	202
257	152	252	199
251	149	249	191
250	151	247	192
238	150	264	190
224	145	278	192
216	154	273	183
198	140	287	197
189	131	264	201
200	133	244	201
183	134	250	201
166	146	270	190
161	141	282	200
145	132	302	222
146	132	297	217
155	149	262	204
151	151	279	211
139	157	282	210
130	153	310	214
133	158	284	218
124	161	279	218
119	157	309	222
119	162	275	224
112	155	271	238
102	156	276	235
94	165	298	224
75	158	289	235
65	165	293	226
61	166	290	225
64	157	282	235
70	157	262	227
55	161	265	220
60	159	264	211
67	162	232	198
77	164	215	205
64	162	222	203
73	156	204	203
67	160	201	197
65	153	197	200
55	147	206	203
51	150	216	198
59	149	197	192
58	148	206	195
58	147	202	195
61	145	198	196
60	145	197	197
58	147	189	192
58	148	189	190
57	142	191	195
59	148	181	201
64	155	164	187
55	159	185	185
59	157	182	186
56	153	182	192
58	156	183	189
55	153	189	192
54	153	192	189
57	155	192	189
57	149	189	196
59	153	178	192
59	161	175	187
55	162	180	190
49	159	199	191
38	163	217	189
54	162	191	189
55	157	199	199
48	158	213	197
55	159	200	196
60	152	195	209
59	158	203	204
