0.102103
0.020201
0.018741
0.018378
0.019235
0.018001
0.028613
0.018395
0.022735
0.019984
0.021755
0.022178
0.023764
0.034130
0.028083
0.060404
0.042405
0.029509
0.030946
0.020626
0.020601
0.024132
0.029665
0.107780
0.030763
0.041122
0.033658
0.044178
0.026493
0.053958
0.042349
0.026072
0.066648
0.023834
0.018523
0.025004
0.017907
0.019157
0.018199
0.016868
0.022992
0.020041
0.018945
0.031566
0.018456
0.018062
0.020978
0.016554
0.016463
0.017990
0.017679
0.018943
0.016775
0.015519
0.015796
0.018531
0.017129
0.019970
0.017018
0.017720
0.024847
0.018339
0.020405
0.017895
0.019400
0.018322
0.019083
0.019671
0.021544
0.022890
0.020525
0.021235
0.019268
0.025240
0.021986
0.029541
0.017407
0.019476
0.019715
0.022920
0.026732
0.017924
0.018970
0.018974
0.020370
0.018432
0.019329
0.017659
0.016528
0.019044
0.022671
0.018282
0.022918
0.020287
0.017132
0.021226
0.021545
0.034264
0.021765
0.018355
0.089424
0.028248
0.039932
0.028028
0.031257
0.079725
0.034405
0.053378
0.019019
0.021629
0.025815
0.042649
0.034208
0.061605
0.022753
0.043491
0.020531
0.025501
0.026206
0.022519
0.023907
0.020482
0.031303
0.048889
0.018387
0.026014
0.043482
0.035294
0.019724
0.020720
0.017647
0.023605
0.024572
0.025712
0.022589
0.021127
0.030938
0.018453
0.020244
0.021511
0.031614
0.043304
0.136669
0.078738
0.042359
0.038330
0.026115
0.040042
0.040102
0.020453
0.020361
0.018781
0.088713
0.025574
0.027927
0.025326
0.050531
0.021973
0.022310
0.071153
0.058320
0.067773
0.065041
0.026886
0.114947
0.083470
0.084374
0.036829
0.145195
0.070098
0.071095
0.063880
0.065240
0.068327
0.104457
0.099884
0.035334
0.070135
0.052930
0.020242
0.024187
0.018441
0.019835
0.020080
0.028533
0.061725
0.021206
0.020298
0.068455
0.053180
0.134310
0.131469
0.071184
0.064687
0.033085
0.063832
0.058172
0.035155
0.084593
0.072214
0.093455
0.071471
0.071641
0.123061
0.153814
0.070740
0.073621
0.025909
0.067469
0.078118
0.068858
0.077429
0.039554
0.022504
0.019662
0.019270
0.018043
0.041348
0.021624
0.021396
0.034774
0.021819
0.020752
0.019032
0.037434
0.020632
0.038222
0.020019
0.022250
0.103709
0.059048
0.022691
0.056831
0.108750
0.094282
0.051806
0.025641
0.032150
0.028620
0.008662
0.095215
0.069894
0.071892
0.066198
0.047587
0.067161
0.035668
0.038413
0.064013
0.081716
0.054974
0.063739
0.067616
0.050151
0.066182
0.072622
0.073412
0.062347
0.020745
0.026664
0.114423
0.030875
0.027271
0.027743
0.019772
0.020314
0.018221
0.044020
0.026173
0.025559
0.038951
0.031521
0.026283
0.019413
0.035084
0.079815
0.079746
0.054510
0.082285
0.067697
0.091639
0.086016
0.092458
0.100743
0.065849
0.057993
0.035002
0.044148
0.065696
0.066150
0.065615
0.064187
0.023484
0.082637
0.153207
0.066824
0.092451
0.066219
0.105483
0.024454
0.028924
0.019993
0.020496
0.060029
0.036407
0.093830
0.063161
0.115191
0.063905
0.033601
0.068917
0.056521
0.038847
0.072969
0.075120
0.094999
0.071512
0.020160
0.066935
0.071204
0.061100
0.028049
0.070451
0.035959
0.065740
0.094103
0.064058
0.060257
0.023304
0.021804
0.036655
0.023990
0.028622
0.020472
0.021245
0.022235
0.102159
0.023291
0.038950
0.031340
0.027289
0.023605
0.034427
0.034026
0.023678
0.063906
0.035679
0.082694
0.082794
0.086423
0.129472
0.057733
0.059079
0.066570
0.100404
0.078897
0.065298
0.045772
0.134474
0.022501
0.092367
0.061056
0.077099
0.039256
0.072735
0.093908
0.080059
0.090734
0.065143
0.022592
0.027359
0.031729
0.021617
0.030353
0.020791
0.019176
0.026638
0.021301
0.020269
0.023890
0.149774
0.032445
0.022262
0.021664
0.065620
0.065096
0.034665
0.073063
0.077095
0.065911
0.192688
0.029739
0.066944
0.071686
0.066784
0.029285
0.029815
0.060730
0.066880
0.073483
0.033091
0.024473
0.018775
0.031132
0.077623
0.063767
0.094637
0.019365
0.062695
0.042180
0.084104
0.074277
0.066896
0.047537
0.053159
0.023461
0.070187
0.068883
0.121771
0.023281
0.127025
0.094074
0.073852
0.031638
0.045438
0.024244
0.019443
0.021111
0.023725
0.022883
0.063912
0.048919
0.027515
0.019297
0.025751
0.020929
0.021160
0.023912
0.020075
0.020815
0.093911
0.085682
0.067656
0.113647
0.065553
0.067509
0.116812
0.024081
0.054389
0.097542
0.066017
0.153114
0.075036
0.045501
0.065539
0.062647
0.054952
0.029201
0.018508
0.018679
0.012638
0.008922
0.010268
0.009825
0.014022
0.065679
0.009122
0.010476
0.008919
0.009275
0.009872
0.018475
0.009601
0.010143
0.009335
0.012887
0.028194
0.085461
0.062598
0.068209
0.131505
0.062222
0.067816
0.064350
0.076931
0.063438
0.070658
0.066293
0.071374
0.055382
0.063901
0.071090
0.080301
0.039859
0.026831
0.022814
0.021565
0.020187
0.032368
0.019603
0.027153
0.022637
0.030135
0.026784
0.030338
0.033565
0.052614
0.029627
0.027479
0.018885
0.016951
0.017763
0.024615
0.057959
0.017820
0.018699
0.019562
0.079190
0.067971
0.074401
0.098151
0.093243
0.022483
0.067115
0.067130
0.072256
0.063381
0.046068
0.027003
0.059932
0.110831
0.026023
0.031161
0.066334
0.067424
0.019829
0.021171
0.026721
0.075426
0.021791
0.025268
0.074583
0.047838
0.092209
0.086065
0.065115
0.076018
0.061225
0.064093
0.086086
0.110280
0.075946
0.059745
0.035712
0.064873
0.066259
0.065080
0.068580
0.075097
0.070189
0.030793
0.019964
0.018272
0.022040
0.021749
0.017134
0.025544
0.075959
0.023984
0.019298
0.018848
0.018951
0.017615
0.023214
0.022256
0.031156
0.020189
0.021603
0.028533
0.073555
0.036377
0.096551
0.067518
0.059025
0.106606
0.073643
0.030190
0.079333
0.048316
0.063587
0.056849
0.099735
0.078807
0.020974
0.064158
0.061898
0.061785
0.117711
0.023837
0.069385
0.033861
0.029076
0.024027
0.022360
0.026438
0.019453
0.020692
0.029809
0.061834
0.023813
0.016646
0.018710
0.020459
0.029538
0.024902
0.017485
0.069323
0.027328
0.067591
0.035915
0.094126
0.056298
0.065714
0.029188
0.071234
0.091931
0.066773
0.117394
0.205651
0.074749
0.074812
0.068897
0.089020
0.018715
0.024136
0.042105
0.021820
0.019389
0.038931
0.024897
0.028633
0.020306
0.019652
0.017765
0.022867
0.045200
0.019272
0.067382
0.049922
0.082044
0.087836
0.069608
0.058471
0.035444
0.033052
0.028452
0.079628
0.110260
0.096594
0.051311
0.093074
0.059926
0.067044
0.065640
0.068120
0.063215
0.025280
0.026667
0.122067
0.022057
0.031011
0.042909
0.034609
0.021524
0.019113
0.019640
0.024433
0.019976
0.020609
0.029324
0.026221
0.061738
0.037782
0.030012
0.025270
0.075053
0.022979
0.076010
0.064694
0.063828
0.063694
0.074666
0.072448
0.067004
0.064862
0.068187
0.072413
0.066154
0.090066
0.107956
0.090521
0.072151
0.066539
0.088679
0.031474
0.025399
0.020047
0.028628
0.022264
0.019508
0.017965
0.019301
0.019882
0.024520
0.030474
0.028342
0.020424
0.021469
0.043391
0.019950
0.031816
0.097211
0.062206
0.082520
0.119765
0.063365
0.063505
0.055944
0.077808
0.088862
0.080881
0.053388
0.090214
0.065527
0.021152
0.019526
0.021166
0.025132
0.021224
0.024439
0.029408
0.024796
0.023141
0.018847
0.019165
0.020111
0.029448
0.021072
0.029695
0.017760
0.019729
0.073644
0.103344
0.080399
0.019903
0.065555
0.022577
0.111427
0.020915
0.063920
0.099900
0.064299
0.042394
0.023420
0.056335
0.025042
0.063161
0.090063
0.070030
0.080253
0.068757
0.075351
0.112674
0.066364
0.065581
0.073857
0.024190
0.023633
0.034861
0.028304
0.027985
0.025697
0.023696
0.022424
0.017808
0.023819
0.045949
0.037274
0.019307
0.021271
0.037102
0.024103
0.065324
0.027397
0.018988
0.028226
0.030349
0.119053
0.072260
0.067065
0.118664
0.068119
0.066241
0.066830
0.034575
0.050659
0.076755
0.076176
0.067634
0.071343
0.107426
0.061420
0.073735
0.083595
0.025653
0.035119
0.024423
0.066180
0.020987
0.026707
0.027320
0.018505
0.019546
0.021803
0.023883
0.018756
0.031391
0.027441
0.018495
0.023464
0.031874
0.025299
0.057739
0.024935
0.018015
0.017317
0.015937
0.026014
0.070299
0.023886
0.105300
0.066618
0.021010
0.030086
0.053466
0.089431
0.044555
0.065041
0.070937
0.067475
0.067914
0.063420
0.063865
0.018129
0.018723
0.018239
0.016035
0.033337
0.016883
0.023142
0.020662
0.016335
0.021674
0.018435
0.030442
0.025411
0.021737
0.018213
0.021281
0.026621
0.022151
0.018604
0.026720
0.025387
0.027602
0.021183
0.022726
0.034486
0.019375
0.020661
0.025299
0.022711
0.023566
0.018438
0.020499
0.020897
0.021447
0.021905
0.025986
0.025465
0.024354
0.019967
0.032967
0.033978
0.077724
0.076098
0.075740
0.049645
0.070690
0.066281
0.090523
0.056604
0.020972
0.128576
0.024143
0.072879
0.065669
0.044794
0.071507
0.065262
0.028664
0.046873
0.063691
0.058326
0.078771
0.065730
0.018568
0.022424
0.037763
0.023622
0.028400
0.064532
0.021389
0.024682
0.024762
0.024387
0.019914
0.018611
0.024427
0.026469
0.018875
0.017533
0.017161
0.021775
0.018234
0.019148
0.129383
0.053846
0.064895
0.081363
0.099270
0.062715
0.053269
0.065632
0.090458
0.053085
0.025011
0.062828
0.069887
0.082122
0.043233
0.064044
0.032062
0.066235
0.083079
0.019700
0.016847
0.016323
0.021002
0.026829
0.028509
0.028883
0.020341
0.021695
0.018785
0.021531
0.018702
0.026984
0.020353
0.018923
0.034963
0.021669
0.027985
0.019204
0.026646
0.024419
0.019759
0.063721
0.093265
0.077761
0.097035
0.075909
0.064365
0.090028
0.026107
0.068231
0.050020
0.063536
0.022898
0.092730
0.035074
0.070432
0.023581
0.074255
0.065139
0.028128
0.022896
0.046605
0.020252
0.033511
0.025501
0.028204
0.031154
0.027853
0.024733
0.021773
0.017625
0.021141
0.021283
0.029459
0.023151
0.020023
0.021338
0.016375
0.083702
0.073424
0.023360
0.023922
0.082565
0.022139
0.034108
0.063298
0.072629
0.070675
0.077790
0.066166
0.078912
0.054094
0.078867
0.080027
0.064176
0.025780
0.063773
0.066505
0.016329
0.019784
0.021064
0.026690
0.020321
0.019448
0.024073
0.017605
0.019501
0.030952
0.018719
0.022692
0.057637
0.036729
0.019863
0.019625
0.025518
0.020636
0.028039
0.022713
0.027220
0.028978
0.036820
0.020723
0.064949
0.052520
0.128477
0.023599
0.071606
0.067785
0.102627
0.091576
0.064327
0.065090
0.060462
0.039398
0.023292
0.031410
0.078500
0.068930
0.089836
0.066592
0.042744
0.066581
0.096948
0.025109
0.025717
0.018028
0.022445
0.022357
0.021365
0.019426
0.027884
0.024812
0.028019
0.024136
0.018947
0.031067
0.030781
0.080602
0.091281
0.084832
0.066353
0.076354
0.025906
0.017766
0.025021
0.017859
0.018740
0.026798
0.034065
0.044982
0.024749
0.029793
0.074673
0.024067
0.021204
0.041503
0.023037
0.031935
0.064569
0.059270
0.033185
0.066761
0.067945
0.133769
0.055071
0.113705
0.079491
0.103944
0.129042
0.075291
0.074471
0.025351
0.025998
0.027472
0.017336
0.017860
0.033492
0.110344
0.078621
0.060893
0.109786
0.062145
0.050831
0.067925
0.025660
0.019379
0.018796
0.017730
0.035581
0.017384
0.016547
0.016993
0.018888
0.021298
0.019988
0.018100
0.017632
0.018922
0.047545
0.037294
0.030183
0.020782
0.020878
0.020503
0.026075
