0.229212
0.061921
0.017287
0.074371
0.061277
0.061950
0.018149
0.017362
0.018104
0.028237
0.025549
0.061949
0.086157
0.061306
0.020967
0.091934
0.098125
0.063031
0.018959
0.075170
0.087908
0.057671
0.025930
0.020937
0.020962
0.019741
0.052303
0.064612
0.063757
0.021250
0.018663
0.063977
0.040920
0.089689
0.061526
0.063368
0.065825
0.064404
0.036444
0.026375
0.036308
0.073275
0.036773
0.031010
0.029397
0.038494
0.091055
0.073558
0.018669
0.018875
0.016813
0.018019
0.018998
0.065033
0.053871
0.056961
0.055704
0.066778
0.055256
0.064358
0.073768
0.018437
0.023319
0.016711
0.019606
0.024081
0.016357
0.017024
0.032206
0.020473
0.044031
0.017091
0.016663
0.018497
0.019449
0.020218
0.017722
0.016628
0.016764
0.017950
0.019987
0.016958
0.017856
0.033342
0.035231
0.099472
0.064986
0.067171
0.089655
0.018889
0.016921
0.077572
0.063534
0.064733
0.017827
0.019134
0.016412
0.071327
0.020678
0.018234
0.044663
0.018257
0.027314
0.026518
0.021332
0.044788
0.018147
0.030576
0.019564
0.025426
0.056464
0.055592
0.063094
0.072654
0.066626
0.057129
0.022127
0.067325
0.040920
0.058137
0.030319
0.107549
0.036350
0.016808
0.015861
0.016389
0.017092
0.019446
0.027988
0.018733
0.064989
0.062775
0.068608
0.065716
0.050243
0.017368
0.024359
0.021568
0.104352
0.056478
0.111895
0.066528
0.041348
0.077462
0.079676
0.024213
0.017442
0.017081
0.016563
0.022124
0.020997
0.076958
0.073931
0.071095
0.037379
0.064129
0.076647
0.021745
0.093105
0.017634
0.021982
0.030371
0.017486
0.016624
0.047330
0.031431
0.111137
0.061910
0.056861
0.058709
0.062276
0.065510
0.018809
0.015462
0.017310
0.019199
0.018321
0.016405
0.021472
0.057448
0.108955
0.020083
0.019166
0.016931
0.052950
0.058914
0.065842
0.066496
0.018330
0.023935
0.030312
0.018281
0.034571
0.019697
0.017606
0.090951
0.066036
0.075738
0.055860
0.071328
0.108218
0.071697
0.093851
0.024379
0.021537
0.015962
0.017754
0.072866
0.102492
0.089217
0.065315
0.065989
0.089270
0.018590
0.019058
0.027078
0.068925
0.024878
0.067990
0.058919
0.133754
0.022048
0.025784
0.069813
0.063451
0.052569
0.024289
0.078654
0.129969
0.064075
0.043172
0.072651
0.056944
0.074650
0.074630
0.062818
0.076102
0.022872
0.026571
0.016517
0.021967
0.019352
0.021647
0.073175
0.052607
0.020120
0.019857
0.022400
0.017690
0.018748
0.019833
0.023828
0.019666
0.024167
0.074993
0.082031
0.020493
0.066864
0.103290
0.062556
0.093457
0.070776
0.034800
0.078058
0.041131
0.145402
0.018677
0.022119
0.023242
0.019322
0.040214
0.016665
0.017470
0.031136
0.033037
0.022284
0.073762
0.020671
0.019816
0.021672
0.043360
0.019531
0.031235
0.032412
0.069534
0.064413
0.076055
0.090607
0.036451
0.064590
0.068636
0.047264
0.107882
0.079469
0.069568
0.078357
0.067613
0.018011
0.020450
0.025869
0.026916
0.018454
0.023712
0.015934
0.024728
0.022089
0.065247
0.065125
0.097220
0.064775
0.077656
0.064915
0.063019
0.072228
0.035263
0.071201
0.022479
0.019089
0.032166
0.016958
0.032184
0.022099
0.019264
0.034124
0.026146
0.055012
0.020104
0.017684
0.035371
0.079983
0.051864
0.070195
0.052172
0.075901
0.063306
0.065382
0.070455
0.064376
0.023434
0.074605
0.096405
0.018637
0.017793
0.016465
0.026416
0.020895
0.017891
0.027964
0.022732
0.021544
0.065795
0.021577
0.065843
0.065387
0.085863
0.079048
0.050863
0.053783
0.023585
0.071401
0.093543
0.017824
0.019151
0.026406
0.053883
0.019551
0.017396
0.017352
0.056952
0.033256
0.018725
0.023245
0.018799
0.029764
0.244431
0.039752
0.064857
0.025001
0.067820
0.022434
0.098322
0.051778
0.066547
0.022067
0.020324
0.028919
0.016658
0.017962
0.021837
0.017784
0.015341
0.019141
0.017895
0.021079
0.017606
0.019807
0.040637
0.090481
0.074585
0.022810
0.064378
0.084767
0.089175
0.088091
0.065293
0.063302
0.056221
0.065209
0.019093
0.039449
0.017435
0.022114
0.021112
0.019818
0.019444
0.017442
0.022570
0.031175
0.069818
0.063893
0.085812
0.088306
0.061184
0.074633
0.057043
0.126128
0.063246
0.043719
0.018607
0.020836
0.018417
0.017504
0.025105
0.025438
0.050808
0.019938
0.017123
0.021067
0.016853
0.016098
0.044824
0.025229
0.020322
0.019097
0.017114
0.057247
0.020855
0.078505
0.064804
0.119971
0.065289
0.066234
0.070845
0.064337
0.068631
0.069353
0.065104
0.062153
0.019822
0.022460
0.105856
0.081862
0.025641
0.052266
0.022891
0.018421
0.020012
0.022109
0.059183
0.029604
0.065729
0.100160
0.046075
0.073306
0.066298
0.064437
0.053171
0.063014
0.022506
0.027676
0.074392
0.016948
0.017441
0.074034
0.071727
0.052441
0.093540
0.064031
0.064887
0.068719
0.074518
0.077619
0.078081
0.019264
0.019068
0.018728
0.092196
0.020367
0.021114
0.019403
0.118484
0.098903
0.073119
0.072643
0.041048
0.066808
0.074347
0.072366
0.063918
0.066372
0.065579
0.018100
0.019002
0.052140
0.017648
0.015642
0.020036
0.018506
0.030904
0.019565
0.056549
0.018178
0.018383
0.020175
0.030167
0.033513
0.018632
0.058348
0.066203
0.064876
0.077097
0.090820
0.074381
0.081116
0.063285
0.075016
0.058735
0.062688
0.018485
0.022053
0.025206
0.023002
0.017988
0.019777
0.045341
0.025456
0.019563
0.029767
0.022305
0.029534
0.019267
0.040578
0.030596
0.065741
0.072650
0.099090
0.051601
0.068871
0.020504
0.065965
0.102883
0.064585
0.055979
0.077989
0.076795
0.097653
0.018697
0.028102
0.021977
0.017965
0.017682
0.016577
0.020046
0.031393
0.058132
0.020599
0.026098
0.021849
0.061056
0.023169
0.035420
0.020958
0.109652
0.068304
0.022796
0.063470
0.066413
0.057878
0.119456
0.065350
0.031152
0.058028
0.083856
0.031956
0.035869
0.095353
0.034234
0.020329
0.022925
0.016584
0.022170
0.021270
