0.351787
0.064425
0.066741
0.037301
0.056593
0.057547
0.028802
0.059673
0.066094
0.061834
0.030234
0.092314
0.048126
0.027869
0.068559
0.057055
0.132863
0.067686
0.019360
0.067084
0.079758
0.049476
0.021288
0.061369
0.061757
0.043903
0.045501
0.049343
0.058529
0.024790
0.017751
0.048914
0.044618
0.023513
0.070382
0.055219
0.054715
0.052467
0.018640
0.050596
0.112521
0.068481
0.062301
0.057911
0.064988
0.030943
0.081341
0.056026
0.065880
0.083499
0.047340
0.078470
0.134676
0.105514
0.064118
0.069379
0.092026
0.045568
0.063609
0.056395
0.036825
0.187983
0.057860
0.088272
0.051566
0.047218
0.056904
0.054373
0.033858
0.063682
0.022662
0.069987
0.117512
0.020114
0.054813
0.038437
0.023289
0.064608
0.044715
0.048296
0.069058
0.070569
0.072006
0.068809
0.016917
0.064096
0.045338
0.034132
0.067033
0.070869
0.044608
0.047788
0.062335
0.064588
0.075984
0.067354
0.038058
0.061544
0.067281
0.066060
0.075909
0.025223
0.065277
0.114418
0.025685
0.047498
0.034928
0.062459
0.044425
0.047829
0.055092
0.065545
0.037557
0.064997
0.052561
0.045558
0.020646
0.064774
0.063379
0.064640
0.097832
0.195063
0.059877
0.026784
0.064407
0.050405
0.063778
0.049198
0.050275
0.048254
0.101774
0.058022
0.040409
0.027884
0.057039
0.065630
0.048118
0.064688
0.070617
0.039639
0.094105
0.063227
0.050409
0.078804
0.054670
0.034914
0.081212
0.095805
0.060867
0.021989
0.020059
0.064635
0.048501
0.018079
0.089301
0.048009
0.016516
0.060294
0.047250
0.165614
0.070997
0.020290
0.098821
0.061921
0.136260
0.070456
0.106150
0.022617
0.020947
0.064049
0.019581
0.037783
0.060296
0.052642
0.068636
0.074223
0.054595
0.022350
0.066237
0.055489
0.093923
0.055381
0.079887
0.072547
0.053493
0.018460
0.056803
0.062257
0.050528
0.091188
0.073946
0.070207
0.072181
0.029077
0.067139
0.023165
0.089253
0.087557
0.077957
0.150262
0.061467
0.086006
0.085473
0.076751
0.079738
0.042547
0.094130
0.083800
0.072200
0.066900
0.042635
0.077702
0.061210
0.065920
0.077608
0.061042
0.058688
0.113203
0.045495
0.116479
0.114066
0.070521
0.055421
0.065989
0.065463
0.066742
0.027761
0.090940
0.117965
0.077310
0.063147
0.073012
0.064660
0.055649
0.068306
0.074838
0.065255
0.036865
0.071153
0.069279
0.087309
0.063401
0.022682
0.024616
0.069466
0.085891
0.066548
0.059258
0.079854
0.076059
0.066443
0.049635
0.025751
0.073079
0.060125
0.052557
0.069785
0.052369
0.047394
0.033864
0.104747
0.060068
0.056408
0.062031
0.016185
0.028694
0.049620
0.067956
0.061461
0.044263
0.067078
0.058699
0.050636
0.064204
0.070847
0.060715
0.067005
0.063917
0.036952
0.019547
0.083388
0.062364
0.059537
0.054651
0.070106
0.052785
0.056561
0.047489
0.067295
0.067234
0.068374
0.030256
0.067605
0.069184
0.031720
0.019682
0.136620
0.067674
0.026532
0.043212
0.084364
0.042468
0.065911
0.067932
0.062363
0.022830
0.091662
0.073385
0.073908
0.045421
0.098763
0.088188
0.026510
0.090912
0.065135
0.063440
0.024030
0.075239
0.060053
0.064970
0.099238
0.058774
0.041848
0.020474
0.068034
0.049348
0.077570
0.059447
0.073022
0.098559
0.079192
0.072930
0.072193
0.076792
0.090938
0.067400
0.065605
0.067825
0.101464
0.066351
0.100418
0.069331
0.059183
0.056236
0.071617
0.064694
0.022741
0.070537
0.095580
0.086361
0.053593
0.160030
0.135514
0.156449
0.166981
0.066237
0.050384
0.067467
0.055855
0.022883
0.030061
0.131806
0.068111
0.084304
0.046694
0.023369
0.065671
0.067731
0.072308
0.066793
0.102207
0.055379
0.066086
0.025392
0.066884
0.061159
0.041580
0.107312
0.061718
0.022655
0.101473
0.061634
0.063939
0.067196
0.098713
0.070155
0.064684
0.028011
0.135829
0.065274
0.032596
0.221539
0.081691
