0.303987
0.078140
0.049904
0.068686
0.050212
0.067760
0.018340
0.062231
0.050670
0.066683
0.061922
0.064151
0.062745
0.061759
0.024043
0.068591
0.064155
0.067682
0.053396
0.067947
0.091954
0.078184
0.067223
0.058096
0.047994
0.060991
0.070786
0.074163
0.054906
0.103812
0.058356
0.071434
0.082767
0.061130
0.048798
0.048287
0.082175
0.065630
0.053632
0.237590
0.121505
0.024981
0.071914
0.068411
0.063634
0.080867
0.071058
0.082626
0.098938
0.092652
0.066849
0.048307
0.057961
0.046363
0.047179
0.069688
0.067154
0.061015
0.071836
0.075586
0.047211
0.069451
0.065135
0.114256
0.061652
0.050752
0.070815
0.063262
0.052161
0.066736
0.024923
0.079079
0.049832
0.067739
0.053929
0.058868
0.049744
0.075912
0.096437
0.067200
0.165020
0.078540
0.058331
0.028070
0.082310
0.066909
0.067867
0.107475
0.068634
0.059942
0.077079
0.068191
0.083212
0.060123
0.042033
0.103674
0.041942
0.081550
0.081935
0.059784
0.056009
0.075360
0.032635
0.064887
0.076190
0.068507
0.077857
0.071658
0.072908
0.050527
0.067795
0.065756
0.058240
0.018697
0.069616
0.060827
0.057743
0.143354
0.125070
0.125098
0.208484
0.116590
0.120583
0.073319
0.078127
0.088479
0.103511
0.095548
0.030222
0.020870
0.079173
0.076548
0.066072
0.021926
0.077457
0.073482
0.057252
0.055545
0.080353
0.138662
0.098278
0.097550
0.051685
0.072852
0.067866
0.088019
0.037516
0.037294
0.070781
0.075425
0.058105
0.077126
0.070744
0.030685
0.072960
0.067526
0.075933
0.018738
0.074352
0.061716
0.134243
0.067943
0.018313
0.029086
0.019647
0.018772
0.019203
0.019732
0.024329
0.016516
0.015795
0.016499
0.020185
0.016221
0.017186
0.019576
0.019536
0.019647
0.016184
0.017013
0.023476
0.021868
0.018233
0.016540
0.017644
0.022639
0.030466
0.029758
0.021126
0.019551
0.021843
0.021473
0.019276
0.016743
0.019711
0.016109
0.018129
0.016817
0.016638
0.019157
0.023923
0.023571
0.017434
0.015829
0.015852
0.015780
0.016857
0.019953
0.021328
0.031554
0.020435
0.019534
0.017821
0.017156
0.017904
0.020655
0.018742
0.017919
0.026041
0.020477
0.026796
0.018858
0.020430
0.022216
0.018467
0.019925
0.018822
0.024440
0.030307
0.021421
0.019294
0.017877
0.016776
0.017622
0.016947
0.016246
0.019084
0.020319
0.017978
0.022000
0.026629
0.019608
0.018750
0.017443
0.022300
0.020417
0.022360
0.018244
0.020454
0.017486
0.019766
0.021775
