0.124514
0.017269
0.016956
0.017042
0.019024
0.018480
0.020025
0.022045
0.021801
0.021490
0.016422
0.020754
0.022465
0.018792
0.019195
0.017033
0.018102
0.018266
0.027379
0.026282
0.024076
0.018947
0.017819
0.019839
0.016158
0.015815
0.017728
0.020851
0.021070
0.020995
0.022440
0.015184
0.021641
0.014950
0.015095
0.016051
0.015040
0.016181
0.015326
0.016869
0.021665
0.021977
0.018533
0.021132
0.016788
0.015038
0.016802
0.018543
0.017340
0.018139
0.015098
0.015771
0.020927
0.015054
0.017215
0.017798
0.016460
0.017368
0.014483
0.027299
0.033950
0.016443
0.018119
0.016344
0.015982
0.020818
0.019653
0.019957
0.016587
0.019214
0.015655
0.019222
0.017988
0.016446
0.015753
0.016012
0.016795
0.016526
0.016271
0.016789
0.021888
0.015380
0.016647
0.015148
0.016062
0.017234
0.018035
0.017918
0.018808
0.017210
0.017652
0.021704
0.018536
0.016726
0.016735
0.015153
0.015960
0.015788
0.018116
0.016067
0.020473
0.017132
0.018371
0.017965
0.016436
0.020752
0.015270
0.019167
0.017141
0.015467
0.017479
0.019093
0.018948
0.019322
0.021266
0.016347
0.015321
0.015515
0.020630
0.016210
0.020717
0.016708
0.025817
0.016495
0.016801
0.017809
0.017081
0.022320
0.023662
0.020703
0.015749
0.016773
0.017659
0.019140
0.014868
0.018543
0.018239
0.017426
0.020787
0.019583
0.023432
0.017945
0.016831
0.024914
0.016421
0.016470
0.021503
0.017968
0.015945
0.015515
0.015439
0.017505
0.015751
0.017834
0.023112
0.019890
0.021546
0.018608
0.015353
0.015665
0.043632
0.037608
0.022704
0.052338
0.076183
0.026993
0.025777
0.037831
0.058773
0.078055
0.054283
0.156106
0.098043
0.095405
0.035580
0.113479
0.079017
0.116709
0.136714
0.113404
0.033978
0.122036
0.179238
0.070962
0.046098
0.095395
0.073878
0.079897
0.069755
0.042761
0.030379
0.031777
0.094334
0.052786
0.103828
0.164435
0.153846
0.089161
0.108126
0.059062
0.167211
0.070325
0.053538
0.049828
0.039539
0.071004
0.090564
0.083994
0.066540
0.064861
0.100188
0.134583
0.128502
0.074831
0.115513
0.128997
0.094226
0.035102
0.054039
0.104626
0.136418
0.033271
0.034925
0.026460
0.069753
0.072767
0.063204
0.133544
0.069835
0.056986
0.066687
0.027443
0.037847
0.055982
0.064487
0.065302
0.037872
0.034390
0.067574
0.107563
0.069267
0.066340
0.027600
0.065885
0.067409
0.064791
0.064633
0.037680
0.129513
0.028373
0.066551
0.057678
0.063846
0.061709
0.065591
0.065641
0.039654
0.018910
0.078662
0.068162
0.085791
0.061695
0.061958
0.062161
0.063317
0.063156
0.075054
0.047354
0.089812
0.064004
0.049504
0.022934
0.023453
0.064675
0.075050
0.083523
0.067452
0.130998
0.054002
0.055886
0.034267
0.067750
0.079809
0.064837
0.063705
0.041220
0.063665
0.053605
0.044444
0.051564
0.024916
0.062235
0.064236
0.048685
0.070069
0.065022
0.064412
0.063149
0.066754
0.071397
0.086771
0.065490
0.039746
0.066880
0.109401
0.028973
0.066252
0.066506
0.065169
0.063093
0.048179
0.074008
0.080086
0.050662
0.021493
0.020144
0.064937
0.063567
0.062706
0.063563
0.050716
0.058093
0.057205
0.028133
0.061837
0.062350
0.072555
