0.338900
0.064391
0.064823
0.066978
0.019186
0.055337
0.028087
0.062055
0.056488
0.064389
0.052137
0.067247
0.055067
0.053216
0.032132
0.056856
0.066420
0.071319
0.151678
0.061123
0.092673
0.060660
0.057561
0.068250
0.071080
0.065277
0.020870
0.083181
0.126948
0.065269
0.040776
0.051738
0.071449
0.072258
0.093101
0.064095
0.069817
0.036851
0.029860
0.070883
0.029961
0.064572
0.053802
0.071889
0.079486
0.069512
0.022822
0.121061
0.073010
0.140744
0.037542
0.076453
0.127133
0.111705
0.087798
0.069690
0.086006
0.033813
0.083327
0.093910
0.069451
0.065431
0.074658
0.060939
0.064797
0.067575
0.067745
0.089012
0.033940
0.111865
0.057757
0.068655
0.046450
0.024769
0.067042
0.065538
0.068879
0.068603
0.066054
0.071554
0.064666
0.030605
0.072544
0.071267
0.061521
0.025004
0.068885
0.066306
0.069494
0.068448
0.059001
0.083437
0.069766
0.068273
0.062522
0.064590
0.066109
0.021675
0.070376
0.056595
0.035187
0.063938
0.057467
0.067163
0.066600
0.069543
0.059388
0.064705
0.065045
0.043443
0.025712
0.075863
0.097765
0.066518
0.067317
0.070209
0.047100
0.071695
0.085703
0.060560
0.072068
0.084027
0.065700
0.070055
0.092752
0.029256
0.094629
0.069773
0.057319
0.065115
0.075464
0.067461
0.087017
0.027537
0.095738
0.103242
0.051364
0.080936
0.065215
0.071958
0.166382
0.042540
0.127233
0.067135
0.030828
0.065172
0.068363
0.072808
0.070070
0.020224
0.069890
0.118855
0.044857
0.045451
0.066014
0.063372
0.073370
0.066763
0.069793
0.026813
0.113722
0.084880
0.068667
0.050622
0.071636
0.081857
0.060338
0.066914
0.069048
0.021848
0.070921
0.074082
0.066577
0.029280
0.042506
0.065779
0.068152
0.070432
0.071244
0.020211
0.101308
0.038972
0.065782
0.106789
0.073485
0.081820
0.020675
0.022942
0.030692
0.066245
0.032449
0.056100
0.073996
0.097677
0.067530
0.030340
0.125442
0.077415
0.062487
0.031132
0.067555
0.068784
0.071711
0.071798
0.067506
0.064819
0.077152
0.061294
0.063759
0.059620
0.069518
0.023503
0.110680
0.063193
0.021397
0.070901
0.080748
0.093146
0.078526
0.025982
0.038418
0.058702
0.058397
0.069510
0.069367
0.078104
0.068262
0.045585
0.025451
0.128830
0.152257
0.068400
0.066111
0.066127
0.068329
0.072720
0.066914
0.061841
0.084295
0.094534
0.100604
0.073748
0.066909
0.069099
0.104292
0.027058
0.025549
0.063965
0.072458
0.080393
0.104305
0.080148
