139	112	51	36
139	113	51	39
140	115	49	38
140	116	50	40
138	118	52	37
139	118	50	40
140	119	50	39
138	119	49	39
137	119	50	41
140	119	47	38
138	120	49	38
139	119	49	38
137	119	50	38
136	119	50	38
136	119	52	38
136	118	50	37
137	118	49	36
137	118	49	36
137	117	49	36
137	116	49	37
136	116	49	36
137	115	49	37
136	114	50	37
136	115	52	36
137	113	50	37
136	113	50	37
138	112	48	38
138	112	49	37
138	111	50	38
138	110	52	39
139	109	52	39
141	109	49	37
141	108	50	39
140	108	51	39
141	108	50	40
142	108	49	39
142	108	51	38
145	107	50	40
147	106	49	39
149	106	49	39
151	106	50	40
155	105	50	40
156	105	52	40
157	106	54	40
160	107	53	40
163	109	52	40
163	109	55	40
165	110	54	40
168	109	53	40
169	109	54	40
171	106	54	40
174	105	54	40
175	103	56	41
176	102	57	39
178	101	56	39
180	98	55	41
179	97	57	40
180	96	57	41
180	98	58	39
182	96	57	41
183	96	56	42
183	95	58	44
183	97	57	42
184	97	56	45
184	99	58	42
184	99	59	41
184	99	56	42
185	98	56	44
184	100	57	41
184	99	57	42
183	102	57	40
184	101	56	41
182	101	57	40
182	100	59	42
182	100	57	41
181	99	57	43
181	99	56	44
180	100	57	42
180	99	56	43
178	99	57	42
177	99	59	42
177	98	58	42
177	98	55	43
177	98	55	42
176	97	55	43
174	97	55	42
172	98	57	42
171	97	56	43
171	96	56	41
167	97	58	41
167	97	57	42
166	99	57	40
166	99	57	42
165	99	58	41
165	100	57	41
165	100	57	40
165	100	55	43
165	101	56	43
166	100	55	44
168	101	53	43
167	101	55	44
167	101	55	44
164	101	58	42
164	99	56	42
163	98	56	43
162	99	57	43
160	101	58	41
160	100	57	42
160	101	57	42
160	101	57	41
160	101	56	42
160	101	57	42
159	100	58	44
160	101	56	45
160	100	55	44
160	100	55	44
160	99	56	43
160	98	55	43
160	98	56	44
160	98	54	42
160	96	56	44
161	96	53	42
160	95	56	41
160	95	55	41
160	95	55	40
160	92	55	41
159	92	56	40
159	91	56	39
158	90	57	40
158	89	57	40
158	87	57	40
159	86	57	40
159	89	57	38
159	86	57	38
160	86	57	40
160	86	56	38
161	85	55	38
161	83	55	39
162	83	55	39
161	83	55	38
161	83	56	38
161	82	56	39
162	82	56	38
163	82	54	37
163	83	55	37
163	81	55	38
163	81	55	37
162	82	56	37
162	80	55	38
163	81	54	37
162	79	55	39
163	78	54	39
162	79	55	37
162	80	54	37
161	81	55	35
162	79	54	37
162	77	56	38
163	77	55	38
164	79	54	37
165	78	53	38
165	76	53	39
164	78	54	37
163	79	56	36
164	79	55	36
166	77	52	37
166	77	52	38
166	77	52	37
165	78	54	37
164	77	55	37
165	76	55	38
164	78	56	38
163	79	56	37
163	81	57	38
164	78	56	40
164	79	55	39
163	78	57	40
162	80	58	41
163	82	56	40
163	81	57	40
162	83	58	41
162	82	57	40
163	84	56	40
162	85	57	40
162	85	58	40
162	85	58	43
161	86	59	43
163	85	57	45
163	87	59	43
163	87	59	45
162	88	60	45
162	90	61	45
162	91	61	44
163	92	60	45
163	93	59	45
165	94	59	44
164	95	60	44
164	95	60	46
164	95	60	46
164	97	59	45
164	98	60	44
164	97	60	47
163	100	62	44
164	100	59	44
164	102	60	44
164	103	60	43
163	103	61	45
164	104	60	47
163	106	61	46
164	107	62	46
164	107	62	47
163	108	63	45
164	109	60	45
166	111	60	44
165	111	60	45
164	113	61	45
163	114	62	47
163	115	62	46
162	116	62	48
163	116	61	49
164	117	60	50
163	119	64	48
164	120	60	50
163	122	62	48
162	121	64	51
162	122	61	50
163	123	65	53
162	121	61	52
162	124	62	51
163	124	60	50
163	124	64	52
161	123	62	54
163	125	62	53
162	124	62	53
161	125	63	51
162	124	64	54
161	124	62	54
163	124	61	54
161	125	63	51
164	125	61	51
162	122	62	54
162	122	61	50
160	123	65	49
161	121	63	49
163	120	60	49
162	118	61	47
162	116	61	47
165	115	58	46
165	113	58	46
164	111	58	47
163	110	60	47
164	109	59	46
164	107	59	48
164	107	60	46
164	107	61	46
165	107	59	44
165	106	59	46
164	106	58	45
164	105	59	46
164	104	57	46
163	104	58	46
162	103	59	45
163	102	57	46
162	101	58	48
163	99	56	48
163	99	57	44
165	97	55	49
166	95	56	51
167	95	55	48
167	93	55	50
167	93	56	48
167	93	58	47
168	92	55	47
168	93	56	44
169	91	56	46
170	89	57	49
171	90	57	50
171	90	59	49
170	88	63	52
170	89	62	50
172	88	60	53
173	89	58	51
172	89	63	53
173	87	61	53
173	88	62	53
172	88	63	52
172	89	63	51
172	89	63	51
173	90	60	48
173	89	61	51
174	89	60	49
173	87	61	53
172	89	62	50
173	89	61	51
173	88	60	52
172	88	61	53
173	88	60	53
172	90	61	49
171	88	62	55
171	89	62	52
172	90	59	52
171	90	61	53
172	91	57	48
173	90	55	50
172	90	57	51
173	91	56	50
173	89	56	52
172	90	57	51
171	90	59	51
173	88	55	53
173	88	53	52
172	89	57	51
172	89	58	51
172	87	56	52
172	87	58	51
171	87	58	52
173	87	54	52
172	88	55	50
171	90	57	48
172	89	56	50
171	88	58	50
171	89	59	49
171	89	60	49
172	88	58	48
172	86	59	52
172	87	60	49
173	87	60	49
174	87	58	48
174	88	60	47
173	87	60	48
173	86	62	49
173	85	61	50
173	84	61	51
173	84	61	52
173	85	61	51
174	84	61	51
175	85	60	51
175	85	59	50
176	86	59	51
176	83	60	53
175	84	62	52
175	84	62	52
176	85	60	50
175	84	61	52
175	85	60	51
173	85	62	51
174	87	62	49
173	86	63	50
173	87	63	49
172	88	64	49
173	89	63	46
173	90	62	47
172	92	63	44
174	93	59	44
173	93	63	44
173	92	63	45
173	91	63	46
174	91	63	46
173	91	63	47
174	94	61	44
175	90	61	47
176	89	62	49
174	92	63	45
176	92	62	45
178	88	61	48
177	90	61	46
176	90	63	46
176	90	61	48
178	87	60	51
177	89	61	48
176	88	64	49
178	87	63	49
177	87	64	50
176	86	64	51
180	87	62	48
179	85	61	51
178	84	64	53
180	85	62	52
180	88	63	48
178	87	65	50
181	88	63	48
180	89	64	48
182	87	61	50
182	88	63	49
180	89	64	48
182	90	62	47
182	92	62	46
182	92	63	45
182	90	64	48
182	91	62	47
181	91	63	49
182	87	63	51
182	88	64	51
182	90	63	50
182	88	64	51
182	90	64	48
183	90	64	49
183	89	64	50
184	91	63	48
183	91	64	49
184	92	64	47
183	93	64	46
183	92	63	48
183	94	64	45
184	90	64	49
184	93	64	46
183	94	64	46
184	92	64	48
183	92	64	46
185	92	61	47
183	90	66	51
184	92	63	47
184	91	64	49
184	88	64	52
183	92	66	48
185	93	63	45
184	95	62	44
184	93	62	46
184	92	64	47
184	92	62	48
184	93	64	46
185	94	62	44
184	92	63	47
186	94	62	45
186	91	62	48
186	91	62	47
184	92	64	46
185	92	64	46
186	91	62	47
186	93	62	45
184	91	64	48
184	92	64	47
185	92	63	47
186	93	64	46
186	93	64	46
187	94	64	44
188	94	63	45
188	93	63	46
187	94	63	45
186	94	64	45
186	94	64	44
186	92	63	47
185	90	63	49
183	90	64	47
182	90	64	48
182	91	63	48
181	90	62	49
180	88	64	51
180	90	63	49
179	88	64	50
178	90	65	49
178	93	63	47
177	91	65	48
177	92	62	47
178	91	61	49
176	89	63	50
177	92	62	47
176	91	63	48
176	92	63	47
177	93	61	46
177	91	63	48
175	94	63	45
176	94	61	43
177	90	62	50
176	92	62	48
177	92	62	47
177	93	62	47
176	93	62	45
178	93	60	46
178	93	61	46
177	93	63	47
178	94	62	46
179	94	62	46
179	92	63	49
179	94	63	45
181	93	61	47
181	94	61	47
181	95	63	45
182	94	63	46
182	95	62	46
182	94	62	48
183	96	62	46
183	96	63	45
186	97	61	44
187	96	62	46
187	95	62	46
187	96	62	45
189	96	62	43
189	95	62	45
190	93	64	49
191	93	62	47
191	93	63	47
193	91	62	49
192	92	65	49
195	92	63	48
195	95	63	45
197	92	61	49
196	95	64	45
197	94	62	47
198	91	62	49
197	94	62	46
196	94	63	47
196	94	65	49
195	91	63	49
194	92	63	48
193	94	64	47
191	92	64	49
190	90	63	50
190	91	63	48
188	93	62	46
189	94	59	46
188	94	61	44
185	92	61	48
185	90	61	49
183	93	63	45
183	90	61	49
181	87	63	51
181	91	62	47
181	90	62	47
181	91	60	46
182	92	61	43
181	90	60	47
182	93	60	45
180	90	63	48
181	91	61	47
181	92	61	46
180	88	62	48
178	89	61	48
178	87	62	48
178	84	60	50
178	81	61	51
177	82	60	52
177	79	61	51
176	77	61	53
175	69	62	61
178	70	57	59
177	68	59	61
178	70	58	59
176	69	60	60
178	69	57	59
178	69	57	59
178	68	58	59
177	74	59	53
175	76	62	51
178	73	58	52
176	71	62	55
175	73	63	53
178	70	58	55
177	70	60	55
178	72	59	51
176	76	62	48
176	74	62	51
176	75	63	51
176	74	62	54
178	70	59	59
176	77	62	54
177	72	59	59
176	70	60	63
175	67	61	67
176	68	60	68
176	67	60	70
176	66	59	75
175	68	62	74
175	67	60	75
174	65	62	81
171	89	68	61
171	97	67	51
173	101	63	45
173	101	63	47
172	104	64	46
171	105	65	46
170	108	65	46
171	109	64	47
170	111	64	48
169	113	65	49
168	116	65	48
168	118	65	49
167	119	64	50
166	120	65	52
166	121	64	51
165	122	64	50
164	122	65	53
162	123	63	50
160	123	65	50
162	122	63	48
162	122	62	48
159	122	64	47
160	121	62	47
159	121	62	47
158	120	63	47
158	119	62	47
157	119	65	48
157	117	64	48
159	118	61	45
159	117	61	46
158	117	63	51
159	118	63	52
161	118	60	53
164	118	58	50
162	114	59	52
159	113	61	50
157	110	60	49
153	107	61	50
151	107	60	49
150	108	60	50
148	110	62	49
150	111	62	49
149	112	64	50
151	113	64	50
152	114	64	52
154	114	62	54
154	113	62	54
156	113	61	53
156	111	60	53
153	109	64	51
153	106	62	50
151	105	63	49
151	104	62	49
150	103	62	48
150	102	63	48
149	101	62	50
146	101	65	49
146	100	63	53
147	101	65	50
146	100	63	53
144	101	67	52
146	99	63	50
144	96	64	53
143	96	65	51
142	93	65	51
139	93	68	53
142	94	66	51
142	93	68	50
143	94	66	51
144	95	66	54
143	94	68	56
142	95	69	54
143	93	68	55
142	92	67	55
142	90	66	56
140	90	67	55
138	87	66	55
138	86	66	56
137	87	67	56
138	88	69	55
140	90	67	56
141	92	65	56
140	94	67	56
140	93	66	58
143	95	64	57
140	94	67	58
141	95	66	57
141	96	63	57
140	94	65	57
138	90	67	58
137	91	66	54
135	92	68	53
136	92	69	55
136	94	71	53
140	94	68	55
140	95	71	55
142	95	70	55
145	96	66	55
144	97	69	56
143	96	68	57
141	96	69	56
140	95	68	53
138	94	70	55
135	96	68	53
134	94	67	56
132	98	66	52
130	101	70	51
130	101	68	55
133	102	69	55
132	102	72	55
132	102	70	57
132	102	70	56
130	103	68	56
132	102	69	55
133	101	69	54
135	101	69	53
136	99	70	56
139	100	69	56
139	100	72	56
140	99	72	59
142	100	72	56
146	99	70	57
145	98	72	58
145	97	72	58
144	97	68	58
140	97	69	59
136	99	70	57
135	101	68	55
134	102	69	58
134	105	69	58
134	106	71	55
134	106	69	58
133	106	69	59
131	108	69	56
130	108	69	56
128	109	71	55
127	109	71	57
126	109	72	57
128	107	71	59
128	108	72	55
127	106	70	57
125	104	73	58
123	102	72	59
119	100	73	59
118	97	72	59
114	95	72	58
111	92	70	58
105	92	71	56
102	92	69	56
99	90	70	57
96	90	71	55
97	89	71	57
97	89	71	57
96	88	70	56
94	88	73	57
93	88	72	58
93	88	69	56
91	88	73	57
90	87	73	57
92	88	72	56
92	87	72	57
91	88	73	59
90	87	73	60
90	88	75	58
90	88	72	58
88	88	72	58
84	87	74	58
82	88	71	58
79	88	70	57
74	88	72	56
73	87	70	55
72	88	71	54
73	87	71	57
77	88	71	59
84	90	70	59
89	91	73	61
94	92	73	62
98	95	74	61
97	95	75	59
94	94	76	62
92	93	75	62
92	93	74	60
92	92	75	60
93	91	76	60
96	91	75	62
97	92	76	62
101	93	75	62
103	94	76	62
106	94	76	63
110	95	75	61
113	92	76	67
115	94	76	64
119	92	77	68
124	97	78	63
125	98	81	60
128	97	80	62
129	98	79	61
130	97	79	61
131	98	77	58
134	95	79	63
138	94	78	64
144	93	79	66
151	93	79	63
154	93	83	63
158	93	81	65
160	96	84	61
164	96	82	64
168	97	84	63
172	99	84	62
178	99	83	63
181	101	86	62
186	102	85	63
192	103	82	63
193	102	86	62
198	101	86	65
200	101	87	63
202	100	90	63
207	100	86	62
207	99	91	63
211	101	90	63
213	99	87	64
213	99	89	64
217	99	86	64
215	99	88	66
216	98	88	66
215	99	89	64
216	98	87	65
216	98	86	65
217	98	87	66
218	99	86	65
215	100	89	64
214	99	88	66
211	100	88	65
206	99	89	64
204	98	88	65
200	98	88	63
199	97	86	62
197	94	87	65
198	98	85	64
198	99	84	65
196	99	83	66
192	99	83	65
188	99	82	66
182	98	83	64
177	96	82	65
170	98	84	63
165	95	84	63
163	93	82	66
158	93	82	66
154	93	84	66
154	94	79	64
150	93	79	65
144	93	83	67
141	95	81	61
138	93	84	63
136	93	81	64
133	93	80	64
129	92	82	66
127	93	78	63
125	95	79	62
123	95	78	62
122	96	78	63
119	97	78	63
116	100	80	62
115	100	81	63
113	101	79	62
112	98	79	66
109	97	78	65
106	95	81	66
105	97	80	63
102	95	83	66
101	98	80	63
100	96	84	66
100	95	82	65
100	93	81	66
102	93	80	65
103	93	80	65
103	94	82	65
102	98	84	63
102	101	85	66
103	107	83	62
102	109	82	64
101	110	83	65
99	109	85	68
97	107	84	68
98	103	86	67
98	95	86	70
96	91	87	66
100	88	86	63
101	84	85	63
102	80	83	64
102	78	85	66
105	79	85	64
109	82	84	65
108	85	87	67
109	89	87	66
109	94	88	69
108	98	84	72
106	103	87	68
105	103	87	72
105	100	87	74
104	99	88	72
104	94	91	76
103	92	90	75
103	89	89	74
103	86	90	72
103	80	92	74
104	76	88	72
103	73	91	74
105	72	91	73
106	73	93	74
108	77	92	73
111	84	89	73
112	88	91	75
117	90	89	77
115	91	94	78
114	89	97	77
116	89	96	72
115	86	98	74
117	85	95	71
119	80	93	75
118	75	94	75
117	72	95	77
115	71	95	75
113	69	99	78
113	68	101	77
113	66	102	78
113	64	102	76
114	62	96	75
114	62	99	76
114	65	101	75
116	67	98	75
115	71	102	77
116	76	99	79
117	85	100	76
116	86	103	81
116	88	106	83
115	88	104	84
115	88	104	84
115	85	103	82
114	82	105	81
116	78	104	81
115	71	108	85
114	70	111	84
114	65	114	86
113	63	120	84
117	62	112	85
118	64	112	84
119	65	111	87
120	68	107	91
115	81	113	89
114	90	111	93
110	101	116	91
109	110	114	89
106	110	119	88
109	103	112	89
107	92	114	98
104	88	117	91
104	78	119	93
105	72	119	90
106	67	118	87
109	65	115	86
107	62	121	88
107	63	117	90
103	66	122	93
102	71	120	95
98	81	120	99
95	89	124	102
91	98	127	99
91	103	127	102
90	104	125	103
88	95	127	106
87	88	126	105
84	78	125	100
83	68	126	104
82	62	130	99
81	60	133	95
80	58	128	97
79	60	125	100
75	65	131	104
72	78	132	102
71	85	133	110
68	94	136	107
70	97	138	110
68	94	137	111
65	88	139	106
67	76	134	108
67	66	141	105
69	58	140	104
69	52	140	97
71	44	136	103
69	40	140	104
68	40	139	106
69	41	133	105
68	49	132	101
63	55	139	107
61	66	137	108
60	76	139	117
57	87	139	111
55	91	145	115
56	92	142	118
54	89	141	112
54	82	142	112
52	72	141	109
54	64	144	109
55	53	145	108
56	47	142	106
56	42	147	108
54	40	147	107
55	39	142	115
52	48	150	112
51	57	148	115
51	69	145	121
47	83	152	117
47	90	148	143
42	95	154	141
38	95	161	147
38	90	157	148
38	86	161	136
45	75	150	129
43	61	155	127
44	55	164	123
45	48	167	117
49	43	158	117
49	40	162	120
48	42	162	124
47	49	164	128
46	61	170	125
47	69	171	145
44	82	178	152
39	89	187	149
38	87	180	153
36	86	180	156
35	77	187	151
35	67	195	143
37	57	195	133
42	48	183	129
45	38	180	126
45	34	182	120
49	29	178	127
47	34	181	125
44	38	182	130
44	47	178	128
42	58	184	132
43	68	189	139
39	73	192	154
35	71	194	163
33	69	189	161
31	63	200	151
33	59	195	135
36	50	189	127
40	41	183	119
43	32	174	118
46	23	177	121
47	20	174	123
45	23	179	122
46	29	175	124
45	37	169	124
42	47	180	132
45	61	183	134
41	69	193	151
38	74	196	159
32	79	210	158
27	74	212	160
36	72	202	157
34	65	198	150
38	55	195	147
36	47	197	138
38	42	191	134
41	38	190	135
44	35	180	137
40	40	192	137
40	50	196	138
43	58	194	145
41	66	198	161
38	68	202	162
39	69	200	166
36	66	202	165
36	66	204	153
37	59	204	146
41	55	196	135
43	49	191	132
45	44	189	133
46	43	186	133
47	49	184	133
47	61	185	133
44	68	190	156
42	78	198	154
39	84	191	153
40	82	193	151
39	74	196	150
40	68	195	143
46	61	190	133
49	52	187	127
57	43	179	122
64	39	171	117
67	34	165	114
72	34	162	115
71	42	164	111
72	49	163	112
72	56	163	118
72	60	166	119
73	65	166	119
81	64	163	121
77	61	162	113
88	56	151	110
89	51	149	104
90	42	148	103
97	35	142	101
105	30	136	100
103	36	138	98
108	41	136	99
109	52	133	94
109	62	135	98
104	70	140	108
105	81	141	111
106	85	137	114
104	83	138	117
107	83	140	110
108	73	139	109
115	66	132	100
121	57	126	99
122	48	129	94
125	43	126	90
127	37	128	90
129	34	129	89
128	37	127	91
130	45	127	89
131	53	125	93
130	67	128	95
134	72	126	106
129	83	134	105
131	89	132	108
137	89	120	107
132	82	130	105
132	74	128	100
135	67	127	98
139	58	125	91
142	50	122	87
143	43	119	84
146	38	118	82
145	38	119	82
146	40	119	83
144	46	120	80
145	51	117	84
147	61	114	85
144	71	119	90
144	73	118	101
141	84	120	98
142	83	118	103
145	88	111	95
141	85	118	89
144	75	115	91
145	69	112	87
145	64	113	81
146	58	113	79
145	53	113	76
147	51	111	74
147	50	109	75
148	53	107	74
148	56	104	76
146	61	104	78
145	66	109	81
145	70	108	87
147	73	101	93
142	83	110	86
144	84	107	81
144	81	108	82
146	71	102	87
146	69	101	81
144	67	106	74
146	62	104	71
147	59	101	70
149	59	98	73
148	64	99	69
150	67	99	75
150	69	97	81
148	82	100	81
149	92	99	80
150	101	96	73
151	103	95	73
149	102	98	68
155	92	92	75
158	86	91	73
161	77	90	75
164	68	88	79
164	70	90	69
170	72	87	67
170	69	90	67
172	69	85	70
172	70	85	71
173	71	82	76
173	79	84	77
175	94	81	67
174	103	85	60
175	103	81	59
176	99	80	58
176	91	79	61
176	84	79	61
177	81	77	57
181	72	72	63
180	72	75	59
182	73	73	60
182	70	72	64
181	76	74	63
183	78	72	66
185	92	71	60
183	96	72	57
181	98	74	55
182	97	72	54
182	92	70	54
182	89	67	52
181	88	67	49
182	85	65	51
180	85	67	51
178	82	66	55
175	83	65	56
172	84	66	55
170	89	65	52
170	93	65	49
173	98	63	47
176	99	63	47
182	100	63	48
189	102	61	47
193	101	65	49
199	102	63	49
203	102	64	50
203	104	69	51
203	105	74	52
215	107	65	47
220	108	64	48
224	108	61	48
226	109	60	48
226	110	60	48
225	109	61	48
221	109	64	49
216	109	66	50
211	110	69	50
211	108	67	48
208	109	65	47
204	108	67	47
204	108	62	49
198	106	65	48
196	107	63	46
192	106	61	46
189	104	59	47
184	104	60	44
180	102	60	44
176	99	61	45
174	99	60	44
170	99	59	43
168	96	57	45
166	95	58	46
165	94	56	44
163	94	58	44
162	94	57	43
161	94	58	44
161	95	57	43
161	95	57	43
161	94	56	43
161	96	55	43
161	94	56	44
161	96	55	43
161	96	56	42
162	95	54	44
161	96	57	43
163	97	54	43
164	97	55	43
164	101	55	40
166	100	56	41
166	101	57	42
168	102	57	42
168	104	59	42
170	106	57	42
172	108	57	43
173	109	59	45
177	111	56	44
178	113	57	43
179	115	58	41
180	118	57	41
183	119	54	41
186	121	55	40
186	122	55	39
188	123	55	40
191	126	53	38
194	127	51	37
196	128	52	39
197	129	52	38
198	130	52	39
201	131	51	37
202	130	50	36
202	130	50	36
205	128	49	36
206	128	50	36
210	128	46	35
212	127	47	34
213	126	46	36
215	127	46	34
216	127	46	33
217	127	46	33
219	128	45	33
220	128	44	33
221	129	44	32
221	130	44	32
221	131	44	31
222	133	44	30
222	133	43	30
223	133	43	29
225	132	41	30
226	131	41	30
226	131	40	30
224	131	42	30
225	130	41	30
227	129	41	29
228	127	40	29
229	126	40	28
230	124	39	29
230	122	39	29
229	122	40	30
229	122	40	29
230	122	39	29
230	122	39	29
231	122	39	29
230	123	39	29
229	123	39	31
228	124	39	30
228	124	39	30
228	125	38	30
229	125	38	29
230	125	39	29
231	126	39	29
233	125	38	30
232	126	38	30
232	125	37	30
230	125	36	30
226	125	38	29
222	125	37	30
220	125	36	28
217	126	37	28
214	125	35	28
210	125	37	28
208	125	36	28
206	125	37	27
205	125	36	27
204	125	36	27
203	125	37	28
202	125	37	28
202	125	38	28
202	125	36	28
201	125	37	28
202	125	37	28
203	125	36	27
202	126	37	28
204	126	39	28
204	125	37	29
203	125	38	27
205	125	38	27
205	124	38	28
207	125	37	26
207	125	39	28
208	126	39	27
210	128	38	27
210	130	38	29
211	134	39	27
210	135	39	29
210	138	39	29
210	139	39	30
210	140	38	30
209	141	38	30
208	142	39	30
208	141	40	30
211	141	38	30
213	141	38	30
214	141	38	31
216	141	38	30
217	141	38	31
216	142	40	31
217	141	39	30
217	140	41	31
218	140	41	30
219	140	42	30
218	142	44	31
216	145	47	31
216	150	46	31
215	158	47	33
209	169	49	37
