0.243791
0.062231
0.063517
0.060661
0.050426
0.023874
0.025241
0.107790
0.060903
0.053930
0.048365
0.052197
0.028861
0.036834
0.021757
0.067001
0.070440
0.077903
0.084780
0.079412
0.103087
0.085708
0.080198
0.085587
0.082602
0.085009
0.078467
0.075855
0.090174
0.078503
0.095294
0.073324
0.071229
0.074989
0.091399
0.079043
0.031829
0.019651
0.031575
0.111375
0.125921
0.079609
0.077426
0.063426
0.066223
0.066641
0.066307
0.050447
0.021151
0.019955
0.040062
0.076503
0.070809
0.060779
0.093930
0.097284
0.070448
0.071289
0.070323
0.070498
0.103730
0.070987
0.020863
0.019473
0.020684
0.077462
0.076883
0.063450
0.047673
0.019190
0.061265
0.064715
0.057113
0.064329
0.069162
0.068242
0.092014
0.071026
0.068282
0.068195
0.086093
0.020218
0.020268
0.017822
0.016946
0.017550
0.016749
0.017909
0.019021
0.018054
0.017517
0.019650
0.018074
0.015914
0.016349
0.017705
0.016933
0.017185
0.016145
0.017851
0.023528
0.018560
0.019434
0.016861
0.022621
0.023205
0.020837
0.019698
0.023398
0.018745
0.018588
0.022589
0.022313
0.024696
0.024515
0.015903
0.022350
0.019201
0.020251
0.016667
0.024045
0.018069
0.021579
0.023474
0.023675
0.025017
0.022671
