0.266260
0.061831
0.026635
0.019745
0.019994
0.020419
0.039993
0.061022
0.066768
0.064331
0.061874
0.063322
0.064737
0.066132
0.063688
0.064381
0.063792
0.063715
0.024135
0.010186
0.024216
0.062299
0.070122
0.070075
0.060580
0.064080
0.055681
0.047038
0.030224
0.011816
0.025345
0.075330
0.060783
0.063282
0.063203
0.065185
0.019498
0.063246
0.066985
0.018876
0.019623
0.021255
0.020285
0.013807
0.010573
0.018894
0.044430
0.022817
0.021185
0.031168
0.021962
0.022047
0.027389
0.020154
0.027615
0.019419
0.019310
0.015588
0.017417
0.014963
0.013596
0.009554
0.019955
0.027618
0.022051
0.018934
0.020207
0.022910
0.019684
0.060203
0.018035
0.017734
0.017900
0.021614
