0.282827
0.063693
0.063646
0.061507
0.044291
0.020002
0.074168
0.065623
0.070375
0.057600
0.058163
0.061107
0.104895
0.051791
0.062338
0.064141
0.062970
0.065929
0.028591
0.071058
0.095799
0.049698
0.068649
0.066213
0.023797
0.022416
0.020629
0.024149
0.039578
0.061643
0.081461
0.050720
0.064642
0.063470
0.063101
0.062797
0.065638
0.046674
0.023381
0.022722
0.072994
0.081469
0.032804
0.071552
0.074314
0.094515
0.033506
0.031628
0.019279
0.008334
0.022621
0.066291
0.064472
0.062144
0.064931
0.069488
0.089954
0.067132
0.066098
0.064958
0.019109
0.016507
0.023833
0.031831
0.066558
0.073916
0.070944
0.031294
0.073815
0.061569
0.035541
0.024246
0.025007
0.019777
0.062589
0.064700
0.064846
0.051467
0.084475
0.064698
0.096779
0.069995
0.067634
0.067038
0.041956
0.019028
0.022883
0.038141
0.103155
0.068502
0.059988
0.051747
0.062835
0.048186
0.030608
0.037116
0.036404
0.100538
0.064901
0.055669
0.097265
0.064121
0.066379
0.070847
0.078903
0.066922
0.046504
0.016850
0.019599
0.022633
0.067328
0.068281
0.063938
0.062773
0.065694
0.074117
0.028779
0.023180
0.108940
0.064701
0.094500
0.068140
0.065104
0.076879
0.066146
0.066255
0.064851
0.022581
0.019100
0.018842
0.018348
0.015884
0.019355
0.070848
0.068115
0.060664
0.065918
0.068767
0.050660
0.023898
0.031870
0.052116
0.018889
0.018443
0.020433
0.018849
0.065580
0.065031
0.064522
0.066191
0.064422
0.040859
0.022238
0.028403
0.038971
0.066650
0.019485
0.084008
0.060631
0.034469
0.079433
0.053184
0.019654
0.039221
0.066234
0.052272
0.099931
0.064494
0.066897
0.064262
0.068346
0.046608
0.021474
0.037424
0.065818
0.068918
0.082287
0.051171
0.068470
0.064260
0.084825
0.065394
0.068017
0.063869
0.069668
0.066758
0.071656
0.009744
0.022637
0.076500
0.093456
0.074714
0.081972
0.037994
0.026425
0.029412
0.076932
0.077505
0.105413
0.066307
0.098064
0.065372
0.066932
0.068712
0.036993
0.026500
0.088058
0.068004
0.065504
0.038088
0.024749
0.095554
0.067290
0.064911
0.068577
0.066007
0.064314
0.065962
0.065186
0.082302
0.092397
0.022546
0.064654
0.078414
0.079338
0.053976
0.052844
0.059732
0.029872
0.019819
0.020301
0.063362
0.065369
0.053033
0.063561
0.066728
0.086081
0.067200
0.018174
0.017737
0.018961
0.066348
0.047636
0.025112
0.026954
0.076907
0.069073
0.111633
0.065054
0.063928
0.021453
0.022809
0.063702
0.067492
0.070535
0.070357
0.064947
0.066585
0.066169
0.078028
0.083512
0.023187
0.021418
0.046740
0.065721
0.067956
0.070607
0.049663
0.059708
0.062334
0.030437
0.018871
0.018273
0.019018
0.020252
0.019041
0.063003
0.064279
0.064880
0.054699
0.098023
0.066831
0.066238
