0.258070
0.062096
0.064379
0.064398
0.068867
0.062342
0.017289
0.026492
0.065729
0.070727
0.084999
0.056757
0.061402
0.056043
0.029494
0.028043
0.021119
0.023886
0.042594
0.072303
0.086489
0.063725
0.066643
0.064135
0.066624
0.086070
0.062241
0.063136
0.031775
0.025759
0.025414
0.060826
0.066730
0.079275
0.064368
0.076634
0.077739
0.020976
0.040955
0.062766
0.096459
0.061754
0.063339
0.066148
0.064144
0.066698
0.089244
0.086748
0.057651
0.027857
0.020034
0.095480
0.065570
0.066158
0.060420
0.051713
0.029454
0.021740
0.024852
0.030550
0.095609
0.075587
0.064163
0.065170
0.067833
0.066539
0.072136
0.067814
0.068631
0.064616
0.023506
0.050291
0.065816
0.069064
0.101779
0.057400
0.062999
0.065546
0.031774
0.021407
0.030755
0.024658
0.021641
0.063929
0.070178
0.066865
0.053617
0.065764
0.064448
0.065284
0.064409
0.066376
0.060877
0.019706
0.019168
0.044090
0.072692
0.068374
0.058457
0.061152
0.082105
0.029329
0.021657
0.027251
0.065193
0.063035
0.067298
0.067461
0.066746
0.066228
0.066197
0.063559
0.065733
0.066083
0.045491
0.025118
0.024526
0.065666
0.068322
0.066231
0.091391
0.052746
0.057293
0.036462
0.021291
0.022678
0.038351
0.064259
0.065031
0.058553
0.066228
0.066533
0.066522
0.066272
0.066294
0.068218
0.066653
0.030258
0.043797
0.039825
0.114851
0.081138
0.069876
0.061823
0.022342
0.022605
0.021738
0.022610
0.064160
0.062725
0.062854
0.058671
0.064006
0.067118
0.066788
0.064174
0.068002
0.067658
0.057619
0.021364
0.028100
0.022418
0.077757
0.067942
0.070438
0.068468
0.063389
0.055656
0.027081
0.023460
0.067066
0.066312
0.064386
0.063206
0.067995
0.066563
0.066891
0.065713
0.068351
0.064191
0.031836
0.025568
0.073400
0.069826
0.068254
0.054256
0.062731
0.064506
0.037262
0.028680
0.026631
0.022902
0.062067
0.064656
0.067071
0.054900
0.067722
0.067112
0.066332
0.067506
0.108985
0.064213
0.025784
0.020094
0.025400
0.036898
0.068997
0.066925
0.068708
0.050982
0.062489
0.081560
0.025186
0.023634
0.021036
0.047682
0.061453
0.064789
0.054201
0.069022
0.100421
0.069440
0.067355
0.063944
0.067539
0.019274
0.019374
0.073037
0.068895
0.068137
0.069439
0.065390
0.068647
0.042010
0.038944
0.020955
0.020798
0.047027
0.062643
0.066583
0.087908
0.067038
0.067170
0.065899
0.067611
0.067075
0.066030
0.059268
0.023161
0.042575
0.021328
0.064530
0.067814
0.072403
0.065985
0.062022
0.059160
0.045643
0.026246
0.043595
0.071173
0.076272
0.067440
0.065405
0.066542
0.068827
0.065597
0.066980
0.066988
0.077650
0.045269
0.020109
0.075688
0.068660
0.067297
0.074162
0.062867
0.046079
0.057008
0.037126
0.033914
0.111531
0.064842
0.064206
0.063719
0.065975
0.064060
0.066883
0.066326
0.066265
0.056265
0.023951
0.021317
0.022220
0.066044
0.068110
0.067806
0.053715
0.064140
0.062843
0.053816
0.019708
0.020137
0.021111
0.025860
0.066095
0.062578
0.064834
0.055194
0.064579
0.066346
0.063844
0.063473
0.063944
0.064460
0.066826
0.043142
0.018593
0.020598
0.022944
0.107674
0.068064
0.068319
0.056272
0.065702
0.055032
0.029073
0.020459
0.022443
0.021922
0.025349
0.062746
0.065098
0.064648
0.050568
0.063269
0.071996
0.067033
0.066322
0.066305
0.118176
0.052205
0.025175
0.020234
0.022727
0.040093
0.087814
0.068172
0.068144
0.056775
0.056323
0.056964
0.034096
0.021324
0.064043
0.066770
0.061985
0.064183
0.066463
0.066321
0.098164
0.066786
0.068203
0.066532
0.034002
0.019444
0.026201
0.066412
0.067418
0.068034
0.067222
0.069238
0.055208
0.028309
0.019728
0.022497
0.024153
0.065096
0.064515
0.061952
0.097104
0.066311
0.064500
0.066742
0.066575
0.065007
0.041660
0.022838
0.069980
0.080749
0.069177
0.053959
0.074852
0.058267
0.134827
0.064290
0.077656
0.067293
0.066023
0.068421
0.098490
0.064170
0.067071
0.022052
0.021896
0.041179
0.070028
0.070577
0.074424
0.053378
0.062646
0.071803
0.022496
0.032624
0.020455
0.019842
0.096289
0.064862
0.063012
0.063526
0.098167
0.066960
0.066247
0.066189
0.069300
0.038424
0.077643
0.069146
0.067822
0.046562
0.079989
0.065004
0.028530
0.019694
0.019215
0.020148
0.039700
0.064041
0.065063
0.058582
0.097015
0.067975
0.066596
0.068285
0.082865
0.067246
0.026238
0.020528
0.032845
0.083117
0.072288
0.070340
0.092252
0.031439
0.022167
0.025772
0.064868
0.061003
0.077553
0.067410
