0.358243
0.074227
0.044573
0.060112
0.060871
0.063469
0.064481
0.068253
0.065334
0.030197
0.022298
0.121054
0.067568
0.060126
0.033400
0.023829
0.020130
0.061156
0.064264
0.091701
0.090711
0.066358
0.065407
0.069005
0.064301
0.037746
0.030463
0.022942
0.063585
0.063269
0.064091
0.065770
0.056414
0.051570
0.031759
0.021453
0.062598
0.065701
0.073720
0.047928
0.101685
0.068164
0.066337
0.067395
0.053355
0.020293
0.079359
0.068136
0.069462
0.053596
0.065513
0.065587
0.067532
0.031469
0.022478
0.073550
0.065309
0.064065
0.054339
0.062446
0.099262
0.066360
0.065552
0.068357
0.067266
0.039597
0.086017
0.095690
0.081077
0.079810
0.083021
0.041976
0.027359
0.020031
0.021836
0.020093
0.062748
0.064828
0.062499
0.052462
0.095940
0.063658
0.063740
0.063615
0.066723
0.068168
0.051723
0.034636
0.025026
0.024015
0.067215
0.068995
0.068127
0.056429
0.051192
0.053060
0.023460
0.021612
0.021158
0.077320
0.104009
0.061573
0.062546
0.066479
0.066106
0.068771
0.065375
0.067672
0.054517
0.081007
0.098973
0.054541
0.055027
0.054336
0.058950
0.028860
0.023535
0.035968
0.072642
0.066063
0.085278
0.065421
0.066141
0.063727
0.065754
0.065578
0.065963
0.026793
0.024231
0.021990
0.064713
0.110463
0.063624
0.062468
0.065839
0.039630
0.021150
0.028851
0.028764
0.023305
0.098957
0.065091
0.069547
0.102455
0.065752
0.063846
0.065895
0.065950
0.035081
0.018144
0.018846
0.018675
0.064098
0.066478
0.069685
0.064343
0.065397
0.057451
0.028792
0.024137
0.025534
0.019516
0.024707
0.062150
0.063473
0.062706
0.060346
0.066008
0.071366
0.076526
0.074659
0.063219
0.064191
0.030341
0.017430
0.017751
0.040786
0.066319
0.066684
0.055904
0.082116
0.063685
0.038833
0.062821
0.069643
0.062453
0.056288
0.062946
0.065996
0.063168
0.067834
0.065885
0.065726
0.057506
0.056367
0.080242
0.111559
0.060476
0.048921
0.057457
0.033080
0.051857
0.034986
0.066474
0.062882
0.092437
0.065798
0.069445
0.076920
0.065952
0.069992
0.062456
0.028044
0.022030
0.022353
0.040082
0.095899
0.079476
0.057404
0.062706
0.048332
0.018651
0.019205
0.020345
0.057949
0.064169
0.059692
0.062894
0.063698
0.066353
0.063922
0.075526
0.112340
0.027693
0.030394
0.048688
0.065802
0.066843
0.055942
0.064160
0.047267
0.023717
0.019862
0.060183
0.065569
0.072701
0.067515
0.064256
0.073967
0.063830
0.065969
0.067767
0.040819
0.034552
0.023424
0.074632
0.066242
0.087149
0.058227
0.077001
0.062703
0.068403
0.150272
0.073279
0.068614
0.065680
0.068346
0.063606
0.076357
0.049250
0.052407
0.018272
0.065573
0.069304
0.068077
0.042629
0.056677
0.063890
0.042466
0.027659
0.028682
0.042994
0.043491
0.075294
0.075160
0.064643
0.063630
0.063425
0.063889
0.065410
0.066321
0.020128
0.021693
0.019039
0.065438
0.064452
0.064436
0.056276
0.052376
0.055185
0.034019
0.021008
0.020021
0.019163
0.022008
0.035145
0.064466
0.064323
0.060127
0.062379
0.065898
0.064131
0.063341
0.063657
0.063603
0.063944
0.023198
0.015760
0.019143
0.062724
0.107626
0.051628
0.061555
0.061055
0.030064
0.024776
0.020908
0.035210
0.062249
0.066739
0.067054
0.064326
0.066174
0.066353
0.074637
0.065778
0.066046
0.066472
0.032977
0.024320
0.039121
0.121687
0.066872
0.058800
0.064416
0.045778
0.033493
0.104660
0.077248
0.071289
0.052282
0.063079
0.065408
0.064087
0.067458
0.065242
0.063042
0.113400
0.095011
0.058367
0.142164
0.051249
0.037025
0.073501
0.064918
0.051490
0.070276
0.066569
0.075816
0.068286
0.064121
0.063828
0.039320
0.023276
0.017983
0.043911
0.066442
0.069203
0.063329
0.059476
0.074654
0.026944
0.024254
0.019646
0.020306
0.062652
0.060731
0.062908
0.064307
0.065351
0.073559
0.077197
0.055708
0.027745
0.065773
0.077296
0.061926
0.057271
0.051147
0.051803
0.025796
0.063520
0.077075
0.054335
0.064461
0.068851
0.066372
0.083450
0.073680
0.064172
0.046585
0.082904
0.081592
0.094582
0.069642
0.063218
0.095449
0.059370
0.044379
0.099805
0.088124
0.052820
0.110437
0.111495
0.092672
0.092329
0.027673
0.020283
0.051049
0.062925
0.064671
0.069166
0.060085
0.070763
0.058824
0.031479
0.026547
0.033802
0.026148
0.022843
0.067020
0.087507
0.063389
0.066289
0.066983
0.086183
0.078268
0.066138
0.050902
0.020826
0.068425
0.085389
0.076208
0.061438
0.064301
0.038812
0.026075
0.020890
0.055049
0.062150
0.096040
0.069386
0.065980
0.074171
0.063697
0.068128
0.066840
0.027382
0.025086
0.070838
0.064356
0.066913
0.054560
0.062068
0.060297
0.033769
0.021199
0.025547
0.025447
0.020109
0.149636
0.069365
0.070716
0.150873
0.065827
0.067652
0.055387
0.021368
0.019830
0.065850
0.066971
0.058152
0.050562
0.052787
0.027179
0.019464
0.037699
0.063291
0.062408
0.063778
