99	237	27	82
103	237	25	82
105	238	24	83
107	241	25	81
107	242	30	81
109	240	31	80
105	244	39	78
107	244	39	77
107	243	43	78
108	239	44	80
105	238	52	81
108	235	51	80
110	236	53	79
114	235	45	78
117	229	38	81
119	228	33	79
120	225	32	83
122	226	31	81
122	224	31	82
120	226	37	81
122	225	36	79
122	226	36	77
122	225	41	79
125	226	38	79
122	225	41	80
127	224	36	81
131	224	33	80
132	226	31	79
135	226	30	78
141	222	25	85
144	224	24	81
146	223	25	81
147	222	27	82
146	222	29	82
145	224	32	78
144	224	34	78
138	226	37	78
134	226	39	78
132	225	39	80
130	223	39	81
129	222	37	82
132	220	30	85
131	221	29	83
132	223	27	79
130	223	26	81
129	224	25	81
128	225	28	81
126	231	32	74
125	230	38	75
123	229	41	75
118	230	43	76
116	235	47	74
117	235	45	72
118	233	44	76
118	231	41	77
118	228	41	77
131	234	27	72
134	231	25	77
133	228	26	80
136	228	27	81
137	229	26	79
136	229	28	78
136	232	31	74
136	228	33	76
137	229	35	76
137	229	37	75
140	228	35	76
139	233	36	73
146	235	32	68
151	230	29	74
152	231	28	73
154	232	26	75
154	232	26	75
157	233	28	75
159	231	28	76
157	229	30	76
156	229	32	76
155	226	33	79
150	226	40	80
154	225	36	80
162	224	26	79
163	224	26	80
165	226	25	79
168	229	24	77
170	230	24	76
169	232	26	74
170	232	28	76
169	230	30	77
168	230	31	74
167	229	33	77
167	228	35	78
169	228	36	79
172	227	36	78
176	230	32	74
182	234	26	69
185	234	26	69
185	233	26	69
186	231	31	71
187	231	34	72
188	230	35	74
188	228	37	75
188	227	39	75
195	226	32	75
199	227	25	74
200	227	24	74
200	228	24	74
199	228	24	75
197	229	25	75
197	228	26	74
195	227	27	77
192	228	29	77
191	229	30	77
189	229	32	78
189	232	32	76
188	233	32	78
189	234	27	76
191	235	25	75
191	237	24	73
192	237	24	75
192	237	25	75
191	238	27	75
190	239	33	75
189	238	35	75
186	237	38	77
191	238	34	73
196	238	32	73
197	240	40	70
202	239	35	70
145	254	31	69
143	249	34	70
152	254	27	64
159	250	22	69
159	248	23	71
157	247	25	72
157	241	29	78
157	242	33	79
159	242	34	77
210	231	27	73
215	233	21	70
215	232	22	70
215	231	24	71
216	231	27	70
219	231	27	69
221	229	26	69
224	228	24	72
230	230	23	71
234	232	20	67
237	233	18	68
239	235	21	66
241	236	21	65
240	234	24	67
242	233	24	68
242	235	26	66
245	235	30	67
251	234	26	68
255	234	22	65
259	236	20	64
262	232	17	69
264	237	18	65
264	236	21	65
265	237	23	66
264	236	26	65
265	237	26	63
265	238	27	63
268	237	26	63
275	238	19	61
277	240	20	58
277	240	18	59
278	239	18	60
278	236	19	62
276	232	22	67
276	231	25	70
275	228	28	71
276	229	27	71
279	228	26	72
281	228	26	71
284	230	25	70
286	230	22	70
288	232	23	70
288	233	22	68
290	234	21	68
289	234	23	71
289	236	25	70
288	236	26	69
286	237	28	69
283	238	31	71
285	239	31	71
293	239	24	70
296	239	19	67
296	239	20	68
293	238	23	67
291	237	23	68
290	235	25	69
288	235	27	67
287	235	27	68
285	234	28	70
285	236	32	67
285	238	32	66
286	242	32	61
287	243	28	60
288	241	28	61
289	240	27	63
288	243	26	60
288	242	27	63
287	242	31	63
285	237	34	68
285	236	36	68
285	234	39	68
283	234	42	66
287	236	36	66
293	238	29	62
295	238	27	63
296	238	29	63
295	236	31	66
295	236	32	66
295	236	33	67
295	236	33	65
295	236	33	63
295	235	32	65
301	235	27	63
304	236	24	63
304	236	23	62
305	236	22	61
305	235	22	64
304	234	25	65
302	233	27	66
298	232	31	69
297	238	32	59
299	240	32	56
303	237	28	58
299	240	32	58
299	245	30	54
300	245	27	53
300	242	26	57
302	239	23	60
301	235	25	63
299	234	27	63
297	233	27	64
295	231	29	65
294	232	30	63
296	231	27	64
299	233	24	62
301	233	23	61
302	233	22	61
303	231	22	62
305	229	22	64
306	232	25	63
305	232	27	63
305	233	27	60
307	229	26	63
303	230	32	63
304	234	31	59
309	229	27	64
314	231	22	61
317	232	22	63
316	229	23	63
315	231	24	65
312	230	26	61
313	233	28	60
314	229	27	63
316	230	27	60
316	226	30	63
316	226	28	64
318	227	25	62
322	227	23	62
323	227	22	63
325	228	23	62
325	226	26	62
324	227	29	63
322	226	32	63
323	228	33	62
325	229	31	58
331	230	25	57
330	231	22	57
332	228	19	59
330	229	23	58
329	225	23	63
327	223	24	64
327	221	22	65
325	222	25	66
324	223	27	64
324	226	27	63
324	225	25	61
325	227	22	62
326	226	21	62
325	226	31	63
325	224	31	65
323	222	30	65
321	221	31	65
320	225	31	65
318	226	32	61
313	225	36	64
312	227	34	61
316	231	34	56
316	236	35	52
328	235	25	53
327	232	30	54
329	233	32	55
330	227	27	59
329	225	26	62
330	226	27	62
327	226	28	61
327	226	28	61
329	227	27	60
332	227	25	58
337	229	22	56
339	227	22	56
339	224	23	60
338	222	24	58
339	218	28	62
339	219	29	63
339	219	29	62
336	221	31	59
338	225	29	54
341	222	29	54
346	218	24	59
346	217	24	59
347	217	23	59
347	216	22	61
346	215	23	61
345	214	23	62
344	215	23	61
341	216	24	62
340	217	24	60
341	218	23	60
342	221	22	58
344	222	20	57
343	223	19	55
340	226	20	52
336	226	24	53
335	229	28	51
333	228	32	54
329	228	34	54
334	224	27	50
334	224	27	50
334	224	27	50
334	224	27	50
334	224	27	50
341	222	23	54
339	221	23	55
350	227	27	50
338	220	28	56
345	219	27	59
350	224	25	56
350	226	23	57
351	228	23	55
351	234	24	47
353	232	24	49
356	234	24	48
362	236	21	47
363	236	23	47
364	237	23	45
364	236	26	46
370	228	23	52
370	228	23	52
372	229	25	50
373	232	25	47
376	227	22	51
377	224	22	54
378	221	21	57
378	220	21	56
382	219	21	57
382	219	22	58
382	217	22	60
384	218	22	59
388	218	20	59
389	218	20	56
388	217	20	57
389	218	19	57
389	218	19	57
389	218	20	57
391	219	21	57
390	220	24	56
388	220	26	56
390	220	23	52
394	220	21	53
393	221	23	51
391	221	26	52
392	218	25	53
392	217	24	53
394	216	23	54
393	214	22	56
393	213	22	58
393	214	22	57
394	215	22	56
395	215	21	55
397	215	20	55
399	216	19	54
401	216	19	53
402	216	19	54
402	214	23	55
403	213	26	57
403	212	26	63
403	212	26	63
403	212	26	63
403	212	26	63
403	212	26	63
403	212	26	63
412	213	26	67
412	213	26	67
416	209	25	63
417	211	24	57
419	210	23	54
420	210	22	54
421	209	22	55
421	209	22	55
420	209	22	54
423	210	21	52
426	211	20	51
427	212	19	50
427	213	19	50
428	211	19	52
429	211	19	53
429	209	21	55
429	209	21	54
428	209	23	53
428	209	24	53
429	208	20	52
429	207	20	51
427	206	20	51
425	204	20	52
422	202	21	50
418	199	20	52
417	196	19	53
415	195	21	56
414	196	21	53
414	197	19	51
415	197	18	53
416	199	19	53
416	201	18	51
417	200	18	53
417	201	22	52
417	201	20	53
416	199	25	57
416	201	37	59
415	201	41	62
416	203	38	61
414	206	38	60
418	206	32	61
419	209	31	59
419	207	29	62
418	208	27	62
418	209	27	60
419	206	26	63
418	211	30	58
415	209	33	61
413	212	33	58
412	210	35	60
411	211	36	60
404	210	44	61
404	211	45	61
404	211	46	61
403	212	47	62
400	217	51	58
415	196	45	70
422	196	34	69
429	208	25	64
430	208	24	57
432	212	21	51
432	214	21	48
432	213	21	49
432	211	21	48
429	208	21	50
427	208	21	51
427	208	22	49
426	208	22	50
423	209	22	51
422	210	21	48
422	209	21	48
422	208	20	47
421	205	19	48
420	204	20	50
418	204	21	49
418	203	22	50
416	204	25	50
416	206	28	48
417	207	29	49
419	209	29	48
420	211	28	48
426	213	24	46
428	213	24	46
430	213	23	45
434	211	23	48
435	211	22	49
437	211	22	48
439	211	24	49
440	211	25	48
439	212	23	47
440	212	21	46
440	213	19	43
438	210	19	44
433	207	20	46
428	204	21	46
424	203	21	46
423	202	21	45
422	203	21	45
418	205	22	44
414	207	23	44
412	208	23	43
411	210	23	44
411	212	22	43
410	212	21	43
408	212	19	44
407	211	19	44
406	210	20	47
405	211	20	48
405	213	19	48
406	214	19	46
407	216	18	45
408	217	17	43
409	217	18	42
408	216	19	44
407	216	21	46
406	215	23	53
403	212	23	53
405	214	23	47
405	215	24	48
408	216	22	46
411	219	22	45
412	222	21	42
414	223	22	41
416	220	19	46
414	220	20	46
416	219	19	46
417	216	19	45
416	215	19	43
416	215	19	45
416	212	18	41
417	210	18	39
417	209	16	34
417	210	15	31
414	205	16	34
414	204	15	33
416	202	15	34
415	201	16	33
411	200	16	33
409	202	17	35
406	204	16	36
401	208	17	34
399	211	16	33
393	212	19	30
390	214	19	29
387	213	18	27
386	213	17	28
386	211	16	29
388	209	14	32
387	209	17	33
385	210	21	33
388	207	18	35
390	211	17	31
390	208	18	35
391	208	16	37
392	210	15	36
394	211	15	37
396	210	15	37
399	208	15	37
402	209	15	34
405	208	15	36
406	207	14	36
408	209	15	34
411	212	18	32
410	212	18	32
410	212	18	32
414	210	22	34
415	209	31	35
414	209	35	35
412	209	40	33
416	207	39	36
416	207	39	36
415	206	39	37
415	206	39	37
417	209	40	36
419	209	38	34
426	210	32	32
435	208	28	38
437	206	22	42
441	205	17	43
444	204	15	46
445	206	17	45
450	200	13	47
453	201	14	47
458	201	11	48
460	201	13	47
464	202	10	43
468	202	11	41
469	200	13	42
472	200	12	42
475	200	13	45
477	199	14	46
477	200	14	46
479	200	16	46
481	200	16	46
482	200	15	47
482	199	21	50
484	195	22	54
486	193	22	55
486	192	20	53
486	190	21	56
489	190	19	54
490	188	20	54
490	188	19	56
490	189	20	54
493	189	17	52
493	189	17	48
496	189	16	48
497	188	16	46
501	189	14	40
503	190	14	38
506	192	14	36
508	192	13	34
507	191	14	35
508	192	13	33
505	192	15	35
507	192	13	35
507	192	14	34
506	189	15	37
507	188	15	38
507	190	17	38
506	188	16	31
507	192	15	32
508	193	14	30
509	194	15	34
509	194	14	37
510	195	13	36
511	195	14	36
512	195	14	35
514	191	14	37
514	191	15	39
515	191	16	39
517	190	17	40
519	190	17	40
519	190	18	42
520	192	18	41
523	191	17	43
523	192	18	43
521	193	20	41
518	192	25	42
514	192	29	42
513	195	31	41
512	195	35	40
511	194	35	41
508	196	41	40
508	198	45	42
509	202	48	41
506	206	52	37
505	211	52	31
506	215	54	27
505	204	56	35
506	208	53	37
507	211	52	33
505	215	58	30
509	217	54	27
505	210	58	32
508	216	55	27
507	204	57	36
506	213	59	30
508	219	58	24
505	211	60	30
510	218	55	23
508	212	56	27
505	219	62	21
501	213	64	25
502	217	65	21
505	207	61	29
504	215	63	23
503	207	66	29
505	213	61	23
