0.277730
0.034775
0.075709
0.093246
0.057053
0.025111
0.088046
0.069218
0.057671
0.073796
0.058923
0.086701
0.069010
0.067016
0.028347
0.075550
0.109497
0.052414
0.063505
0.058420
0.027343
0.080500
0.068307
0.068110
0.067619
0.058553
0.032922
0.024945
0.064030
0.069389
0.068570
0.053005
0.075911
0.021122
0.033897
0.080503
0.072210
0.049620
0.059558
0.055996
0.086952
0.074429
0.067555
0.060460
0.052036
0.034105
0.081104
0.081039
0.064256
0.060453
0.059087
0.023194
0.065600
0.070049
0.069535
0.072871
0.060436
0.055749
0.019658
0.031896
0.101493
0.123098
0.065892
0.064474
0.033632
0.065359
0.072349
0.063260
0.059412
0.065821
0.052007
0.074222
0.073556
0.073052
0.055260
0.053835
0.040499
0.089071
0.068969
0.062614
0.074022
0.020424
0.026492
0.079842
0.071099
0.062571
0.050407
0.067634
0.071659
0.058261
0.020719
0.074245
0.066937
0.060487
0.065967
0.075216
0.060892
0.060700
0.059820
0.115471
0.111643
0.063260
0.071767
0.127234
0.065145
0.051914
0.041962
0.075310
0.075758
0.078495
0.061909
0.075768
0.134456
0.063380
0.079866
0.069962
0.087972
0.064443
0.087849
0.081211
0.099438
0.070216
0.083953
0.084291
0.023329
0.068599
0.075133
0.088285
0.070992
0.109241
0.075389
0.069496
0.063823
0.039116
0.076294
0.074567
0.066613
0.079869
0.072884
0.062261
0.118595
0.066717
0.056003
0.019642
0.072334
0.070160
0.074506
0.039666
0.022149
0.083666
0.074575
0.057296
0.052357
0.033429
0.112415
0.086689
0.065541
0.080204
0.025112
0.076817
0.100721
0.024025
0.079377
0.099659
0.066156
0.057431
0.073706
0.074157
0.070743
0.060667
0.026375
0.076369
0.095133
0.065351
0.030815
0.076656
0.070719
0.064645
0.046807
0.112675
0.117343
0.064823
0.061324
0.129035
0.077236
0.067128
0.092528
0.073211
0.074927
0.029742
0.085950
0.075193
0.058403
0.062015
0.087826
0.076588
0.065890
0.068574
0.080279
0.084689
0.110763
0.021866
0.066598
0.074001
0.069857
0.020206
0.087158
0.064070
0.059712
0.053850
0.023696
0.080934
0.078545
0.102804
0.070801
0.067761
0.064097
0.067843
0.074783
0.099508
0.092132
0.020851
0.083581
0.081326
0.065212
0.057229
0.085930
0.069771
0.070721
0.091642
0.083974
0.053767
0.065751
0.067751
0.096860
0.063216
0.065870
0.061547
0.074494
0.083618
0.089818
0.030053
0.074061
0.082190
0.072430
0.052167
0.042661
0.089056
0.077206
0.063069
0.062574
0.049356
0.092894
0.092877
0.041845
0.033764
0.076967
0.105407
0.037681
0.075915
0.102164
0.064437
0.117173
0.074842
0.064295
0.044505
0.073817
0.076640
0.068419
0.059258
0.076162
0.076697
0.080513
0.040820
0.077667
0.073773
0.064556
0.070172
0.072065
0.071257
0.040166
0.108149
0.055834
0.073524
0.104734
0.074053
0.068475
0.065955
0.079225
0.076670
0.052829
0.067235
0.076031
0.090919
0.056445
0.065944
0.075779
0.066657
0.087518
0.078413
0.091707
0.041052
0.142282
0.076949
0.063652
0.070428
0.075385
0.070801
0.074506
0.048720
0.067938
0.077768
0.054238
0.062798
0.025552
0.129315
0.073855
0.064980
0.039263
0.072413
0.121374
0.075064
0.060551
0.030286
0.078340
0.069526
0.059770
0.057274
0.078314
0.080281
0.067101
0.078121
0.033207
0.111745
0.072047
0.064149
0.028213
0.082627
0.078444
0.079684
0.089024
0.068998
0.074635
0.074962
0.076186
0.063569
0.075467
0.075534
0.069340
0.045032
0.076371
0.074150
0.066916
0.067072
0.053375
0.076286
0.072486
0.064018
0.074515
0.048016
0.122867
0.069637
0.059347
0.049585
0.086792
0.071346
0.089227
0.052547
0.081978
0.085449
0.077252
0.067587
0.044977
0.090961
0.068554
0.061999
0.026775
0.077611
0.075248
0.071038
0.039854
0.073013
0.075789
0.062937
0.060605
0.125161
0.074304
0.065783
0.071501
0.101569
0.061691
0.061472
0.078279
0.084526
0.069965
0.031575
0.079912
0.073574
0.067043
0.071406
0.113645
0.066407
0.065743
0.137497
0.072287
0.087063
0.028190
0.078850
0.109707
0.061438
0.115598
0.029550
0.101627
0.080224
0.064870
0.060657
0.025133
0.120745
0.077430
0.081448
0.082105
0.039395
0.088240
0.077906
0.074509
0.068651
0.029731
0.130304
0.079013
0.068451
0.045067
0.031243
0.104829
0.072879
0.059612
0.057715
0.069070
0.024310
0.074862
0.075169
0.099185
0.080347
0.106919
0.083879
0.073312
0.067781
0.070850
0.077790
0.088373
0.062757
0.083887
0.054263
0.076535
0.077652
0.024065
0.074706
0.065856
0.096343
0.061274
0.064848
0.037089
0.070600
0.076627
0.070575
0.070963
0.096692
0.084607
0.076075
0.034576
0.079714
0.069282
0.041936
0.097592
0.073612
0.071337
0.045033
0.083711
0.066606
0.024694
0.104888
0.098566
0.060690
0.079283
0.055203
0.037635
0.074838
0.067973
0.072607
0.076518
0.072035
0.085018
0.066289
0.039442
0.073690
0.058254
0.037507
0.075710
0.087307
0.022432
0.073029
0.094147
0.079750
0.079881
0.073395
0.059778
0.022867
0.069274
0.058082
0.029901
0.026692
0.054948
0.020698
0.020230
0.023540
0.033653
0.027477
0.020420
0.019161
0.022457
0.030340
0.023407
0.020566
0.026581
0.023923
0.019535
0.021122
0.020965
0.020787
0.025987
0.025283
0.023077
0.027777
0.025663
0.027100
0.029108
0.026198
0.023735
0.017048
0.017385
0.021286
0.023760
0.022894
0.019244
0.020867
0.019394
0.020401
0.019925
0.018836
0.024179
0.023465
0.017763
0.018797
0.028618
0.018807
0.027001
0.035050
0.022478
0.019136
0.017593
0.017939
0.023742
0.022435
0.023303
0.020619
0.026429
0.017601
0.019867
0.019540
0.017014
0.017476
0.019105
0.017035
0.021721
0.023419
0.022759
0.034841
0.017780
0.019758
0.022545
0.020614
0.027741
0.018505
0.020916
0.025328
0.023206
0.026508
0.028584
0.025458
0.023443
0.034179
0.020348
0.026931
0.028988
0.025471
0.023444
0.022721
0.023388
0.022937
0.025177
0.027593
0.028624
0.033834
0.021646
0.028174
0.022452
0.027434
0.027315
0.022384
0.026856
0.023233
0.028112
0.021363
0.022523
0.022685
0.029973
0.023892
0.023746
0.020622
0.019557
0.021879
0.033052
0.026302
0.021337
0.024596
0.021311
0.022124
0.020802
0.017373
0.022060
0.026195
0.025848
0.021572
0.021290
0.023093
0.020262
0.022233
0.024502
0.033310
0.027014
0.018030
0.041358
0.021466
0.025403
0.024232
0.021418
0.021118
0.019750
0.023498
0.023511
0.024131
0.025735
0.022129
0.021200
0.021501
0.022207
0.020175
0.026822
0.020068
0.018709
0.020195
0.025586
0.020008
0.019242
0.023575
0.023334
0.035912
0.020456
0.019676
0.018768
0.027931
0.016731
0.022873
0.018450
0.017983
0.020441
0.019695
0.019972
0.017058
0.020334
0.019341
0.023761
0.025427
0.024329
0.021541
0.025674
0.024620
0.026339
0.023025
0.020675
0.022017
0.029125
0.024691
0.016926
0.017159
0.019871
0.016100
0.019562
0.028912
0.032550
0.016714
0.022886
0.017881
0.020124
0.019525
0.019503
0.023598
0.020548
0.017520
0.019387
0.027879
0.025544
0.025290
0.026320
