0.113734
0.019427
0.017915
0.017621
0.017345
0.021336
0.017943
0.016701
0.056806
0.060285
0.054612
0.068599
0.050182
0.056646
0.016734
0.018251
0.021905
0.019249
0.018017
0.018660
0.021008
0.019711
0.017529
0.017738
0.029433
0.018031
0.022772
0.020231
0.066079
0.018864
0.056555
0.024183
0.062276
0.062977
0.053093
0.019107
0.020611
0.017421
0.018657
0.023396
0.022460
0.022194
0.020628
0.021143
0.018854
0.017845
0.018374
0.019301
0.019068
0.019847
0.018648
0.017841
0.018290
0.017633
0.015770
0.017667
0.066104
0.053778
0.018327
0.066349
0.031701
0.060986
0.063578
0.017126
0.017747
0.028811
0.017492
0.019873
0.018056
0.017489
0.020730
0.018970
0.021210
0.018300
0.018435
0.018007
0.018949
0.016752
0.018490
0.017587
0.025198
0.022974
0.017974
0.019665
0.019003
0.017522
0.016050
0.016430
0.017265
0.016572
0.068254
0.065495
0.057950
0.031940
0.024875
0.075213
0.064229
0.065100
0.022650
0.059840
0.024246
0.018982
0.020459
0.017199
0.020047
0.025092
0.022450
0.020229
0.020239
0.021825
0.018489
0.024427
0.024780
0.021452
0.021677
0.016452
0.017380
0.018098
0.018697
0.021950
0.025313
0.020349
0.020464
0.019131
0.018559
0.021895
0.019584
0.068414
0.065759
0.063811
0.068749
0.061224
0.018407
0.056003
0.018100
0.065663
0.059155
0.017930
0.019087
0.021438
0.024541
0.016612
0.018614
0.015572
0.018962
0.017704
0.020249
0.023141
0.018647
0.020290
0.018652
0.018340
0.021352
0.017250
0.019627
0.018704
0.018023
0.017308
0.016086
0.017382
0.024110
0.019867
0.017156
0.017800
0.017802
0.017478
0.021829
0.020381
0.020929
0.017726
0.017649
0.019873
0.019705
0.018681
0.065376
0.053314
0.058290
0.067169
0.049695
0.020937
0.090376
0.018821
0.019067
0.015982
0.019474
0.028529
0.017467
0.016186
0.017500
0.017837
0.015861
0.017940
0.017934
0.019401
0.019213
0.016315
0.016894
0.021717
0.018686
0.018006
0.022314
0.018045
0.020964
0.019355
0.021754
0.023463
0.019327
0.018605
0.018338
0.020168
0.065964
0.023504
0.060742
0.065129
0.099252
0.053000
0.020019
0.060878
0.020393
0.019800
0.024421
0.022812
0.019830
0.018295
0.022125
0.017265
0.016777
0.016293
0.019060
0.017625
0.021607
0.021073
0.017472
0.028264
0.019669
0.018088
0.025311
0.019475
0.019552
0.019686
0.055516
0.058645
0.032327
0.042872
0.042096
0.061040
0.019918
0.017704
0.018562
0.018078
0.017974
0.019146
0.020570
0.019861
0.017221
0.016735
0.016963
0.017934
0.021208
0.020596
0.022595
0.019193
0.018447
0.018028
0.018063
0.017367
0.016882
0.018972
0.018052
0.019426
0.019742
0.023008
0.018533
0.018758
0.018461
0.023048
0.019630
0.018745
0.018352
0.020228
0.023517
0.018927
0.066181
0.063805
0.022473
0.064446
0.064015
0.047225
0.017943
0.018502
0.018312
0.018341
0.017174
0.018169
0.016688
0.017468
0.018301
0.018105
0.016674
0.022431
0.030063
0.018251
0.017419
0.019849
0.019414
0.029295
0.077979
0.065663
0.065933
0.054571
0.054766
0.019731
0.017010
0.074073
0.061233
0.029633
0.020297
0.017012
0.018477
0.022553
0.023934
0.023962
0.021163
0.018353
0.017916
0.018707
0.015926
0.017592
0.016536
0.016925
0.019569
0.020019
0.018238
0.008954
0.009391
0.009968
0.007813
0.013289
0.010971
0.008891
0.011134
0.010218
0.009614
0.008940
0.008364
0.007501
0.011001
0.012553
0.036597
0.020005
0.020624
0.017500
0.021835
0.011511
0.009600
0.011450
0.009220
0.009170
0.009560
0.009754
0.006996
0.010083
0.024236
0.022352
0.064225
0.051028
0.037635
0.018010
0.017956
0.015355
0.021630
0.015835
0.016564
0.016987
0.016315
0.023030
0.017781
0.018491
0.022449
0.018209
0.022823
0.016839
0.019441
0.018044
0.019009
0.020260
0.019215
0.019826
0.019540
0.020883
0.018199
0.017192
0.019399
0.016465
0.020633
0.065721
0.052155
0.040180
0.069129
0.057470
0.084351
0.065697
0.017899
0.018364
0.073169
0.055248
0.022047
0.017417
0.016992
0.017558
0.022321
0.018271
0.017691
0.017215
0.021833
0.017164
0.025778
0.017176
0.020801
0.017824
0.022969
0.018720
0.023087
0.017843
0.019979
0.018222
0.024342
0.021595
0.021038
0.019573
0.018508
0.021586
0.017262
0.019117
0.022301
0.019328
0.068683
0.050676
0.045220
0.055958
0.076978
0.061407
0.062613
0.030603
0.022058
0.054535
0.019354
0.022680
0.022215
0.019922
0.019832
0.016756
0.031797
0.017281
0.017852
0.018612
0.018549
0.016069
0.024277
0.020354
0.019795
0.018039
0.015510
0.017586
0.017618
0.018872
0.023151
0.023795
0.024581
0.028879
0.019090
0.020491
0.022132
0.025721
0.021206
0.068833
0.051623
0.049680
0.050789
0.048963
0.090735
0.048558
0.020730
0.074742
0.059281
0.021298
0.017183
0.021207
0.018423
0.021075
0.019438
0.021204
0.016770
0.016207
0.017894
0.018019
0.018856
0.017997
0.015964
0.017749
0.025510
0.019060
0.019147
0.018374
0.023725
0.019910
0.029890
0.021954
0.018948
0.022231
0.022118
0.017410
0.020672
0.024304
0.022407
0.020712
0.057981
0.016068
0.065617
0.049076
0.084896
0.061494
0.058544
0.048690
0.019768
0.019967
0.022801
0.017826
0.018700
0.022435
0.029783
0.024076
0.019617
0.019945
0.018928
0.020575
0.021047
0.023907
0.020631
0.021225
0.024552
0.021524
0.020097
0.023630
0.019695
0.020862
0.021031
0.065677
0.075187
0.059020
0.064365
0.068250
0.046794
0.065795
0.085731
0.057732
0.034492
0.019849
0.019829
0.026752
0.037713
0.046846
0.029194
0.058086
0.023957
0.020426
0.020171
0.019459
0.021579
0.017682
0.019089
0.021837
0.020895
0.018955
0.018479
0.021786
0.019073
0.019215
0.020161
0.018274
0.025227
0.022381
0.068085
0.064954
0.064200
0.054793
0.039656
0.068832
0.090368
0.054697
0.032926
0.071455
0.053080
0.021265
0.020482
0.019757
0.020334
0.019996
0.016916
0.017686
0.034769
0.028473
0.019228
0.017666
0.018217
0.019677
0.019387
0.019517
0.021468
0.018044
0.017607
0.018096
0.019729
0.018942
0.018870
0.018162
0.018446
0.025677
0.023698
0.016497
0.024007
0.023167
0.017556
0.064804
0.071016
0.085778
0.064995
0.064723
0.059903
0.065246
0.054931
0.020350
0.018327
0.016132
0.017547
0.016213
0.016752
0.016449
0.019084
0.021956
0.023149
0.022497
0.023631
0.026190
0.028224
0.024660
0.023090
0.020413
0.021049
0.018082
0.024013
0.022873
0.019160
0.023063
0.018244
0.018463
0.023162
0.022619
0.064093
0.067062
0.072031
0.051265
0.067941
0.042570
0.069264
0.060432
0.063729
0.021690
0.030483
0.019816
0.017672
0.021000
0.019554
0.028549
0.019723
0.018267
0.017045
0.020403
0.021088
0.018744
0.024970
0.018809
0.017135
0.025176
0.017771
0.023209
0.023699
0.020184
0.071957
0.064651
0.065528
0.082070
0.056624
0.049980
0.065530
0.018079
0.017783
0.015245
0.017589
0.017955
0.020478
0.014942
0.015766
0.017258
0.016644
0.017382
0.023679
0.018624
0.018619
0.019278
0.035406
0.019411
0.017915
0.017991
0.023107
0.023547
0.027265
0.046054
0.067497
0.064791
0.090408
0.054210
0.062148
0.045901
0.058533
0.028365
0.025258
0.017475
0.022072
0.017049
0.019383
0.017351
0.023236
0.019690
0.018649
0.021231
0.017623
0.017991
0.022850
0.022313
0.091777
0.020315
0.023234
0.063787
0.070401
0.062392
0.019598
0.075225
0.048970
0.022150
0.022796
0.019080
0.019422
0.019483
0.021611
0.018737
0.018247
0.018824
0.020175
0.018789
0.027641
0.024895
0.019444
0.017949
0.020400
0.020526
0.019198
0.021795
0.025738
0.028493
0.027541
0.023664
0.019471
0.020379
0.019113
0.024559
0.025497
0.022617
0.071072
0.063828
0.077101
0.031618
0.064585
0.024271
0.072193
0.020203
0.023768
0.022753
0.020184
0.020530
0.017779
0.020435
0.033826
0.019141
0.020334
0.017690
0.020190
0.016800
0.016641
0.021337
0.037015
0.020308
0.021945
0.021058
0.024819
0.066566
0.062760
0.054077
0.065185
0.054892
0.071535
0.040724
0.057870
0.018516
0.020346
0.023755
0.022585
0.020516
0.028454
0.033848
0.035908
0.025010
0.016397
0.033172
0.023539
0.020587
0.018625
0.017813
0.021171
0.066205
0.056595
0.021959
0.072216
0.054129
0.030321
0.069988
0.065308
0.045166
0.023151
0.018083
0.022180
0.019794
0.018158
0.017396
0.016656
0.022788
0.018741
0.020937
0.021833
0.023393
0.021838
0.074610
0.064418
0.041908
0.027138
0.023670
0.018135
0.064569
0.047482
0.023335
0.092929
0.058590
0.055906
0.024546
0.018359
0.019949
0.018467
0.019413
0.019234
0.019382
0.017638
0.018027
0.019167
0.019536
0.018325
0.021905
0.021151
0.018662
0.017750
0.018351
0.041265
0.035573
0.070136
0.071983
0.033995
0.065211
0.067045
0.056923
0.030959
0.026702
0.066507
0.056541
0.020849
0.065913
0.068806
0.055681
0.023520
0.020793
0.026370
0.020915
0.022424
0.019408
0.018281
0.018349
0.022743
0.019346
0.020076
0.017204
0.022367
0.017572
0.017818
0.018236
0.018660
0.017110
0.017968
0.017591
0.017752
0.017712
0.019029
0.042282
0.075371
0.033912
0.037213
0.049793
0.060437
0.058722
0.091200
0.029423
0.017558
0.018500
0.018920
0.018870
0.019714
0.020288
0.018445
0.018190
0.016933
0.022913
0.022788
0.021612
0.029018
0.021390
0.020868
0.018767
0.035323
0.029646
0.098415
0.059426
0.052779
0.069877
0.055245
0.057820
0.067487
0.060663
0.039734
0.017058
0.016714
0.017689
0.017517
0.021620
0.025882
0.020041
0.017967
0.017662
0.017561
0.016640
0.017291
0.017929
0.021852
0.017598
0.022452
0.018205
0.024059
0.019446
0.020458
0.020832
0.020262
0.017168
0.015988
0.022190
0.090376
0.048961
0.046363
0.077405
0.040875
0.018874
0.023297
0.023325
0.060012
0.054553
0.020397
0.058683
0.034709
0.017202
0.020745
0.015846
0.018236
0.022132
0.035185
0.024315
0.028155
0.025692
0.017347
0.019405
0.016587
0.016928
0.030452
0.042922
0.066960
0.041441
0.070041
0.056300
0.051517
0.018893
0.019846
0.018542
0.022865
0.020090
0.017946
0.059584
0.122756
0.061923
0.051658
0.029107
0.024736
0.028843
0.022426
0.019285
0.017233
0.020227
0.020084
0.019587
0.017205
0.019367
0.023436
0.049906
0.058493
0.034942
0.065065
0.065552
0.071651
0.038390
0.022837
0.020007
0.017352
0.026595
0.022580
0.027635
0.019638
0.019530
0.019037
0.064389
0.055987
0.064827
0.063583
0.055856
0.017850
0.018999
0.017271
0.018751
0.024735
0.020392
0.020628
0.017831
0.018368
0.017283
0.063934
0.062448
0.057449
0.030216
0.019917
0.016459
0.019086
0.018623
0.084178
0.054087
0.018371
0.051415
0.017573
0.017084
0.028866
0.017024
0.019697
0.023989
0.024154
0.020339
0.019862
0.018806
0.018294
0.019731
0.019165
0.017802
0.016796
0.018536
0.018353
0.019894
0.025473
0.078747
0.062079
0.067669
0.082958
0.019360
0.019660
0.017921
0.017801
0.019586
0.018210
0.018806
0.028231
0.022339
0.018036
0.018688
0.017071
0.016390
0.023052
0.020300
0.019492
0.021642
0.018425
0.064844
0.029140
0.064663
0.022760
0.025239
0.018089
0.017710
0.016884
0.023164
0.018833
0.064712
0.024166
0.074546
0.021156
0.022399
0.018705
0.018070
0.019139
0.018485
0.019382
0.034626
0.023360
0.018358
0.016886
0.017644
0.018607
0.077140
0.057236
0.022809
0.052894
0.019335
0.019531
0.017766
0.019394
0.019758
0.018592
0.021716
0.016931
0.019720
0.017969
0.017704
0.022847
0.019038
0.018448
0.017674
0.018859
0.061787
0.034145
0.064398
0.066014
0.021333
0.066642
0.042859
0.064131
0.020131
0.019930
0.017441
0.019297
0.020287
0.044852
0.019331
0.025858
0.017648
0.023724
0.018781
0.066839
0.053669
0.038637
0.067686
0.055240
0.017603
0.017943
0.017253
0.019738
0.019294
0.018848
0.021064
0.058511
0.058192
0.026067
0.070815
0.080293
0.028745
0.017241
0.017111
0.018335
0.017484
0.019050
0.021586
0.019214
0.021297
0.055510
0.051497
0.060484
0.025800
0.065330
0.068323
0.052944
0.064094
0.066136
0.049274
0.073866
0.019284
0.068108
0.035331
0.018231
0.063540
0.055510
0.066162
0.056293
0.017599
0.017504
0.064910
0.055404
0.023271
0.064533
0.065453
0.056303
0.059721
0.040499
0.023724
0.113145
0.056830
0.055405
0.019809
0.064441
0.063765
0.021967
0.063096
0.064965
0.060294
0.052286
0.038357
0.065324
0.056022
0.063009
0.020235
0.063861
0.063545
0.053367
0.064136
0.095456
0.070320
0.028561
0.017946
0.062500
0.064833
0.058804
0.029674
0.018661
0.066649
0.063923
0.054644
0.053149
0.062517
0.028673
0.065954
0.065678
0.071105
0.061134
0.057015
0.037968
0.057297
0.067057
0.028361
0.059759
0.021799
0.018578
0.016999
0.018168
0.017760
0.026268
0.019146
0.019092
0.025955
0.020001
0.059395
0.037881
0.043785
0.017660
0.018297
0.022274
0.018287
0.017905
0.018937
0.018084
0.020850
0.022359
0.033942
0.017404
0.017966
0.017811
0.017577
0.017479
0.017972
0.018203
0.017744
0.017723
0.062057
0.018523
0.019753
0.024786
0.052891
0.015891
0.018876
0.018151
0.017940
0.018016
0.017962
0.017995
0.016730
0.019081
0.018183
0.018462
0.017851
0.018587
0.018875
