256	152	73	210
257	143	68	218
256	133	71	227
256	141	68	217
256	144	71	212
255	143	72	216
256	148	69	213
257	148	70	211
259	141	66	219
255	142	71	219
258	146	67	214
256	148	68	210
256	139	69	220
256	143	70	218
256	149	71	213
258	140	68	221
257	145	69	214
255	143	68	217
253	136	71	220
256	138	71	222
256	141	69	215
253	145	71	214
256	140	67	219
255	129	70	229
252	140	74	220
254	144	70	216
254	137	69	222
254	138	70	222
252	143	73	218
257	142	68	218
254	141	71	219
254	146	70	214
254	144	70	212
254	148	70	211
255	156	71	205
257	158	69	204
257	146	67	216
256	140	66	218
256	135	70	226
254	149	70	211
254	141	70	219
253	145	72	216
255	137	72	223
256	137	67	225
255	140	68	218
252	138	71	223
255	138	73	220
256	144	68	214
258	141	68	215
254	151	72	208
256	147	72	211
255	145	70	214
255	142	69	220
258	136	67	223
256	139	71	219
252	140	71	221
254	135	71	225
259	136	69	222
254	148	73	210
255	146	70	212
257	152	69	208
256	148	68	212
256	142	67	217
257	140	69	219
255	142	70	215
255	146	68	214
257	153	66	206
256	151	70	207
256	162	69	197
256	153	68	207
257	152	68	208
256	147	68	213
256	148	70	210
256	142	67	217
254	147	73	213
254	148	73	212
255	140	71	218
254	133	71	228
254	132	70	226
255	138	71	222
255	144	69	217
256	150	69	211
257	150	69	210
256	146	68	212
255	141	68	219
258	140	70	221
257	137	67	223
256	141	68	220
255	139	73	222
254	143	70	217
256	141	70	220
258	144	67	215
257	139	67	222
255	147	69	213
255	151	70	206
256	143	69	216
257	144	69	216
255	142	68	218
256	147	70	213
256	147	69	213
255	145	71	215
255	143	70	217
255	138	70	221
257	149	70	209
257	146	70	217
255	142	72	222
255	151	71	209
254	137	73	221
257	141	67	222
254	133	70	230
258	134	68	229
254	143	69	217
255	147	67	213
258	140	65	223
255	141	70	221
254	141	67	222
255	135	67	227
254	141	68	222
256	147	70	216
256	146	68	217
258	142	66	220
257	136	69	227
256	125	72	239
256	132	70	232
254	148	69	214
255	141	68	219
256	150	67	211
256	146	70	216
255	145	70	220
256	139	69	224
255	149	71	212
255	151	72	211
257	145	68	218
256	142	67	220
257	143	69	216
255	143	69	219
257	153	69	210
253	160	69	200
258	157	69	207
256	152	68	207
256	148	69	214
256	150	71	213
257	140	67	224
256	141	68	220
256	150	70	211
257	143	67	218
258	136	67	225
256	142	68	219
259	142	69	220
256	138	69	224
256	143	70	219
254	144	72	217
257	149	69	215
254	141	71	221
254	141	69	220
256	132	69	227
256	138	68	224
256	145	70	216
256	152	69	210
258	156	68	206
256	153	68	208
256	147	69	214
256	150	69	212
256	150	68	211
256	146	69	216
255	142	70	221
257	141	70	220
255	145	70	217
256	145	71	220
256	144	68	218
256	144	70	217
256	142	67	221
257	148	70	214
256	146	69	215
256	140	69	222
255	136	70	225
257	139	66	225
257	132	68	227
253	136	70	226
260	144	63	217
255	147	69	215
256	139	67	223
257	146	68	215
256	147	70	216
256	145	72	218
257	147	68	217
257	137	65	223
255	145	68	218
256	143	69	218
257	136	69	224
256	140	66	223
255	139	67	222
258	145	68	216
257	138	67	222
258	143	68	220
258	141	68	220
256	136	69	225
255	147	68	215
255	144	71	218
256	146	67	216
256	137	70	226
256	142	68	221
256	141	68	222
256	141	70	221
256	133	70	229
254	144	71	217
256	146	69	217
259	138	69	227
254	133	71	227
257	137	67	227
257	147	67	216
256	136	68	227
258	140	67	225
254	146	67	219
256	138	69	224
254	138	68	224
258	143	69	219
255	142	68	223
255	138	68	225
256	149	68	213
257	141	67	222
258	144	67	219
256	137	66	223
257	146	71	213
259	146	68	218
257	144	66	219
257	143	68	219
255	150	67	212
261	146	66	217
257	137	67	226
255	137	70	227
256	143	66	220
256	143	65	218
258	146	69	218
257	152	66	210
257	157	66	207
257	159	70	205
259	154	65	208
255	149	68	214
257	153	69	211
256	161	68	204
257	160	68	205
256	149	68	217
257	141	67	224
257	140	69	223
255	139	67	224
256	145	71	216
256	144	65	218
256	145	69	216
257	142	67	220
256	139	67	225
257	134	67	230
254	144	69	217
258	147	68	216
256	150	69	213
254	145	71	218
256	150	69	210
256	149	67	213
258	147	67	214
257	145	67	218
256	149	68	212
256	146	68	212
256	137	67	225
256	141	68	222
256	149	69	211
256	151	69	210
257	149	66	213
256	143	69	218
257	143	66	220
258	145	67	217
257	145	67	216
258	151	64	211
256	156	69	207
258	157	66	204
257	162	68	201
256	160	66	201
257	152	67	211
257	157	67	204
257	146	66	218
256	140	69	220
258	145	68	217
253	140	70	221
256	142	70	220
257	135	68	224
258	135	66	225
256	131	66	228
261	133	66	229
257	141	69	220
255	153	69	207
258	152	67	212
253	153	70	207
255	148	68	214
258	147	68	211
256	156	68	206
258	158	65	203
256	152	67	207
257	142	69	218
255	150	68	212
258	143	68	210
254	164	71	197
257	170	69	190
258	179	65	182
259	168	67	191
257	174	66	182
259	170	67	193
254	156	72	202
256	164	68	192
260	162	66	190
259	164	68	194
258	171	65	187
259	166	65	189
257	162	65	193
257	159	66	201
255	163	68	197
250	161	73	197
255	166	68	193
254	165	64	193
255	151	66	203
253	154	69	198
256	149	65	203
253	145	70	203
255	145	70	201
252	143	65	198
250	139	68	199
251	137	69	199
249	132	66	200
251	124	71	207
247	118	70	208
244	113	72	209
245	109	72	209
242	112	71	199
241	108	68	198
239	98	67	200
235	97	68	189
234	97	64	188
229	104	63	176
226	91	60	184
221	93	61	179
217	91	60	175
211	90	65	174
208	87	64	172
207	84	62	174
201	77	64	174
195	74	67	176
187	71	75	176
186	68	71	175
185	63	70	178
183	57	67	178
179	56	68	180
177	56	69	175
175	58	69	172
172	59	64	168
167	52	67	173
161	55	68	168
150	53	76	169
148	55	75	169
144	62	70	161
142	55	63	166
135	56	66	167
130	58	69	178
124	61	71	177
121	66	74	169
113	71	77	163
110	68	77	164
106	67	76	166
101	70	73	163
94	66	69	169
89	59	63	178
84	59	67	180
77	66	68	176
74	67	70	178
67	67	73	178
60	74	76	171
54	75	76	172
49	72	76	181
44	60	76	198
38	73	76	184
31	75	77	187
26	75	78	192
12	71	87	199
2	64	94	211
0	64	91	216
-3	62	85	217
-3	57	84	233
-1	62	78	231
-5	59	77	233
0	61	67	233
-1	66	70	229
-3	66	68	235
-3	58	65	244
-20	63	85	245
-4	78	64	232
-14	82	72	231
-5	98	61	217
-5	103	57	215
-2	111	58	213
-4	103	65	225
-4	100	65	229
-1	104	67	229
-2	96	72	242
0	90	74	251
-2	96	82	249
-4	87	85	265
-3	72	86	282
-6	81	101	283
-6	84	108	285
-7	84	114	289
-5	94	120	281
-5	88	126	290
-4	71	130	301
0	76	133	308
7	73	129	302
6	81	137	302
12	89	138	295
17	100	136	293
27	109	132	281
36	109	126	282
50	95	118	292
53	82	141	312
56	91	160	301
67	107	147	286
85	107	133	272
95	119	122	267
105	106	115	273
115	113	112	269
128	86	111	291
133	90	116	292
136	82	120	299
138	104	127	275
143	109	134	265
146	116	138	254
177	121	111	249
194	108	102	256
207	107	98	252
218	100	94	260
218	106	95	251
228	102	88	251
237	118	82	237
240	111	77	252
243	110	82	251
246	110	80	249
247	123	78	233
250	130	75	223
253	125	74	227
250	131	75	224
252	139	72	213
253	125	70	224
259	121	70	230
256	129	68	223
257	140	69	214
251	155	70	192
254	162	67	187
258	157	63	192
253	165	67	182
259	156	65	192
253	155	67	194
255	151	67	194
256	141	67	205
255	144	67	202
256	144	67	205
257	152	68	200
255	153	63	193
256	145	67	203
255	142	63	205
257	138	64	209
256	144	66	203
257	142	67	206
257	150	63	199
256	140	66	210
256	144	69	207
253	140	66	207
258	144	65	205
257	137	64	209
253	141	64	206
255	135	66	214
254	145	66	203
255	143	66	205
255	144	66	205
259	140	64	210
255	129	65	223
255	127	67	224
254	135	63	217
259	140	67	212
255	142	67	207
257	142	65	206
256	141	64	209
255	136	67	212
256	142	69	207
256	139	64	210
254	135	68	214
253	128	72	223
254	133	68	216
256	146	68	202
253	136	66	214
256	149	66	199
255	145	64	205
256	134	67	216
256	140	66	211
256	146	62	205
256	143	67	209
256	138	67	217
259	136	63	217
265	136	55	214
269	136	51	212
254	132	65	222
240	123	88	231
256	125	91	226
256	117	118	230
257	111	150	238
251	124	189	230
247	119	197	233
243	130	209	218
242	128	231	216
211	127	193	219
242	149	161	197
232	142	113	209
253	147	74	203
253	142	68	208
253	138	70	209
252	144	69	207
252	137	72	213
254	133	70	214
254	136	67	215
258	138	67	210
256	142	63	206
256	136	68	210
253	143	68	207
255	146	67	204
256	143	66	205
255	159	67	190
256	152	68	200
256	147	65	202
255	144	68	206
255	148	64	203
255	144	67	205
254	141	69	209
252	147	71	204
257	137	62	214
255	136	65	213
258	139	67	209
254	142	65	207
256	150	68	199
254	146	65	205
256	146	68	204
254	143	65	207
253	139	69	210
255	145	66	206
256	139	65	210
254	141	66	209
254	147	68	201
256	142	65	208
256	143	67	205
256	145	64	204
258	147	65	201
253	140	67	208
256	143	69	207
253	145	66	204
256	142	67	206
258	151	62	196
256	146	64	201
256	136	65	210
256	134	66	212
254	151	65	192
258	144	63	203
258	146	63	201
256	153	66	195
255	148	65	202
256	149	65	200
256	153	66	194
257	142	66	204
254	133	68	212
254	133	68	216
257	134	66	213
255	141	65	207
257	142	67	205
254	142	66	204
254	135	71	210
254	141	66	208
257	141	68	209
253	136	67	211
259	144	64	204
253	139	66	208
257	138	67	209
253	141	65	208
257	138	67	211
253	145	67	204
255	143	67	207
255	133	65	216
254	142	70	207
255	137	67	214
256	137	67	213
255	139	64	210
251	140	69	208
256	150	68	200
254	144	66	205
254	136	70	212
253	126	65	222
256	143	67	206
254	135	65	211
255	152	66	197
253	153	67	196
255	146	66	205
254	144	65	207
257	158	63	195
253	165	70	185
256	187	68	162
255	189	66	158
258	168	62	179
253	154	69	195
253	148	63	200
258	138	67	210
251	141	69	208
256	150	64	201
259	144	64	205
256	153	68	195
255	156	68	195
255	157	66	194
255	156	67	191
253	153	67	197
253	148	70	202
257	133	65	218
254	139	66	210
256	131	64	216
255	138	69	209
252	145	66	203
260	140	66	207
254	131	66	217
258	130	63	220
255	134	66	214
256	132	63	218
258	136	66	210
253	131	67	219
253	129	66	222
257	133	68	214
253	151	64	196
258	152	66	194
252	146	66	202
256	143	65	207
256	145	67	205
254	148	67	200
254	138	67	211
258	137	66	213
253	136	69	214
255	138	67	211
255	133	66	214
256	138	67	210
256	139	66	207
253	144	67	204
256	137	69	211
252	138	68	209
259	143	63	206
254	147	62	200
254	135	69	214
252	143	68	204
256	140	68	210
252	136	69	211
258	137	67	214
254	127	68	222
253	127	68	220
255	139	66	208
254	138	68	212
257	138	66	214
255	141	63	209
254	140	68	207
256	145	67	203
256	144	65	205
253	137	69	210
256	140	66	209
253	147	69	202
253	141	69	208
256	143	64	208
254	140	68	209
256	144	65	203
259	135	66	212
254	143	65	204
254	140	69	207
253	137	66	211
256	137	67	211
257	137	67	210
252	135	66	213
258	134	66	214
256	138	66	209
255	138	67	210
255	144	65	204
255	138	67	210
253	139	66	210
252	148	70	200
256	139	64	209
255	144	67	204
255	136	68	212
253	142	66	208
256	135	65	212
253	138	65	209
254	138	68	212
254	141	68	208
253	140	67	208
254	141	66	207
255	129	69	220
252	132	71	217
255	138	68	213
255	137	67	212
254	139	66	211
253	142	67	207
256	139	64	209
256	137	68	212
256	146	65	204
253	139	69	210
256	136	67	215
254	133	69	218
251	141	70	210
255	138	68	210
254	136	68	216
254	141	67	210
256	154	67	196
258	165	65	184
257	158	62	193
254	146	67	205
255	145	71	207
252	139	68	212
254	138	69	212
255	132	68	219
252	129	69	223
259	132	57	218
256	129	51	218
256	161	52	204
268	201	79	207
268	201	79	207
268	201	79	207
268	201	79	207
225	162	98	241
218	147	103	256
211	140	107	259
196	130	125	273
178	141	145	265
167	132	156	269
161	135	173	270
154	130	175	272
142	137	180	266
129	141	135	263
240	110	93	241
253	133	70	215
253	135	66	216
259	140	63	209
257	139	65	208
255	135	66	212
257	137	66	213
255	140	64	211
257	137	66	213
258	134	62	216
256	141	67	206
254	146	66	202
256	144	66	204
254	144	66	204
259	134	63	213
256	139	66	209
254	144	64	205
257	139	65	210
255	133	61	216
258	137	68	211
254	143	67	206
254	136	66	213
253	134	66	214
254	138	68	209
252	135	71	215
254	137	66	215
257	136	69	214
256	147	69	205
253	137	66	218
262	135	62	218
267	138	55	213
276	147	44	199
273	144	48	213
273	144	48	213
260	173	70	217
264	154	79	235
264	124	92	268
270	117	107	278
251	114	108	274
250	117	99	260
253	129	72	225
253	128	69	227
253	136	69	215
255	138	70	213
252	134	69	216
255	131	68	221
254	135	67	216
256	144	69	207
256	141	64	210
254	144	69	207
256	139	67	211
256	149	64	201
255	154	66	195
255	149	67	201
251	140	69	209
255	140	67	209
255	143	67	207
254	143	66	207
255	141	69	210
253	139	66	212
259	137	68	214
254	135	64	216
255	145	63	204
260	148	67	200
255	139	66	211
253	140	68	208
255	142	64	206
254	138	67	209
254	136	66	213
252	134	66	214
257	129	64	222
257	134	62	214
254	133	66	215
255	145	65	203
254	138	67	210
254	138	62	212
255	134	68	214
252	130	67	216
257	141	68	207
253	138	64	210
257	140	65	209
257	144	63	204
257	142	66	206
255	131	65	218
255	133	66	216
253	136	68	214
256	134	64	212
256	134	64	214
252	136	66	212
260	136	64	214
254	141	66	207
252	144	70	205
257	141	67	211
251	136	69	214
256	137	65	214
255	138	65	213
253	135	69	215
256	149	66	202
255	142	65	207
254	145	68	203
255	141	64	208
255	141	69	206
255	146	65	203
255	145	69	205
257	143	63	208
253	137	66	210
257	137	67	212
253	138	66	210
255	136	67	214
253	135	71	213
252	145	70	206
258	147	69	203
252	148	69	201
257	152	68	197
254	159	64	187
259	160	61	187
258	163	61	183
256	161	65	184
255	158	67	188
253	159	70	188
255	160	66	188
256	159	68	193
258	165	68	193
264	174	67	184
269	172	72	195
276	181	74	190
284	184	74	195
297	180	77	203
310	184	78	201
325	176	98	219
338	169	94	226
354	169	88	229
368	172	97	227
392	171	134	229
411	169	116	230
429	163	99	241
446	158	91	245
453	159	91	248
459	172	91	233
457	173	95	229
460	169	96	235
460	169	96	235
460	169	96	235
460	169	96	235
462	165	95	240
459	168	95	236
460	166	97	237
459	153	95	251
459	153	95	251
460	155	96	249
460	154	98	252
460	152	96	256
460	157	96	248
461	162	97	245
460	153	97	251
460	158	96	249
462	164	96	241
461	166	97	239
460	162	96	243
459	159	98	243
461	151	95	256
459	153	101	254
460	162	100	241
460	155	98	248
463	159	98	248
465	154	98	249
469	150	91	256
470	142	88	263
470	159	88	243
471	167	90	241
470	163	92	237
470	169	91	236
471	176	93	228
471	169	86	231
470	162	90	242
468	165	97	243
466	164	100	234
469	167	91	234
469	169	93	234
471	175	88	233
469	172	95	234
470	175	91	228
469	174	95	232
473	161	92	247
470	168	88	234
471	175	93	234
470	172	95	234
470	170	94	232
471	177	90	232
472	171	91	240
470	166	88	241
471	167	92	241
471	172	88	230
468	167	97	240
468	168	95	234
470	173	96	236
469	162	92	242
468	166	96	244
472	171	87	234
472	161	94	247
467	166	90	240
472	168	92	241
470	168	93	239
472	164	93	237
469	166	93	242
471	167	95	238
470	167	92	241
471	164	94	243
471	167	91	240
469	167	97	237
469	167	91	238
470	177	95	233
471	180	88	226
471	167	89	235
469	167	96	245
470	159	89	243
471	165	90	243
470	167	93	237
470	169	89	240
471	168	92	238
470	168	91	236
469	175	94	233
471	162	93	240
471	167	89	245
471	158	93	246
467	166	94	241
471	171	95	236
470	166	89	238
471	168	94	241
472	169	88	236
470	165	93	245
467	165	96	237
470	170	93	242
471	171	95	237
471	168	92	236
469	172	93	234
472	170	92	240
471	170	91	237
474	176	92	236
470	176	90	227
469	169	93	233
470	166	93	242
470	171	89	236
471	163	91	244
467	167	96	241
470	169	92	235
470	173	96	238
470	165	92	235
472	179	84	227
472	166	90	243
467	172	92	229
468	171	99	237
469	176	91	223
472	177	92	233
473	173	84	233
471	170	92	238
470	171	92	237
473	167	88	237
470	173	89	235
469	167	96	235
470	168	92	241
470	167	95	236
468	173	90	227
469	170	96	239
471	171	86	231
469	166	96	243
467	161	93	241
469	162	88	248
469	167	90	241
468	162	91	241
464	171	94	237
467	180	85	222
466	172	92	235
468	158	92	250
465	170	91	238
466	174	83	235
470	170	87	240
466	175	91	230
462	175	93	233
465	173	90	232
465	178	92	229
466	174	86	229
467	185	87	222
470	199	87	209
464	201	92	203
467	206	88	199
466	189	87	213
466	179	90	230
468	165	89	245
464	165	95	244
466	168	88	237
470	172	87	235
465	171	94	240
466	172	92	235
466	186	88	219
465	183	91	222
467	179	90	230
466	172	87	233
468	191	86	214
466	200	86	205
466	196	86	208
468	189	88	213
465	191	91	215
468	196	88	211
467	185	90	220
467	189	92	219
465	181	89	224
467	171	88	236
464	166	84	237
466	172	90	235
468	178	91	230
466	177	83	227
466	177	89	231
464	174	91	230
463	175	91	232
468	174	91	239
467	169	95	240
466	180	85	225
467	176	90	233
464	186	94	217
463	173	91	231
470	171	87	237
466	175	88	231
465	173	90	235
471	165	82	244
467	165	84	240
470	168	83	241
460	177	98	229
465	171	94	236
466	164	90	244
464	160	92	247
468	170	94	240
462	172	90	235
469	171	88	237
466	179	88	225
464	170	96	236
470	162	84	244
469	160	84	242
466	160	93	243
467	170	94	240
464	181	91	222
465	169	91	237
465	176	89	232
464	181	94	230
467	174	90	241
460	176	92	239
445	181	104	244
439	187	101	242
434	192	103	249
430	193	98	259
418	194	95	266
371	203	130	261
362	202	116	259
338	196	122	252
313	190	141	254
273	186	196	218
224	189	249	207
167	185	313	204
164	160	316	226
194	170	287	217
147	166	336	223
113	166	370	225
74	164	410	225
170	178	363	201
170	161	321	221
140	175	346	216
115	169	375	216
86	186	398	201
125	177	367	209
90	169	396	221
160	178	456	199
71	175	422	208
121	187	371	194
80	182	401	203
110	175	383	210
73	187	414	199
131	188	362	196
112	174	380	209
72	157	413	234
134	177	381	202
76	177	419	213
136	183	401	199
82	188	405	198
74	179	417	206
67	183	422	203
60	183	427	208
152	184	347	205
153	183	340	196
110	178	377	211
60	188	431	194
46	181	451	205
51	175	446	211
47	185	447	202
49	180	450	212
32	167	465	225
64	165	431	219
37	158	454	224
62	165	436	215
50	160	445	225
52	163	441	219
37	175	459	207
61	152	434	233
33	166	457	214
57	148	440	237
44	149	447	235
52	153	431	227
31	159	464	228
50	154	435	231
53	150	434	232
42	151	442	235
56	163	433	224
35	154	452	231
55	152	436	237
48	148	436	236
57	150	428	238
53	146	432	240
49	163	431	218
21	156	471	232
56	161	446	226
41	151	447	234
49	147	433	237
59	146	442	248
44	154	452	233
59	155	428	234
51	154	433	230
48	150	435	230
55	159	441	227
44	168	450	212
20	150	472	232
49	161	453	224
31	160	464	221
55	165	442	217
44	148	443	235
42	133	447	252
47	153	441	219
38	151	453	236
43	150	438	227
51	162	434	212
24	154	465	225
51	165	442	212
28	159	466	218
50	167	451	210
44	174	461	200
41	163	453	206
43	154	448	214
57	162	450	178
72	161	431	179
83	159	427	161
71	159	434	166
105	152	402	165
150	168	357	147
128	169	379	148
87	172	419	147
104	182	397	136
121	163	373	149
73	167	423	151
68	159	424	165
99	165	403	162
127	176	384	136
95	180	409	138
121	162	378	153
66	157	410	163
89	155	422	168
101	180	415	135
114	165	392	151
134	174	372	147
141	173	362	147
145	180	355	139
138	172	358	148
157	171	340	148
160	170	332	146
112	177	387	142
128	178	369	140
145	175	350	142
153	171	342	149
155	173	341	146
152	176	341	143
147	179	345	144
141	180	354	138
147	179	347	140
138	174	355	141
147	184	348	135
136	171	357	149
139	166	358	150
139	160	359	154
118	154	391	168
95	145	413	178
80	169	428	162
85	166	417	152
105	170	392	152
104	165	394	157
131	160	366	161
126	166	373	151
114	162	394	161
124	157	371	169
131	145	355	183
146	152	344	178
148	138	334	192
151	145	340	185
154	145	327	186
156	156	348	179
156	162	284	162
157	165	318	154
151	167	336	153
150	176	342	141
154	174	337	153
155	165	329	156
151	169	340	154
151	166	338	153
148	166	344	154
147	155	361	166
141	153	388	169
147	156	392	172
148	151	395	174
149	151	394	173
154	152	381	166
157	146	380	175
150	156	388	165
157	162	380	162
156	154	379	171
157	164	379	154
153	152	381	183
150	164	381	155
156	165	381	159
161	166	376	157
156	165	378	154
157	168	376	153
158	153	378	173
152	155	380	168
152	153	379	170
151	158	385	168
147	154	393	170
152	152	388	170
151	153	391	173
153	163	386	161
153	160	388	162
155	154	385	171
153	156	383	167
153	147	383	177
154	133	384	194
154	128	387	203
147	117	406	208
153	112	399	206
153	123	408	216
150	123	401	207
144	146	412	197
144	147	415	193
162	176	395	161
141	170	425	155
170	178	391	134
157	184	404	134
128	178	420	140
111	179	448	143
105	174	454	153
94	177	471	146
94	177	476	150
84	180	483	143
82	179	483	148
83	181	484	144
77	176	494	146
63	157	507	168
63	160	513	169
63	166	499	159
67	168	506	159
74	177	498	146
76	177	497	140
76	170	489	155
80	170	489	154
80	168	486	155
81	174	489	156
77	174	492	147
78	173	488	157
77	183	490	139
82	182	483	141
81	174	480	155
79	170	487	155
79	173	486	160
76	168	501	161
75	169	477	162
67	160	492	175
40	152	519	182
63	151	505	182
63	157	507	180
59	157	497	178
56	163	501	163
57	163	501	168
58	173	501	151
67	154	491	172
52	174	501	153
58	164	498	156
58	162	501	166
58	166	505	156
61	157	500	171
59	172	506	155
63	162	499	160
62	171	500	155
65	165	499	159
58	178	511	153
64	168	503	151
66	166	495	162
54	172	512	155
55	162	508	160
55	155	511	175
67	160	498	170
51	165	505	163
64	157	495	165
46	167	515	162
56	170	508	150
58	166	506	162
56	155	502	174
61	161	506	172
53	170	495	164
57	168	503	167
48	182	500	144
58	190	486	133
73	189	486	136
57	182	492	144
60	168	483	164
80	163	478	172
67	171	480	150
75	176	478	146
74	169	479	160
76	169	473	157
75	167	475	156
72	179	483	147
74	165	484	158
73	174	488	149
78	172	481	148
76	170	478	154
76	175	474	142
74	174	482	151
72	171	483	149
74	169	482	153
72	169	487	149
72	160	483	160
67	175	490	149
77	170	484	150
74	171	482	151
71	161	482	161
66	171	493	154
68	168	486	152
72	167	477	156
70	165	483	158
65	179	492	145
72	169	483	147
70	162	488	163
65	171	483	156
73	178	482	147
76	153	481	173
62	173	487	159
63	169	489	156
59	178	491	147
66	173	483	158
57	172	490	154
56	175	492	155
48	178	497	147
54	168	487	157
41	161	503	171
64	172	474	161
55	165	485	164
53	166	493	163
51	176	496	159
38	180	508	143
47	178	499	157
67	167	482	165
74	161	480	174
58	156	482	178
77	171	477	163
67	152	490	181
61	160	490	176
78	158	492	180
60	155	485	179
76	140	486	197
49	147	501	190
69	153	500	185
50	150	496	190
63	149	501	186
50	157	498	179
69	150	495	188
72	161	478	175
54	183	499	153
52	171	496	151
56	174	493	157
62	175	489	149
69	181	486	149
77	175	484	145
57	175	493	153
64	177	488	140
73	178	483	147
76	170	481	155
74	168	487	158
70	168	494	158
69	165	494	157
74	165	485	163
67	173	492	153
68	160	496	164
55	177	498	152
53	171	500	156
49	173	502	150
54	173	496	154
55	165	495	156
60	172	490	154
59	182	492	142
70	170	478	158
67	166	485	162
55	172	494	159
51	169	498	159
56	157	495	178
56	180	501	155
42	160	512	166
62	170	498	161
57	172	496	150
62	165	491	162
61	157	491	178
74	163	497	175
54	174	493	151
67	172	484	160
66	169	489	162
67	163	490	167
50	172	504	158
56	179	497	154
58	158	491	167
60	171	490	162
53	160	500	169
70	171	489	158
67	164	491	154
73	170	485	159
71	182	490	136
78	184	481	145
75	180	483	139
85	175	471	151
77	172	480	149
79	170	483	158
75	172	482	154
75	179	489	148
78	176	482	152
76	170	481	159
72	164	484	167
62	173	479	149
57	170	488	158
49	161	500	169
65	150	488	180
38	159	508	175
61	152	493	173
52	154	484	176
72	159	480	172
57	162	491	164
42	171	507	159
73	166	476	154
66	159	481	172
56	174	487	151
56	189	491	133
72	175	474	139
73	179	473	145
75	177	470	139
58	181	486	144
65	180	479	142
69	168	475	158
61	174	485	155
62	171	483	152
54	174	488	157
39	178	504	154
62	169	476	156
63	170	486	160
54	169	495	163
44	155	512	176
69	167	495	171
57	176	492	154
49	179	498	146
48	172	497	158
50	182	495	153
33	176	516	153
38	185	507	152
20	180	523	148
62	170	505	157
59	173	501	161
46	179	512	147
48	167	502	167
71	176	481	161
57	177	500	147
61	169	490	159
54	179	493	151
51	178	494	144
54	177	488	152
53	178	489	146
62	169	474	160
54	173	491	160
59	174	489	151
55	176	492	155
53	161	493	163
44	179	506	149
50	176	497	149
51	174	494	156
52	161	491	161
48	177	500	152
53	172	491	152
54	152	487	174
55	159	496	173
47	156	509	176
66	140	484	185
54	168	485	160
60	174	485	155
52	158	501	171
57	173	498	154
55	152	496	178
24	174	525	158
56	164	506	161
53	175	498	157
47	169	507	159
55	167	498	169
49	153	510	180
62	156	481	183
65	170	481	174
52	152	486	184
73	140	481	206
71	133	475	215
57	142	492	202
72	170	477	159
64	173	492	154
62	185	493	134
71	182	473	142
70	184	477	135
75	177	473	149
82	181	473	147
81	177	476	146
75	177	486	148
76	173	485	144
79	175	483	153
74	169	492	146
71	168	491	155
70	171	502	155
72	166	494	155
70	161	499	161
67	168	490	158
67	168	496	151
68	166	494	155
67	175	498	151
71	171	500	146
71	184	492	134
67	174	489	140
67	168	494	154
68	173	497	146
73	174	492	153
72	174	496	144
70	169	496	154
70	172	493	146
69	166	493	155
68	167	496	151
69	161	505	161
66	165	495	159
66	172	502	146
65	182	508	141
67	181	500	137
68	177	495	141
75	181	491	139
75	178	488	140
52	178	510	142
57	178	510	141
46	178	522	140
12	175	547	145
3	166	554	156
-2	156	564	167
0	158	561	168
15	171	551	150
11	164	547	159
37	174	526	141
46	171	512	156
96	175	464	146
133	171	430	148
138	171	411	154
143	171	419	158
132	173	416	149
141	159	408	166
140	156	408	171
141	163	403	169
141	154	404	175
141	156	406	175
145	135	406	189
146	140	409	184
137	132	419	192
144	153	403	176
142	157	406	171
143	149	409	171
143	148	405	182
143	143	405	179
140	139	408	188
138	158	415	168
138	144	410	181
138	141	412	184
138	132	403	199
140	132	412	194
139	165	415	157
134	173	414	152
139	173	416	150
134	166	419	157
132	171	419	155
140	175	413	152
132	167	411	151
134	172	421	153
127	171	418	159
138	164	394	160
130	167	409	159
135	169	405	156
130	164	404	162
137	165	379	162
135	173	363	151
139	172	386	153
136	164	416	165
135	147	413	182
137	154	407	173
136	160	408	164
130	157	414	169
133	169	408	160
137	165	407	163
134	160	409	168
137	164	399	161
126	157	411	169
134	155	404	168
135	156	401	168
137	158	404	168
137	161	397	165
131	161	381	158
137	156	407	167
130	173	408	149
123	159	406	161
134	165	419	157
121	169	415	151
133	170	379	159
137	158	380	165
131	164	353	160
132	174	375	150
136	173	403	154
121	172	413	148
127	164	419	158
117	160	427	163
129	170	411	158
120	162	422	160
125	160	409	165
129	158	420	170
128	167	410	164
133	169	400	158
134	163	413	168
131	162	411	162
133	160	385	165
134	165	394	160
132	163	380	163
132	166	364	161
133	160	381	167
129	167	369	152
135	166	367	151
133	165	391	157
137	165	362	159
129	159	331	167
226	177	320	146
135	170	343	151
134	169	361	149
132	164	349	158
135	170	354	154
130	169	347	152
160	174	382	151
133	158	404	168
128	160	403	166
129	156	402	168
128	164	407	162
128	165	409	160
133	160	419	165
126	162	416	164
129	174	404	152
124	168	411	156
137	162	418	161
118	169	424	158
132	168	415	159
119	165	415	157
129	162	421	160
122	169	414	156
135	157	420	168
131	164	411	165
129	167	405	156
133	166	414	161
122	168	415	158
136	161	412	164
121	163	418	161
129	158	419	163
129	171	406	154
133	166	424	161
124	160	421	163
120	166	420	159
127	151	415	175
127	157	409	170
130	168	388	160
136	168	414	157
118	159	420	167
128	160	411	163
121	165	395	159
130	159	414	168
129	162	407	164
131	167	399	159
128	163	402	158
131	164	386	157
138	162	357	159
135	170	354	155
136	175	379	150
