84	53	62	70
86	56	61	69
89	57	60	65
91	58	60	65
90	58	60	64
92	58	59	64
92	57	60	67
93	58	57	65
92	57	58	64
90	57	60	64
90	57	59	64
88	56	59	65
88	56	56	65
86	57	58	64
85	57	56	66
83	57	57	66
82	59	55	64
80	59	57	64
80	63	56	61
78	64	56	60
78	63	56	64
78	65	55	63
77	63	56	64
78	65	57	61
78	64	57	62
79	63	56	62
80	65	55	58
82	61	56	63
83	63	56	58
84	62	56	60
86	62	55	59
86	60	57	60
87	59	56	62
90	59	56	62
90	57	58	66
91	58	56	63
92	59	56	60
93	59	57	61
96	60	54	59
95	57	55	65
97	61	55	58
97	59	56	60
97	60	56	61
99	60	55	61
98	60	57	61
99	61	56	61
99	59	56	62
99	62	57	60
101	60	55	63
100	62	56	59
99	61	57	62
100	63	56	60
100	60	56	64
99	61	56	63
99	61	55	61
98	60	56	63
98	60	57	63
97	60	56	61
99	61	53	60
97	60	54	61
97	61	55	60
96	59	55	64
95	59	55	65
95	61	54	61
93	60	55	61
93	61	54	61
92	60	54	63
91	59	55	63
91	60	54	63
89	60	56	61
88	60	57	63
88	59	56	64
87	60	54	63
87	61	56	62
87	60	55	63
85	60	54	62
86	61	55	60
86	61	54	61
86	60	55	62
85	59	55	65
84	58	57	64
83	60	56	61
84	60	55	63
84	60	55	60
84	60	56	63
83	61	56	61
82	60	57	60
84	61	54	60
83	60	55	60
82	60	57	63
83	61	55	61
83	59	55	63
83	60	55	62
82	59	57	63
83	60	55	63
82	59	56	64
82	59	56	62
82	61	56	61
83	62	55	60
82	61	55	61
82	60	56	61
83	60	54	62
83	61	55	61
84	59	55	64
83	60	56	63
83	60	55	62
83	61	56	62
84	60	56	62
85	60	56	64
85	61	54	61
83	61	57	61
85	61	57	61
85	59	56	64
86	60	55	63
87	62	54	59
86	61	57	60
86	59	57	64
86	58	56	66
88	60	54	62
87	60	56	63
88	60	55	63
88	58	56	67
88	60	55	63
88	60	56	63
89	60	56	65
89	60	56	63
89	60	56	64
88	60	57	64
88	60	57	61
88	61	57	63
89	60	56	64
89	61	54	63
89	61	54	62
87	61	54	61
87	62	54	59
87	63	53	59
86	62	54	60
87	62	53	61
87	62	52	60
85	63	54	60
86	62	52	60
85	62	53	61
85	62	53	61
86	62	54	60
85	61	55	61
87	61	55	62
86	60	56	64
86	60	57	62
87	60	57	64
87	58	56	65
87	61	56	62
89	61	55	60
87	59	56	63
87	59	56	64
87	58	56	63
87	57	56	65
86	58	57	64
85	58	56	62
85	60	57	62
85	60	56	57
84	58	57	64
84	58	56	61
83	58	58	64
83	58	57	64
82	60	57	61
82	58	56	61
81	58	56	63
81	57	56	63
81	60	55	60
80	59	56	60
79	58	56	63
79	56	55	65
79	58	55	63
78	58	56	63
79	57	56	65
79	59	55	60
78	57	56	63
78	58	56	61
79	57	56	63
79	59	56	61
79	58	56	62
80	56	57	66
80	58	58	62
81	58	56	64
81	58	57	61
83	59	56	62
84	58	56	61
85	58	57	62
87	57	56	64
88	59	59	62
91	59	57	63
91	58	58	64
93	60	58	63
93	57	59	67
96	59	57	65
95	59	58	62
96	59	58	63
97	58	57	64
97	58	57	65
96	58	58	62
96	59	59	64
94	57	59	66
94	57	58	66
93	57	57	64
92	56	59	66
90	56	59	65
88	56	60	65
86	54	59	67
84	55	60	66
83	56	59	65
80	55	60	65
79	55	62	66
78	54	59	69
77	55	59	66
76	55	61	66
76	57	59	63
75	55	60	65
74	54	60	66
74	53	61	67
74	52	60	68
74	53	60	65
75	51	61	70
74	50	63	70
76	52	60	65
77	50	61	68
77	48	63	71
80	50	62	68
82	50	61	68
82	48	63	71
84	50	64	68
86	47	64	74
90	49	63	70
95	50	61	67
98	48	63	71
102	48	64	72
107	50	64	69
113	48	62	73
120	51	61	69
124	51	65	69
130	48	66	74
136	49	63	71
143	49	62	70
148	49	62	68
153	49	63	68
158	50	64	66
163	48	63	69
167	50	62	65
171	50	63	65
174	48	63	69
178	48	62	68
180	51	62	64
181	48	64	69
185	48	62	69
186	49	63	67
186	49	64	68
188	51	64	65
189	50	63	67
190	49	62	69
190	49	62	68
189	49	63	69
190	51	61	67
189	50	62	66
186	51	62	66
186	51	62	66
183	50	62	67
181	52	63	66
180	51	62	66
178	50	60	67
174	52	62	63
171	51	61	66
168	52	60	68
165	50	59	68
160	52	61	68
156	49	60	73
151	49	60	73
147	52	59	66
142	53	60	66
137	51	60	70
133	54	59	64
127	54	59	62
123	54	58	64
117	53	58	66
113	55	59	63
109	54	58	63
105	54	59	66
102	55	57	64
98	54	58	67
95	56	58	63
93	56	58	65
90	55	58	67
88	55	57	65
86	54	58	68
85	57	58	62
84	56	57	62
83	56	57	63
83	56	57	64
81	53	57	67
81	58	57	61
81	58	57	62
80	57	58	62
79	55	59	63
82	56	58	64
81	55	58	64
83	58	58	61
84	54	59	66
85	55	59	64
88	57	57	62
89	56	57	62
92	58	58	61
94	57	59	63
97	58	56	62
100	58	57	60
105	57	56	63
109	57	55	63
114	59	55	61
118	57	55	64
122	59	54	59
126	59	56	61
131	58	57	62
138	59	54	61
141	59	56	60
147	61	55	57
152	59	54	62
156	59	53	62
160	61	56	60
165	61	55	59
168	61	57	61
172	61	56	61
176	62	56	59
179	61	57	62
182	61	57	62
185	63	58	59
188	62	57	60
190	62	59	62
194	63	56	60
196	62	57	59
199	62	55	60
200	64	57	56
200	63	58	58
202	63	56	57
203	62	57	60
204	62	57	61
206	64	55	59
205	63	56	59
205	64	56	56
203	62	57	59
203	62	57	60
201	62	58	58
202	65	56	56
199	62	59	61
197	63	59	58
195	61	59	61
195	62	58	59
193	62	58	56
190	62	60	55
190	60	57	60
187	59	58	61
183	59	60	61
180	60	60	59
179	61	59	56
177	60	59	56
172	59	60	61
171	57	59	63
167	58	60	62
163	57	62	63
159	59	63	61
157	54	63	67
154	56	64	67
152	56	60	65
148	53	64	68
146	56	61	67
143	53	62	69
141	54	63	68
140	54	62	68
138	55	61	65
134	55	62	63
133	56	63	62
131	54	64	64
131	56	64	61
130	56	61	62
127	54	64	63
127	53	62	66
126	54	62	65
125	55	63	62
126	55	62	63
124	53	63	67
123	55	65	65
124	53	64	65
123	56	68	61
127	56	64	60
125	56	66	61
127	55	65	62
127	53	67	65
129	52	65	68
131	53	66	67
133	52	65	67
134	54	66	64
138	55	66	61
140	54	65	62
142	50	68	68
146	52	68	65
150	51	63	65
153	51	65	62
156	51	67	61
159	50	69	65
164	49	67	66
169	48	66	68
171	48	68	69
177	48	66	67
180	49	67	65
183	46	67	70
187	48	67	68
190	46	68	72
196	47	66	70
197	47	68	70
201	45	67	73
206	47	68	70
206	47	69	68
210	48	69	68
213	45	68	74
215	46	69	70
217	46	71	72
220	46	68	72
219	46	70	72
223	46	69	72
221	46	71	73
224	44	68	75
223	47	71	72
224	46	71	73
222	44	72	74
223	47	69	71
221	44	71	75
222	46	68	71
219	43	70	75
217	44	72	74
216	45	69	71
214	45	70	70
211	46	70	68
210	44	67	72
207	41	67	76
202	40	69	78
199	45	69	71
195	42	70	73
190	41	69	73
186	40	69	75
183	41	69	72
179	40	69	73
174	38	70	77
168	41	70	73
165	43	69	69
161	41	70	72
156	38	71	76
152	38	73	79
149	38	69	78
145	40	70	77
141	43	72	71
139	44	69	68
138	42	68	72
131	40	73	74
128	39	72	78
128	39	70	78
128	43	69	72
126	42	70	71
124	41	70	76
124	40	70	79
126	44	66	72
124	42	68	76
124	43	69	75
126	45	68	73
125	44	69	76
125	44	67	76
129	45	66	76
130	48	66	72
131	46	67	76
133	45	66	78
135	48	66	74
138	49	64	70
138	49	66	71
141	49	64	73
143	49	64	74
144	53	65	69
146	51	63	72
148	53	62	70
149	54	62	70
150	55	61	69
150	56	62	66
152	56	61	68
152	55	60	69
152	56	60	68
152	57	61	68
151	57	63	68
152	57	61	68
152	55	61	70
151	57	61	68
150	57	60	66
151	57	59	64
148	55	60	69
149	58	58	63
145	56	62	67
145	59	58	61
144	58	59	64
141	58	59	65
139	58	60	65
138	56	59	70
135	59	58	64
132	59	58	64
130	59	58	64
126	60	60	63
123	58	59	65
120	61	58	62
116	61	59	62
115	65	56	57
111	63	57	58
108	66	58	57
105	65	58	60
103	66	55	59
98	66	59	58
98	68	55	56
95	67	58	58
94	68	55	56
92	67	56	58
91	68	56	56
90	66	56	60
89	66	55	60
87	66	57	61
87	66	54	60
87	65	54	61
86	67	55	58
85	68	54	57
86	67	55	58
86	66	53	58
87	66	53	59
86	65	53	60
87	66	53	59
87	66	53	58
88	65	52	58
89	68	52	54
89	66	52	55
90	65	53	56
91	66	53	56
93	66	52	56
94	64	52	57
96	65	53	57
97	66	53	55
99	65	51	55
101	65	51	56
102	65	52	56
105	64	52	59
108	65	50	55
109	65	52	55
111	66	52	53
114	64	52	55
117	65	51	55
118	64	52	56
121	65	51	56
124	65	51	54
125	65	52	54
128	66	51	54
130	65	53	56
134	66	52	54
135	65	51	56
139	67	51	54
139	66	52	56
141	68	54	54
144	68	52	54
145	67	53	56
147	66	51	57
149	67	51	55
150	67	53	54
151	66	52	57
153	66	52	56
153	68	53	54
154	67	52	54
153	67	53	54
154	67	52	55
153	68	52	53
152	66	54	57
153	67	52	55
153	68	52	53
151	66	54	57
151	66	53	58
150	64	53	60
149	65	54	57
149	64	52	60
146	64	54	58
146	63	54	58
145	62	53	60
143	61	54	60
140	60	55	61
139	59	54	63
137	60	55	60
137	61	54	58
135	59	54	62
133	59	55	61
130	59	57	63
130	60	55	61
129	59	55	61
126	60	57	59
126	59	57	62
125	59	57	61
124	56	58	65
124	56	57	66
123	57	57	64
124	59	56	60
123	57	57	64
124	57	56	64
124	58	57	62
125	58	56	63
124	59	58	63
125	58	59	62
125	58	59	64
127	57	59	66
129	59	59	64
129	57	59	64
130	55	61	69
134	54	60	70
137	55	58	67
137	56	59	64
139	55	62	67
142	54	62	68
145	53	61	69
148	53	61	68
152	53	61	67
155	52	61	67
158	52	62	67
162	52	60	65
165	50	61	69
168	51	62	69
171	50	62	67
174	52	62	66
177	49	63	68
181	50	63	69
184	50	62	67
186	50	63	68
189	49	64	70
192	50	63	68
193	49	66	70
197	50	64	66
200	51	63	66
202	48	64	71
204	49	64	72
206	49	63	71
207	50	65	69
209	49	64	70
210	48	64	72
210	49	64	70
212	49	63	70
212	50	66	67
212	51	65	68
213	49	65	69
211	49	66	70
213	50	64	66
212	49	65	68
211	49	65	70
210	47	67	74
210	47	63	72
208	49	65	69
208	48	65	70
207	47	65	72
204	49	65	68
204	47	65	69
201	46	65	70
198	48	68	68
196	46	66	71
195	45	64	73
190	43	67	72
187	43	66	74
185	44	65	71
181	43	65	72
177	41	67	75
174	41	66	74
170	45	67	67
164	43	69	70
161	42	67	72
157	43	68	69
153	42	67	70
150	43	68	66
145	41	69	72
142	41	68	71
139	42	68	71
134	41	70	71
132	41	70	73
128	41	70	71
124	41	71	72
124	41	68	71
120	42	68	71
118	42	70	73
115	41	69	74
114	42	68	72
111	43	69	69
111	43	67	71
107	43	71	71
105	42	71	72
103	42	69	73
103	41	69	73
102	42	70	73
101	43	70	70
101	42	69	71
102	42	69	74
103	43	68	70
103	44	69	68
102	45	70	67
101	43	71	69
104	45	70	66
105	44	71	67
105	43	71	69
106	40	72	73
110	44	70	68
111	44	68	66
112	43	69	69
113	46	71	68
113	44	72	68
117	45	67	68
119	47	68	67
121	45	67	69
121	45	68	69
123	48	68	63
125	48	68	67
126	48	67	67
126	48	69	68
126	49	69	67
127	51	70	65
129	49	67	68
127	49	69	68
131	49	67	69
128	51	68	63
129	51	67	64
129	50	68	68
128	51	65	65
127	51	68	65
126	51	67	65
125	49	65	68
123	51	65	66
122	50	65	67
119	50	67	68
117	52	65	64
114	52	65	64
110	51	64	66
109	53	63	64
105	53	64	63
101	53	64	64
98	51	62	65
94	53	62	66
90	53	61	65
85	54	61	63
81	53	62	66
77	54	59	63
71	54	62	63
69	55	60	62
65	55	61	64
61	56	60	63
57	55	61	63
54	57	62	61
53	59	60	58
50	56	61	62
49	59	60	60
47	56	61	62
46	58	60	63
47	59	58	60
46	60	61	58
46	57	59	61
46	59	60	59
46	59	61	60
48	59	59	59
47	56	60	64
48	57	61	63
51	58	58	63
54	59	57	61
54	60	59	59
55	59	61	60
56	59	61	59
61	59	59	62
63	58	59	63
65	61	59	59
67	60	61	59
72	63	58	58
74	61	61	59
80	63	58	57
83	64	57	57
86	62	58	58
90	64	58	58
91	63	61	58
97	64	59	58
100	65	58	58
101	64	58	59
107	65	55	60
110	67	54	57
111	67	56	57
114	69	56	54
115	67	57	60
116	67	57	60
116	68	58	55
119	69	58	55
120	68	56	58
124	69	53	56
125	69	52	56
126	69	51	55
126	70	53	53
125	71	54	54
126	70	53	54
126	69	52	56
126	71	51	55
125	71	52	54
125	70	52	56
123	70	53	56
123	71	52	54
122	72	53	52
120	69	53	57
123	73	49	52
121	72	52	54
120	73	53	54
121	73	51	54
121	74	51	54
121	74	51	56
121	75	51	54
123	75	50	54
123	75	49	53
124	76	50	52
124	75	51	53
125	74	50	54
127	74	49	53
129	74	50	54
129	75	52	51
132	75	50	53
134	75	49	52
136	74	50	51
139	73	48	55
141	73	48	52
144	72	49	54
147	73	50	52
150	72	51	52
154	73	50	52
157	72	52	55
161	72	50	52
165	73	50	53
168	73	51	52
172	70	50	56
176	72	50	52
180	72	50	53
183	73	51	50
186	73	51	52
187	71	52	56
190	70	51	57
194	71	50	56
196	71	50	56
198	69	50	57
199	70	52	57
201	71	52	55
204	70	50	55
204	71	52	56
206	70	51	56
207	70	50	57
206	70	53	57
206	72	53	56
206	71	53	56
207	70	53	56
207	70	51	58
206	70	53	57
206	70	52	57
204	70	53	57
203	69	54	60
202	67	54	61
200	69	53	59
198	67	55	60
196	68	54	57
193	65	55	60
191	65	54	61
189	63	55	63
186	63	55	63
183	63	56	61
180	61	55	63
177	60	56	63
174	62	57	62
171	60	57	62
169	59	56	63
165	57	57	66
163	57	56	67
160	56	58	67
159	59	56	63
155	58	58	63
152	58	59	64
151	57	57	65
149	58	59	63
148	58	58	65
146	56	58	66
146	56	58	67
144	56	58	67
143	56	59	68
142	57	60	65
142	56	60	69
141	56	60	68
142	57	60	67
143	56	60	67
142	56	62	70
142	55	62	72
144	55	62	70
145	57	61	68
145	56	62	67
146	54	61	69
148	54	62	69
149	54	63	69
149	53	64	70
150	51	64	73
152	52	65	71
154	49	65	74
156	49	65	73
157	48	66	75
159	47	64	71
160	45	66	76
162	44	66	74
164	45	66	73
166	43	66	75
167	43	68	75
169	41	68	76
172	43	67	76
172	41	68	77
174	43	69	73
175	41	69	77
177	41	68	75
179	41	68	77
179	41	68	76
180	40	68	78
179	37	72	82
181	38	69	80
179	37	72	82
180	35	71	85
177	35	73	84
179	35	71	83
177	34	73	84
176	35	73	83
175	35	72	82
172	36	74	83
171	36	73	82
169	36	73	83
165	35	74	84
162	34	73	84
157	35	76	82
155	35	74	83
150	31	74	87
146	30	76	89
141	33	76	83
136	31	77	85
135	33	73	85
128	32	78	83
126	30	77	90
124	35	74	80
118	31	78	87
116	30	77	88
115	31	78	88
113	30	75	87
109	32	78	85
109	31	76	88
106	32	76	86
107	31	76	87
105	35	75	82
106	33	76	85
104	33	75	87
105	35	75	85
106	37	74	85
106	39	74	81
108	40	72	81
109	42	73	79
111	43	73	80
111	45	74	78
113	47	71	77
115	48	69	76
116	49	69	75
115	50	70	73
117	48	68	77
116	48	69	77
117	49	68	74
118	49	66	74
118	48	66	76
117	49	66	73
117	47	64	76
116	49	65	74
116	48	64	73
113	49	65	70
111	48	66	74
111	49	63	72
108	48	65	74
108	52	63	69
106	52	63	70
104	51	63	70
102	52	62	72
99	51	63	72
95	53	63	72
94	53	61	70
92	54	62	71
90	57	61	66
86	56	63	69
84	57	61	68
83	58	60	69
80	56	61	70
79	58	59	70
76	58	61	70
76	63	57	63
73	60	59	64
72	60	58	66
71	62	56	64
70	62	56	63
70	61	56	65
68	62	57	65
68	61	56	64
67	62	56	64
66	59	58	65
66	61	57	64
68	59	57	66
68	61	57	63
69	61	56	63
69	63	56	60
68	61	58	61
72	59	57	66
74	62	56	61
76	60	57	63
78	59	57	66
81	61	56	63
84	61	56	61
85	60	57	65
91	60	57	66
93	59	56	68
98	63	55	61
101	62	56	63
106	62	56	60
110	61	56	66
113	62	57	61
118	62	55	62
122	61	57	64
129	64	52	59
130	64	56	60
135	65	55	60
139	64	54	59
142	64	54	62
145	65	53	60
148	64	55	61
151	66	54	60
153	66	55	59
156	67	53	58
158	64	53	62
161	66	53	59
163	67	53	57
164	66	54	60
166	67	53	57
167	65	55	62
168	67	54	59
170	65	54	61
171	65	54	61
173	65	54	61
173	65	55	61
174	67	54	60
176	65	54	61
176	68	54	58
177	68	53	59
177	66	54	61
177	67	55	60
178	65	55	64
177	66	55	61
178	66	55	61
179	67	53	59
179	66	54	61
177	66	56	61
177	67	54	60
177	64	55	62
175	65	56	62
173	65	58	61
173	64	57	60
172	65	56	58
169	63	58	60
167	63	60	59
165	61	61	59
165	61	58	63
164	61	58	60
162	63	59	54
160	60	60	57
160	60	58	60
158	59	59	61
155	58	62	63
154	58	61	63
154	58	60	63
153	58	60	62
152	58	61	60
150	58	63	60
151	58	62	61
151	57	61	63
149	57	62	62
151	58	60	62
151	56	60	62
151	57	61	61
150	55	63	65
152	54	61	68
152	56	61	65
153	54	61	68
153	56	62	62
154	56	62	64
155	57	65	62
158	56	61	60
159	55	64	63
160	53	64	68
161	52	66	67
164	52	64	66
167	51	63	66
168	51	66	66
172	52	64	63
174	50	66	62
176	48	67	68
178	47	67	67
182	46	67	67
184	44	68	71
186	44	69	70
190	42	68	72
192	42	68	71
193	41	70	73
197	42	70	72
199	41	69	75
200	40	72	75
202	43	72	70
204	43	72	70
205	39	72	77
204	41	75	72
208	38	73	77
207	37	73	79
208	41	71	72
209	39	71	73
207	40	73	74
207	42	70	71
206	43	72	70
204	44	71	69
203	42	69	72
201	42	70	73
198	43	71	73
197	39	69	79
194	40	70	78
191	40	70	77
188	42	69	75
184	42	72	74
179	41	74	78
177	42	71	75
169	43	76	73
166	43	75	74
161	43	75	77
154	39	79	80
151	42	75	77
145	43	77	73
139	40	77	76
133	41	79	77
130	40	76	76
125	38	78	82
122	41	74	75
117	39	74	80
113	42	75	79
107	40	75	81
103	42	74	81
99	42	76	84
97	42	73	86
93	43	73	85
90	45	74	83
85	44	77	87
84	47	75	83
82	45	74	88
80	48	76	82
78	47	76	86
77	46	75	88
78	47	72	86
76	49	75	85
75	48	74	85
76	50	75	84
74	50	76	83
77	52	73	80
75	52	77	78
77	54	75	75
78	56	75	69
80	56	73	71
83	59	73	66
84	63	73	56
84	62	72	57
86	63	73	59
88	63	71	61
89	65	71	58
91	66	71	57
91	67	70	58
93	67	69	57
94	65	68	61
95	66	68	60
95	66	68	58
96	67	65	55
96	65	65	56
95	64	67	58
96	67	64	53
94	64	65	56
94	64	64	57
93	64	63	55
93	65	61	57
90	64	62	56
88	65	62	57
87	66	62	54
85	64	61	58
81	65	62	56
80	66	59	57
77	64	60	59
73	64	59	59
70	67	57	59
67	66	58	58
65	68	58	57
61	67	56	59
58	69	57	55
56	70	56	56
53	70	56	54
50	70	56	57
49	72	56	55
48	69	55	57
46	70	56	57
46	73	55	52
44	72	56	52
45	71	57	56
44	72	55	50
45	72	55	52
45	69	54	56
45	68	57	58
46	69	56	55
50	70	54	54
51	69	53	55
51	68	55	55
56	69	51	54
57	70	53	52
58	68	55	54
63	69	53	54
66	69	54	53
70	70	53	51
74	70	53	52
79	70	52	51
83	70	54	52
88	70	53	52
93	71	53	50
98	69	52	56
103	70	52	56
107	69	52	55
111	70	53	53
116	72	52	50
120	71	52	53
124	72	52	51
127	71	51	51
129	73	52	50
132	71	52	52
133	72	52	53
135	73	52	51
137	73	52	50
137	72	52	51
140	72	51	52
138	71	53	54
140	73	52	52
140	71	52	54
139	72	53	52
138	72	54	52
136	71	54	53
136	70	52	55
135	72	52	53
133	71	54	55
130	70	53	55
128	70	52	57
125	70	52	53
121	69	53	56
118	69	53	55
115	69	52	54
110	67	54	55
107	68	53	55
101	64	55	58
97	64	55	57
93	65	54	55
88	63	55	56
84	63	55	57
81	63	53	54
76	63	54	54
71	61	56	56
67	62	56	57
62	58	58	60
60	60	55	59
56	59	58	59
54	62	56	55
52	60	55	57
49	59	56	59
47	59	55	58
45	60	56	57
45	59	57	58
43	58	59	60
42	60	58	58
41	58	60	60
42	60	58	57
42	60	59	56
41	59	61	60
42	59	61	59
45	61	58	57
44	59	61	60
47	60	61	59
47	58	62	62
49	60	61	58
51	56	62	62
54	57	61	62
55	57	63	61
58	56	63	61
61	54	63	64
65	53	62	62
69	54	61	60
72	54	62	61
75	53	62	61
79	52	62	64
82	51	62	62
85	53	64	61
89	53	63	60
91	51	65	65
95	51	64	65
97	51	66	66
102	51	63	65
104	49	64	68
107	51	65	67
110	50	64	67
111	51	66	67
112	49	66	68
116	53	64	65
117	51	64	67
118	53	64	62
118	52	68	63
117	50	67	66
121	51	65	64
122	50	65	66
121	48	66	68
120	48	67	71
121	47	66	72
121	47	67	72
122	47	65	72
118	46	68	72
117	45	69	75
117	44	68	77
116	42	68	77
115	43	67	74
114	41	67	77
113	41	68	77
112	41	69	77
110	40	72	79
108	39	71	81
108	39	72	83
108	38	70	83
107	42	70	78
108	40	70	80
107	41	70	78
109	40	69	79
108	39	70	80
108	40	71	79
108	39	72	81
111	38	69	80
111	37	73	83
111	36	73	83
114	36	73	83
115	36	75	84
122	36	70	81
123	37	72	80
128	40	72	75
133	39	69	78
135	37	71	81
140	38	71	78
143	39	73	79
150	38	71	80
153	38	74	78
158	38	72	80
165	37	70	82
169	37	71	81
173	37	70	80
176	40	70	76
179	41	69	75
183	41	68	75
185	41	68	76
187	42	66	75
188	42	67	77
190	42	64	75
193	42	62	73
193	43	62	71
195	42	61	72
196	40	59	76
197	40	58	75
196	42	59	74
196	43	57	72
197	43	59	72
198	46	54	69
198	48	55	66
198	49	55	66
198	48	55	70
197	49	56	70
197	50	54	69
198	51	56	70
198	53	56	65
199	54	54	69
199	55	54	66
199	56	53	68
199	58	54	67
199	61	53	64
199	59	53	67
200	58	53	66
201	60	53	64
202	60	53	62
203	61	52	61
204	58	52	65
207	60	51	63
209	61	49	61
210	62	49	61
212	63	47	60
214	63	51	61
215	65	49	60
217	65	51	58
221	67	49	56
222	68	50	56
225	68	49	56
227	67	50	58
228	67	49	59
230	69	49	58
231	68	49	60
231	70	51	58
231	71	49	57
232	70	51	59
232	70	50	59
232	71	48	58
230	72	49	58
229	73	50	54
227	73	49	56
225	72	47	59
223	71	48	61
220	71	48	61
216	73	49	57
212	73	49	58
208	73	49	57
204	73	49	56
199	73	49	58
194	72	48	59
189	72	47	58
184	73	47	57
178	74	48	55
174	73	46	55
169	70	47	58
164	70	46	57
159	69	46	59
154	69	47	58
151	69	44	57
146	70	45	56
143	68	46	58
139	66	48	59
135	67	48	58
131	66	49	59
128	68	49	58
125	65	50	61
121	66	51	60
118	67	51	58
116	65	50	60
113	65	50	60
110	66	53	61
108	64	51	62
106	63	52	61
104	64	52	60
103	63	53	59
100	60	52	63
100	60	52	61
97	59	53	63
95	57	53	65
93	59	52	62
89	58	55	65
88	59	53	61
85	58	55	63
83	56	55	62
82	57	54	60
79	56	55	61
77	53	55	64
76	54	54	64
73	53	52	65
71	53	52	65
68	51	54	67
66	52	52	64
63	53	54	62
60	52	54	64
58	52	55	63
57	52	53	67
55	53	53	67
52	54	53	64
49	56	53	64
46	58	54	64
43	58	53	65
41	61	53	63
39	62	53	62
36	62	53	63
34	66	51	57
32	66	52	59
29	65	51	61
28	66	50	60
25	67	52	60
