0.118905
0.021189
0.017702
0.017519
0.016137
0.015257
0.019219
0.017883
0.018965
0.018348
0.017278
0.017745
0.019679
0.018791
0.016910
0.017231
0.016979
0.019762
0.016819
0.017394
0.025452
0.017676
0.019149
0.020043
0.016929
0.020505
0.018048
0.018100
0.020595
0.017294
0.024470
0.017812
0.018446
0.020027
0.023601
0.018759
0.019451
0.025415
0.017234
0.017776
0.021416
0.015690
0.019881
0.017588
0.020077
0.015581
0.020158
0.019800
0.017882
0.024264
0.018393
0.019316
0.023295
0.018374
0.022072
0.019189
0.019145
0.018272
0.018164
0.018031
0.024841
0.019583
0.022624
0.020315
0.019992
0.015594
0.027167
0.016763
0.017031
0.018683
0.021391
0.022337
0.021321
0.017370
0.019160
0.021220
0.021798
0.020051
0.016996
0.018420
0.027421
0.032798
0.026001
0.046067
0.028291
0.059946
0.042084
0.030065
0.046085
0.159061
0.060521
0.033025
0.066436
0.043746
0.076176
0.141427
0.152083
0.198485
0.073443
0.082749
0.112588
0.026860
0.079672
0.064016
0.064581
0.040532
0.073763
0.065709
0.064526
0.067893
0.067770
0.120361
0.066714
0.064462
0.076955
0.069350
0.076122
0.067117
0.023723
0.094233
0.085422
0.026266
0.065419
0.066154
0.067256
0.052694
0.114215
0.047829
0.071753
0.049851
0.103408
0.069525
0.078510
0.057069
0.069985
0.069030
0.019075
0.066464
0.032951
0.096018
0.097103
0.067494
0.065299
0.086176
0.091392
0.076092
0.086237
0.028914
0.073290
0.047688
0.058226
0.065787
0.059291
0.066546
0.064210
0.057886
0.030497
0.071415
0.055559
0.057073
0.077031
0.069325
0.068158
0.067516
0.031002
0.049411
0.077798
0.029860
0.072733
0.097031
0.067731
0.066145
0.065043
0.045236
0.130559
0.060299
0.049872
0.075726
0.075214
0.070456
0.097739
0.067111
0.062427
0.025520
0.069632
0.080094
0.053114
0.044430
0.058492
0.032115
0.021502
0.030009
0.068040
0.060714
0.065606
0.066565
0.066367
0.066970
0.066394
0.021040
0.028861
0.089241
0.049206
0.060837
0.057750
0.031968
0.074879
0.066757
0.076570
0.077248
0.064425
0.062826
0.066698
0.024811
0.059880
0.080124
0.078243
0.063066
0.044930
0.040014
0.091734
0.065424
0.065260
0.066082
0.067940
0.067136
0.066779
0.046382
