0.251227
0.060069
0.050571
0.061023
0.061221
0.060915
0.060111
0.063241
0.054870
0.075087
0.018890
0.078273
0.055006
0.061652
0.062921
0.060528
0.055027
0.061638
0.063124
0.056730
0.029495
0.024781
0.109644
0.060852
0.066907
0.061705
0.071254
0.043554
0.017877
0.061411
0.064713
0.041827
0.066546
0.022510
0.076585
0.062521
0.096829
0.062521
0.067868
0.062293
0.094521
0.052551
0.056394
0.063104
0.064580
0.064308
0.070165
0.069279
0.033457
0.064796
0.055102
0.068355
0.024218
0.023130
0.075856
0.114248
0.063229
0.062998
0.063831
0.063876
0.094532
0.066982
0.052265
0.020628
0.062383
0.063358
0.064103
0.065017
0.064169
0.064008
0.023041
0.021841
0.101578
0.050304
0.047549
0.028120
0.040115
0.086784
0.053286
0.095854
0.125477
0.063460
0.042196
0.026412
0.067972
0.074126
0.063870
0.049800
0.069555
0.062869
0.064494
0.051089
0.031075
0.062609
0.066469
0.030216
0.018311
0.060937
0.058421
0.063512
0.105618
0.054970
0.065036
0.066381
0.060041
0.026752
0.073188
0.067286
0.063274
0.061895
0.041314
0.066219
0.056571
0.047811
0.021947
0.065756
0.051070
0.064259
0.067703
0.063881
0.080450
0.023610
0.063878
0.048625
0.029871
0.060832
0.061433
0.048824
0.062870
0.064341
0.062757
0.061967
0.030887
0.025464
0.065926
0.067352
0.059503
0.049153
0.082461
0.063633
0.080971
0.093227
0.064854
0.061930
0.025698
0.063664
0.054011
0.061133
0.050890
0.060845
0.063904
0.060309
0.081129
0.065084
0.064267
0.065512
0.065498
0.019071
0.021241
0.063493
0.096246
0.097561
0.057123
0.026128
0.023213
0.024367
0.069395
0.066063
0.075021
0.064947
0.062770
0.065313
0.061734
0.064167
0.056000
0.057874
0.023418
0.020020
0.063345
0.053195
0.113927
0.062866
0.064324
0.062984
0.060747
0.021390
0.063621
0.065452
0.071267
0.079253
0.066575
0.065138
0.068294
0.057707
0.021836
0.074200
0.068846
0.068839
0.059039
0.028024
0.092277
0.059975
0.064142
0.066209
0.065684
0.065106
0.053335
0.019384
0.064250
0.066672
0.068519
0.063911
0.064330
0.034563
0.026205
0.086950
0.072813
0.058560
0.074069
0.064639
0.097046
0.065766
0.044966
0.064552
0.066758
0.071230
0.059167
0.054615
0.039157
0.060395
0.064825
0.063417
0.067092
0.064608
0.065476
0.063127
0.030786
0.020841
0.032252
0.068449
0.098561
0.052087
0.060091
0.058655
0.025652
0.022552
0.067201
0.059532
0.075995
0.065547
0.066704
0.066360
0.065764
0.020716
0.071523
0.067555
0.076850
0.051722
0.030834
0.020194
0.030081
0.022410
0.019333
0.039177
0.069185
0.073146
0.073203
0.070081
0.089155
0.077168
0.077546
0.081403
0.082504
0.076984
0.078651
0.085793
0.057405
0.030204
0.078457
0.095773
0.136817
0.085109
0.084265
0.071498
0.074271
0.059822
0.073270
0.066865
0.069786
0.071490
0.072629
0.073739
0.071366
0.071482
0.073522
0.074024
0.073429
0.049973
0.088180
0.078431
0.122859
0.070383
0.068825
0.062661
0.021206
0.061387
0.069681
0.058962
0.065863
0.069173
0.069723
0.073350
0.073323
0.069006
0.068501
0.069558
0.050511
0.081409
0.105140
0.091234
0.085160
0.053145
0.057845
0.032259
0.024967
0.066108
0.109965
0.070420
0.073178
0.068420
0.069367
0.078956
0.081374
0.072677
0.063034
0.020740
0.043817
0.074478
0.076188
0.064348
0.097485
0.019715
0.038491
0.064000
0.064537
0.058661
0.071730
0.067967
0.065391
0.066714
0.065396
0.049039
0.020800
0.095120
0.074973
0.065362
0.062603
0.063417
0.026685
0.019250
0.099101
0.054770
0.065431
0.068669
0.067135
0.069396
0.068287
0.065810
0.065434
0.033552
0.018384
0.067773
0.070878
0.074743
0.056334
0.058299
0.066947
0.025970
0.024031
0.042537
0.095668
0.053667
0.068880
0.066164
0.066055
0.070116
0.067007
0.065370
0.047889
0.017089
0.020344
0.077410
0.071505
0.072001
0.065558
0.060894
0.039642
0.021356
0.022810
0.021712
0.095829
0.063171
0.056245
0.063570
0.067777
0.066614
0.065614
0.068932
0.069225
0.059112
0.018317
0.024183
0.095581
0.069072
0.068485
0.058698
0.065145
0.022469
0.021616
0.022607
0.052405
0.066396
0.059201
0.065505
0.067587
0.066679
0.066820
0.067849
0.066721
0.066868
0.029798
0.021164
0.073418
0.070323
0.062228
0.067822
0.048625
0.021916
0.022864
0.070219
0.097194
0.061642
0.063923
0.067263
0.067355
0.066919
0.066342
0.064425
0.015627
0.070820
0.072158
0.061433
0.062836
0.062126
0.030617
0.021111
0.019808
0.065899
0.064245
0.066655
0.096767
0.065576
0.065881
0.067551
0.065744
0.066611
0.032704
0.020449
0.067226
0.072229
0.071727
0.064175
0.059196
0.048845
0.022044
0.033407
0.063350
0.062981
0.049683
0.066421
0.096181
0.068082
0.066886
0.066861
0.067302
0.017820
0.019395
0.120915
0.072098
0.057147
0.086513
0.051642
0.021664
0.019840
0.066627
0.066404
0.054071
0.065370
0.067415
0.068569
0.100714
0.068414
0.065744
0.022057
0.021734
0.069536
0.073024
0.068801
0.057743
0.061600
0.033630
0.020772
0.024533
0.020657
0.046392
0.065781
0.070078
0.069914
0.070588
0.066901
0.099663
0.068488
0.068667
0.040322
0.032432
0.106569
0.068556
0.068457
0.054893
0.081736
0.019162
0.063287
0.064990
0.063460
0.065082
0.067475
0.066561
0.066912
0.066046
0.064774
0.093559
0.019583
0.025801
0.066971
0.071340
0.066133
0.055847
0.061611
0.038350
0.019194
0.065976
0.075321
0.055727
0.063843
0.066429
0.064780
0.067178
0.067024
0.066667
0.069565
0.025474
0.019070
0.110271
0.070253
0.068569
0.053853
0.044554
0.058315
0.022148
0.032337
0.051133
0.076573
0.057259
0.066758
0.067239
0.065479
0.069201
0.067480
0.040529
0.020800
0.030295
0.065372
0.070775
0.074802
0.061063
0.078841
0.059448
0.036674
0.025422
0.046587
0.063109
0.075073
0.063327
0.070688
0.065814
0.065314
0.066826
0.069019
0.067786
0.042482
0.040130
0.068367
0.072396
0.071150
0.075542
0.064068
0.043362
0.021163
0.028799
0.020429
0.064328
0.104038
0.066882
0.068105
0.066553
0.067647
0.067275
0.064391
0.067154
0.031593
0.078761
0.080552
0.088428
0.063936
0.066805
0.097237
0.026923
0.025491
0.020655
0.063959
0.063803
0.065664
0.067235
0.063600
0.064292
0.064633
0.064091
0.067048
0.018857
0.023691
0.069384
0.071806
0.071144
0.071709
0.062942
0.051265
0.056503
0.032032
0.024925
0.074519
0.064121
0.064585
0.055457
0.062953
0.064891
0.066066
0.066627
0.067405
0.066451
0.065704
0.046149
0.037037
0.090393
0.068679
0.068776
0.066683
0.063715
0.030103
0.017853
0.016775
0.037468
0.065520
0.065146
0.053516
0.066496
0.064600
0.066196
0.064480
0.064284
0.064222
0.076602
0.066369
0.071805
0.070138
0.077531
0.054756
0.054906
0.019589
0.035030
0.069090
0.065226
0.064939
0.077219
0.068159
0.064667
0.067527
0.070803
0.051999
0.018728
0.066384
0.133682
0.061259
0.057869
0.062314
0.032778
0.034487
0.020406
0.071199
0.065063
0.057475
0.063081
0.070869
0.068546
0.066555
0.069072
0.067134
0.067677
0.023911
0.025514
0.036590
0.117772
0.071203
0.062686
0.063531
0.061967
0.029372
0.067273
0.075749
0.060202
0.067334
0.066230
0.066073
0.068360
0.066345
0.067700
0.058825
0.020909
0.065561
0.072309
0.073782
0.090238
0.053091
0.052902
0.020524
0.064811
0.067017
0.064608
0.068714
0.066465
0.065976
0.065873
0.065828
0.064722
0.053812
0.024720
0.065964
0.068075
0.069236
0.069196
0.064855
0.083256
0.037137
0.097539
0.068334
0.056634
0.065135
0.067074
0.078450
0.068202
0.068666
0.041018
0.030790
0.039231
0.068070
0.067858
0.069853
0.059333
0.056153
0.063430
0.048971
0.029849
0.019622
0.056257
0.066499
0.064065
0.063062
0.066555
0.068465
0.064024
0.063728
0.064041
0.055361
0.016576
0.074364
0.068930
0.092527
0.058951
0.050459
0.021107
0.019804
0.025181
0.063578
0.066607
0.065108
0.054905
0.065588
0.067087
0.065030
0.067240
0.066359
0.068193
0.050897
0.017958
0.018792
0.070332
0.069806
0.067911
0.057575
0.045097
0.059697
0.049792
0.066246
0.065349
0.060556
0.064268
0.066465
0.064499
0.066442
0.067946
0.064183
0.066590
0.019552
0.019800
0.026520
0.074608
0.065433
0.067678
0.064538
0.061352
0.027235
0.031285
0.070155
0.064224
0.064795
0.064295
0.068355
0.065833
0.067274
0.065566
0.066059
0.028826
0.022179
0.064135
0.068033
0.067524
0.052461
0.061233
0.055217
0.050653
0.029318
0.040673
0.020113
0.048629
0.086513
0.063425
0.065125
0.066732
0.065841
0.064550
0.065015
0.066198
0.023422
0.037694
0.070307
0.079197
0.061364
0.043832
0.057089
0.028565
0.020850
0.028566
0.022590
0.062215
0.064703
0.054669
0.064282
0.063922
0.065464
0.066262
0.065751
0.065825
0.017217
0.018973
0.020555
0.069993
0.068673
0.064834
0.064024
0.049269
0.023066
0.027055
0.023728
0.064658
0.062317
0.064718
0.054005
0.066089
0.065754
0.066110
0.065813
0.066411
0.034049
0.063226
0.069070
0.068480
0.055076
0.059594
0.052182
0.020720
0.045900
0.093999
0.059557
0.065755
0.063878
0.064247
0.064686
0.066567
0.058364
0.019318
0.019254
0.065019
0.069284
0.067485
0.050678
0.059082
0.061382
0.033243
0.019224
0.063325
0.064513
0.086185
0.065918
0.066351
0.066693
0.064787
0.055567
0.016428
0.065298
0.073256
0.065478
0.066127
0.065481
0.021098
0.021810
0.050770
0.064104
0.068038
0.055116
0.076878
0.063333
0.096332
0.065216
0.064255
0.018340
0.022690
0.066392
0.065925
0.069194
0.058372
0.049425
0.019231
0.021955
0.065811
0.064395
0.058361
0.065101
0.065451
0.063522
0.064994
0.066023
0.096889
0.037692
0.066035
0.069222
0.062221
0.059793
0.062311
0.020407
0.021516
0.064240
0.067179
0.061581
0.064493
0.065443
0.065424
0.065905
0.066121
0.066812
0.019445
0.023073
