58	100	28	23
57	99	31	22
56	99	33	23
57	99	35	24
57	99	36	24
58	100	36	23
59	100	37	23
60	101	37	24
61	102	38	24
62	102	36	23
63	101	37	25
65	102	35	24
64	104	36	23
63	103	35	23
61	104	35	23
62	104	36	23
60	105	36	22
58	105	38	23
56	106	39	22
58	106	37	22
56	106	40	23
56	107	39	23
58	107	38	23
63	107	34	23
66	107	33	23
66	107	32	23
69	108	33	22
72	107	33	22
76	107	32	21
81	108	31	20
85	108	31	20
87	109	32	20
88	109	33	21
89	109	31	20
89	110	31	20
90	109	32	22
90	110	31	21
90	110	33	21
91	110	33	20
91	111	34	20
92	110	35	21
92	110	34	21
92	111	37	20
94	111	37	19
97	111	35	19
101	112	34	19
101	111	33	19
105	110	30	19
106	108	30	19
106	107	30	20
107	104	30	20
108	103	31	19
109	101	32	19
109	99	33	19
111	98	34	18
111	98	34	18
111	97	36	18
113	96	36	21
115	97	34	21
116	97	33	21
115	97	34	21
118	97	33	21
118	97	35	20
120	98	34	20
120	98	34	20
120	97	34	21
122	98	34	22
123	98	35	22
124	98	36	22
125	98	36	22
127	98	36	22
128	98	34	21
131	98	34	22
133	98	33	21
134	98	33	21
136	98	34	22
137	99	33	21
138	98	32	21
138	99	32	22
139	100	32	21
139	100	33	21
139	100	34	20
141	99	31	22
143	100	28	21
143	100	28	20
145	100	28	21
145	100	30	21
147	100	29	21
146	101	32	21
150	101	35	22
148	100	38	22
150	101	39	22
151	101	41	23
152	101	43	23
154	100	40	25
155	100	39	25
158	101	38	24
161	102	35	23
162	101	35	24
164	101	36	25
165	102	34	23
165	103	34	23
167	103	34	22
167	103	35	23
169	104	33	23
168	104	35	24
170	103	33	27
170	103	35	28
170	104	36	26
170	104	37	26
172	105	35	25
172	106	35	25
170	105	37	26
173	109	35	22
175	109	34	22
177	109	32	23
176	108	33	23
178	109	31	23
177	109	32	25
180	109	30	26
182	110	28	26
182	110	28	26
185	110	25	25
187	111	22	24
188	111	21	24
188	111	20	24
189	112	21	24
188	112	21	24
191	113	18	22
190	113	18	23
188	113	20	24
191	113	17	25
191	114	16	24
189	113	17	25
188	114	18	25
188	114	19	26
187	114	20	26
186	115	23	26
185	116	24	25
185	116	24	25
184	117	24	25
183	119	25	24
182	119	27	24
181	119	27	25
179	120	30	26
177	120	32	26
175	121	34	27
174	121	34	26
173	122	35	26
172	122	36	26
171	122	37	26
172	123	35	26
169	124	37	25
168	124	37	24
168	124	38	24
165	124	40	25
161	125	43	25
159	124	44	25
158	124	43	23
156	121	43	25
156	121	42	26
154	119	43	25
154	116	41	25
152	114	41	24
150	111	41	25
146	109	45	26
146	109	45	26
147	107	42	25
147	105	42	26
142	104	46	26
141	103	47	26
140	102	46	25
139	101	44	26
138	100	43	25
138	100	42	24
138	99	42	24
137	99	42	24
138	99	41	24
136	99	42	24
137	99	41	24
133	98	43	25
130	98	45	25
126	97	44	25
125	97	45	26
124	97	43	26
124	96	38	25
124	97	38	24
126	96	35	25
122	95	38	26
122	94	38	26
123	94	36	26
120	94	38	26
119	94	40	26
115	93	42	27
113	94	43	26
112	94	44	25
109	93	44	26
108	93	42	27
109	93	37	26
108	92	37	27
107	92	37	27
107	91	36	28
106	91	37	27
105	90	37	28
104	90	37	28
104	90	35	28
101	90	35	29
103	90	34	29
100	89	34	28
99	89	32	26
98	88	31	26
97	87	32	26
97	87	32	27
97	86	33	27
97	85	32	28
95	85	32	28
95	85	33	28
93	84	33	28
92	85	33	27
91	83	32	28
90	83	32	27
89	84	33	27
90	83	29	26
90	83	26	26
89	81	25	27
88	81	25	26
88	81	24	27
88	80	23	28
88	79	23	28
86	79	23	29
87	79	23	27
87	78	22	27
83	78	24	28
83	77	23	26
81	76	24	25
82	76	23	26
80	75	24	27
80	75	24	27
79	74	24	26
79	74	24	27
77	74	25	27
76	72	25	28
76	72	24	28
75	72	25	27
75	72	24	26
75	71	22	26
74	71	21	26
74	70	21	26
74	70	20	27
74	69	19	27
74	69	19	27
73	68	18	28
73	68	18	27
73	66	18	28
73	66	18	28
74	67	18	25
73	66	18	24
73	66	17	23
73	66	17	23
73	65	17	25
73	64	17	25
73	65	16	24
72	64	16	24
73	64	16	24
72	63	16	25
72	62	16	25
71	62	16	24
71	62	16	23
70	61	17	23
70	61	17	22
69	60	17	23
69	59	17	24
70	59	16	23
69	59	17	24
70	59	16	24
70	58	16	25
71	57	14	25
71	57	14	24
71	57	14	23
71	57	13	24
71	56	14	23
70	56	14	23
70	56	14	22
70	55	14	23
70	55	14	23
70	54	13	24
70	54	13	24
69	54	14	22
68	54	14	22
69	54	14	22
68	54	15	20
68	54	16	20
68	52	15	21
68	52	15	21
67	51	16	21
67	51	16	21
67	51	16	20
68	49	15	22
68	50	14	22
69	49	14	22
68	49	14	21
69	48	14	22
69	48	13	22
69	48	13	20
69	48	12	19
69	47	13	19
69	47	13	20
68	46	14	20
68	46	14	20
68	45	14	21
67	45	15	21
66	45	16	21
65	45	16	20
64	44	15	19
63	44	16	19
63	44	16	18
63	44	16	18
62	43	17	19
62	43	16	19
62	43	15	18
62	42	15	20
61	42	15	20
61	42	15	20
61	41	15	19
60	41	17	20
59	40	16	19
59	41	17	19
59	41	17	18
58	41	18	17
58	40	18	18
55	40	19	18
55	40	20	18
54	40	21	18
53	39	21	18
50	39	24	18
48	39	25	17
48	39	25	17
48	39	25	16
47	38	23	17
46	40	22	16
45	40	22	15
45	40	22	16
44	39	23	16
43	39	23	15
43	39	24	15
43	38	22	16
40	39	24	16
38	39	25	16
35	39	27	16
35	39	27	16
33	39	28	16
33	40	28	16
33	39	27	16
32	40	27	16
31	40	28	17
30	40	28	16
29	39	29	17
28	41	29	17
29	41	28	18
28	41	28	19
28	41	27	19
28	42	27	19
27	42	26	18
28	42	25	18
28	42	25	19
28	43	24	19
28	43	23	18
28	44	24	18
27	43	23	18
27	44	23	18
28	44	22	19
27	44	21	19
27	45	20	19
26	45	19	19
27	46	19	18
26	46	19	18
26	46	18	18
26	47	17	18
25	48	17	18
25	48	17	17
26	48	17	17
25	48	17	18
25	48	16	19
25	49	16	19
25	50	16	19
24	49	17	19
25	49	16	20
25	49	16	20
26	50	15	19
24	51	16	19
25	52	15	19
25	52	14	19
24	52	15	19
23	53	16	19
23	54	16	19
25	54	14	18
25	54	14	20
25	54	13	20
23	55	15	20
22	56	17	21
22	55	16	20
25	57	14	19
24	57	16	19
22	57	17	21
22	58	18	22
22	57	18	23
23	58	19	23
23	57	19	24
23	58	19	24
23	59	20	22
23	60	20	22
24	60	19	21
23	61	20	22
25	62	19	20
24	62	20	21
24	62	21	21
23	62	22	24
22	63	24	23
26	63	21	23
29	64	18	20
30	64	17	21
30	65	16	20
30	64	17	20
30	65	17	20
31	66	17	19
32	66	17	20
32	66	17	19
32	65	20	22
32	66	20	22
33	67	21	21
33	67	21	22
33	67	22	22
34	68	22	22
35	68	22	22
35	68	22	22
35	69	22	22
37	70	22	21
36	71	23	21
37	72	25	23
37	72	23	23
38	72	24	24
38	72	24	24
39	73	24	24
39	73	26	25
39	74	25	23
40	75	25	23
41	75	25	23
41	75	25	23
43	75	25	23
43	76	24	22
43	76	25	22
43	76	27	23
44	75	27	25
44	76	28	25
46	77	27	23
47	78	26	23
49	77	26	25
51	78	25	23
52	79	23	22
52	79	24	23
53	80	24	22
53	80	26	22
53	80	26	22
53	80	27	23
54	81	28	23
54	81	30	25
54	81	29	24
56	82	28	24
56	83	29	25
57	84	29	23
59	84	28	24
58	84	29	23
59	84	28	23
59	84	29	23
60	85	28	22
61	85	30	22
60	85	31	23
61	86	31	23
61	86	33	24
64	86	32	26
66	86	30	24
69	87	29	23
71	88	28	24
70	87	29	24
71	88	29	24
73	89	29	23
74	89	29	23
74	89	31	24
75	90	32	24
77	91	30	25
77	91	32	26
78	92	33	26
78	92	35	26
77	92	36	26
79	93	36	27
79	93	37	26
79	94	37	25
79	93	38	26
80	94	39	25
81	94	40	25
82	94	41	25
82	94	39	25
84	95	41	24
86	95	42	24
90	95	39	25
90	95	38	24
92	95	39	24
95	95	36	24
97	95	36	26
97	96	37	24
97	96	40	25
98	96	40	24
98	96	42	27
100	96	40	27
100	97	44	26
102	97	44	27
103	97	43	27
105	97	43	28
108	99	40	26
108	99	41	26
109	99	43	26
108	99	45	25
110	98	44	26
111	99	43	25
113	99	44	24
113	99	45	24
114	99	47	25
117	99	47	25
119	98	47	26
118	99	47	25
121	99	46	25
125	99	44	24
127	99	43	24
127	98	44	25
127	98	44	24
130	98	42	25
128	99	44	25
131	99	45	24
133	99	47	25
133	99	46	24
136	99	44	25
140	98	40	25
143	99	39	25
143	99	39	25
143	98	40	26
145	98	40	26
145	97	39	26
146	97	39	26
148	96	42	27
150	96	43	27
151	96	43	27
153	96	41	28
157	95	39	27
160	94	37	26
159	93	39	27
159	93	38	28
160	93	37	26
160	92	40	27
162	93	38	25
163	92	39	26
165	92	38	27
165	91	37	28
169	91	34	26
169	91	34	27
171	91	33	26
171	91	33	26
173	91	31	26
174	90	30	27
178	89	26	26
180	89	25	27
181	88	24	28
181	88	23	28
182	87	23	28
185	87	19	24
185	87	19	25
185	86	18	27
186	86	18	25
185	86	19	26
186	85	18	27
187	84	17	24
188	84	17	24
185	82	19	27
185	82	19	26
185	82	19	27
185	81	19	29
183	81	21	27
181	81	23	26
181	80	23	27
182	80	22	26
180	79	24	26
180	78	24	28
179	78	25	28
177	77	26	28
173	78	29	26
173	78	30	26
171	78	31	24
169	78	33	23
167	78	33	22
166	77	32	22
166	77	31	23
165	76	31	24
165	76	31	24
164	76	30	24
162	76	33	24
162	75	31	24
158	74	32	24
155	74	35	25
153	74	38	24
152	74	35	24
152	74	32	21
152	72	31	22
151	72	31	23
150	71	33	24
150	72	34	24
149	72	33	23
147	72	35	24
143	72	38	24
142	72	40	23
139	72	42	23
137	72	43	23
137	72	37	22
136	71	37	22
136	71	35	21
136	71	35	21
135	70	39	25
134	70	34	22
135	71	31	21
133	70	31	22
129	69	34	23
127	69	38	23
125	69	41	23
123	69	34	21
124	69	31	21
123	68	31	22
123	68	30	22
124	68	29	22
124	67	28	22
122	67	30	23
118	66	30	23
118	67	30	22
116	67	29	20
114	67	31	20
114	67	30	20
112	66	30	19
111	66	31	21
111	66	30	21
110	66	29	21
108	65	29	21
109	64	28	21
108	64	28	22
107	63	29	22
107	63	28	23
105	63	27	22
105	63	28	23
105	63	25	22
104	61	25	22
103	61	25	22
102	61	25	23
102	61	25	22
101	61	26	21
100	60	27	22
98	60	27	22
95	59	30	24
93	59	29	22
94	59	29	22
92	59	27	21
92	59	26	20
92	59	24	20
92	57	22	21
92	58	22	20
90	58	22	21
91	57	21	22
89	57	23	22
89	56	22	22
88	56	23	22
87	56	22	23
86	55	22	23
86	55	22	23
86	54	21	22
84	54	22	20
85	54	21	21
84	53	21	21
85	53	21	21
82	53	23	22
81	53	23	21
80	52	23	22
78	53	25	21
77	52	24	21
77	52	25	21
76	52	24	20
75	51	23	19
76	51	20	20
76	51	19	20
76	50	19	20
76	50	19	21
74	49	19	21
74	49	20	21
73	48	20	22
74	48	19	22
73	47	20	21
74	47	18	21
73	47	18	20
72	47	19	20
71	47	19	20
71	46	19	20
70	46	20	20
70	45	19	21
67	45	22	20
68	45	21	20
66	45	22	19
65	45	22	19
63	45	23	18
63	45	21	18
64	44	20	18
63	44	20	18
63	44	19	18
63	44	18	19
62	43	19	19
62	43	19	19
62	43	18	19
61	42	19	20
60	41	19	20
58	41	20	19
58	41	20	18
57	41	21	18
57	41	20	18
55	40	21	18
56	39	20	19
55	40	21	18
55	40	22	18
53	40	22	18
52	40	23	17
50	39	24	18
49	39	24	17
49	39	24	17
48	40	24	16
47	39	23	16
46	39	22	17
47	39	21	17
46	39	22	17
45	38	22	17
45	39	22	17
45	38	22	17
44	38	23	17
38	39	26	17
38	38	25	16
38	38	24	16
38	38	24	15
36	38	25	16
37	38	24	16
35	37	26	16
33	37	28	17
31	36	29	17
31	37	29	16
31	37	28	16
29	37	28	16
28	37	28	16
28	37	27	16
28	37	26	16
29	37	25	16
27	37	25	15
27	38	23	15
27	38	22	16
26	37	22	16
26	37	22	17
26	37	23	18
25	36	23	18
25	36	22	18
26	36	21	18
26	35	21	19
25	34	21	20
25	35	21	19
26	36	20	18
26	37	19	18
26	37	19	18
26	37	19	17
27	40	19	17
27	40	19	19
27	41	18	18
27	42	15	17
27	42	16	17
27	43	15	17
27	43	15	16
26	44	15	16
27	44	15	17
27	44	14	16
26	44	15	17
27	45	13	18
26	45	14	18
26	47	14	17
26	47	14	17
27	48	13	17
27	48	13	17
27	49	13	16
25	48	15	18
26	48	15	18
25	49	16	18
27	49	15	19
27	50	14	19
24	50	17	20
25	51	17	19
24	52	17	19
23	52	17	20
22	52	18	21
23	53	18	21
22	52	19	24
22	53	19	23
24	54	18	20
22	54	19	22
23	55	18	20
23	56	19	20
26	57	17	18
27	56	15	18
29	57	14	18
29	56	14	20
28	56	15	22
26	56	17	22
24	57	20	23
23	57	20	24
29	58	16	21
31	60	14	18
31	60	13	19
31	61	13	19
32	62	13	18
31	62	14	19
32	63	13	19
31	63	13	19
31	64	14	19
32	64	14	20
31	65	14	20
31	66	15	20
31	66	14	20
32	66	15	21
32	66	15	20
34	66	14	21
34	67	15	23
34	67	15	23
34	68	15	22
33	69	16	23
32	69	17	24
35	71	15	21
35	70	15	22
34	70	15	22
35	72	15	22
36	73	14	21
36	73	14	21
35	72	14	22
36	73	14	22
36	73	14	24
35	73	15	26
35	74	15	27
34	76	16	27
34	76	16	27
35	78	16	25
36	78	15	25
36	79	16	23
37	80	16	24
38	80	16	24
37	80	16	23
38	81	15	24
39	82	15	24
39	84	15	24
38	83	17	26
38	83	17	26
40	84	15	25
41	85	15	24
40	87	15	24
40	87	15	22
41	88	15	23
41	87	16	25
41	87	16	27
39	89	18	28
40	88	18	31
40	89	17	30
40	91	18	29
41	92	17	28
42	92	17	27
43	94	17	26
42	94	17	25
43	95	18	25
42	95	18	26
44	97	18	28
45	97	19	29
44	95	20	32
45	96	20	31
46	98	18	28
47	98	18	28
47	100	18	29
48	101	19	27
47	102	19	27
47	102	19	28
48	103	21	31
48	104	21	33
49	106	22	32
48	105	23	33
50	110	21	29
51	109	21	30
50	110	22	29
51	111	22	28
51	109	22	29
52	110	22	30
54	112	23	28
53	114	24	28
51	113	27	30
51	112	28	31
55	116	24	29
56	114	24	31
56	115	23	31
58	115	23	32
57	115	24	33
59	117	23	31
60	118	25	31
59	119	25	33
59	119	25	33
59	121	25	34
60	121	27	37
59	121	28	37
62	121	26	38
61	121	26	38
61	122	26	38
62	122	26	37
61	122	27	37
64	126	26	34
64	125	27	35
63	127	28	35
64	129	29	36
65	130	28	37
66	130	29	38
68	131	28	39
69	131	28	39
70	132	27	39
71	135	26	36
72	137	26	35
73	140	26	33
73	139	26	34
72	138	28	36
72	141	29	35
74	143	29	34
73	141	31	37
74	140	31	40
74	142	32	40
74	142	33	42
76	144	31	39
77	144	33	40
78	146	34	40
79	147	33	39
78	147	37	40
79	148	39	40
80	149	38	40
81	149	39	41
82	150	39	42
84	150	38	44
88	150	35	45
87	150	37	45
90	153	37	42
91	154	37	42
95	158	36	41
96	159	37	41
95	158	38	42
95	160	42	45
95	163	43	45
97	163	44	47
99	164	44	47
99	164	43	47
101	164	43	49
101	166	45	47
102	169	46	44
104	172	47	41
103	173	50	41
103	175	53	40
105	175	50	39
109	174	47	42
110	175	50	44
109	176	51	43
113	176	50	46
116	177	52	49
124	180	46	43
126	180	47	45
127	182	45	46
129	183	43	45
130	184	46	46
129	185	51	46
132	188	54	43
131	184	55	48
132	185	57	48
134	185	57	48
136	187	58	46
137	188	59	45
136	189	61	44
138	192	62	41
140	193	62	40
141	195	66	38
140	196	65	37
142	196	69	37
148	198	66	35
148	196	69	37
153	199	68	35
156	197	66	37
156	197	64	36
156	200	66	31
