0.234442
0.060638
0.060193
0.084885
0.065806
0.064023
0.020590
0.063772
0.071409
0.057539
0.062935
0.024733
0.067919
0.062981
0.089325
0.063877
0.074100
0.061275
0.070867
0.063013
0.073456
0.063838
0.026373
0.061697
0.064541
0.078150
0.072055
0.080677
0.064489
0.066508
0.035453
0.022738
0.062986
0.065454
0.055872
0.071619
0.034516
0.063960
0.062686
0.053900
0.093284
0.079342
0.068689
0.072180
0.038241
0.030539
0.080368
0.069699
0.049354
0.055693
0.054772
0.027014
0.065950
0.064289
0.063164
0.067723
0.067081
0.064603
0.064447
0.067121
0.078767
0.020518
0.021770
0.064307
0.064456
0.057428
0.055462
0.024951
0.021224
0.021702
0.066371
0.069635
0.063539
0.063693
0.065770
0.063833
0.064376
0.066929
0.030233
0.017523
0.068413
0.064227
0.066395
0.066839
0.061681
0.023343
0.045303
0.040874
0.066678
0.064661
0.076434
0.073958
0.064525
0.057041
0.018737
0.033261
0.108659
0.095915
0.094999
0.029730
0.039434
0.028441
0.070748
0.066560
0.069557
0.067822
0.070997
0.068311
0.068933
0.084938
0.034040
0.085830
0.077171
0.046270
0.061847
0.058880
0.023073
0.023884
0.057926
0.064699
0.076923
0.063520
0.077209
0.075107
0.073721
0.038487
0.029130
0.023022
0.068985
0.066650
0.068911
0.061005
0.058546
0.021306
0.027541
0.020568
0.062196
0.064671
0.058741
0.067001
0.098882
0.067182
0.033068
0.073747
0.078723
0.055422
0.043487
0.052919
0.028596
0.027741
0.039150
0.067283
0.067453
0.074057
0.077089
0.069608
0.077054
0.064510
0.037591
0.024469
0.097117
0.072248
0.065095
0.065392
0.032087
0.024717
0.021965
0.073621
0.062989
0.077886
0.067544
0.076255
0.066647
0.053905
0.023691
0.027367
0.071125
0.067488
0.058593
0.063552
0.032032
0.021278
0.061909
0.062728
0.062885
0.066297
0.066793
0.069892
0.065244
0.065312
0.021590
0.102283
0.077702
0.058530
0.056315
0.059663
0.021073
0.062750
0.066638
0.061391
0.107392
0.064406
0.068536
0.065659
0.055138
0.028364
0.066072
0.066507
0.065970
0.063868
0.029348
0.026944
0.039228
0.063554
0.066114
0.052330
0.063248
0.065219
0.063626
0.064623
0.059148
0.025875
0.066722
0.067686
0.054414
0.056459
0.057213
0.028128
0.022810
0.028909
0.070407
0.062924
0.060652
0.065764
0.064508
0.063960
0.065048
0.062689
0.046696
0.027662
0.106312
0.064906
0.061306
0.058701
0.027235
0.027217
0.053551
0.070257
0.079961
0.063484
0.070546
0.065244
0.065749
0.029880
0.067794
0.077984
0.065506
0.026604
0.027248
0.023054
0.051226
0.061777
0.061518
0.065427
0.065933
0.052240
0.026278
0.068153
0.065091
0.054612
0.058717
0.065644
0.025317
0.044587
0.074109
0.074699
0.084299
0.068761
0.067420
0.068738
0.077669
0.066633
0.066803
0.062201
0.043466
0.054998
0.028804
0.023175
0.087010
0.068775
0.065772
0.066489
0.080637
0.069020
0.068245
0.072291
0.070211
0.069461
0.070286
0.021275
0.042034
0.069803
0.073297
0.074950
0.073745
0.063488
0.090046
0.051057
0.022779
0.026969
0.058478
0.070534
0.068379
0.061630
0.069844
0.071465
0.071725
0.068410
0.071771
0.070504
0.103051
0.034050
0.068904
0.074660
0.077475
0.069010
0.084854
0.064248
0.029148
0.024149
0.068440
0.070562
0.068877
0.056384
0.080412
0.070896
0.070957
0.073054
0.073165
0.071848
0.102822
0.021252
0.077646
0.074274
0.083394
0.064468
0.066568
0.038502
0.025718
0.065708
0.065986
0.067448
0.065965
0.072555
0.071667
0.071608
0.073855
0.072258
0.070687
0.020560
0.031911
0.085638
0.073171
0.075472
0.086420
