0.280539
0.067004
0.063872
0.064656
0.064987
0.066633
0.038149
0.068567
0.070138
0.068985
0.058207
0.053094
0.061090
0.027473
0.023445
0.020616
0.022976
0.020139
0.036060
0.060238
0.091957
0.066752
0.066408
0.065374
0.064646
0.156921
0.054110
0.020971
0.022968
0.033710
0.076146
0.070637
0.068737
0.061476
0.048717
0.056207
0.055454
0.023076
0.028456
0.062282
0.095733
0.057826
0.068254
0.067134
0.069243
0.068210
0.066414
0.065353
0.066947
0.023860
0.024137
0.063696
0.069392
0.068141
0.067469
0.061739
0.068666
0.039569
0.037850
0.026183
0.036271
0.062691
0.066256
0.059048
0.066997
0.065235
0.064374
0.064075
0.066637
0.068259
0.065619
0.034453
0.023301
0.025956
0.066418
0.068513
0.068241
0.064218
0.063914
0.056528
0.053899
0.021142
0.022490
0.020147
0.029187
0.063309
0.075611
0.064668
0.067692
0.178338
0.064528
0.065561
0.063881
0.045713
0.021183
0.019599
0.024284
0.079300
0.067918
0.066622
0.085408
0.057267
0.048050
0.020744
0.020827
0.021403
0.021846
0.052524
0.066651
0.064824
0.061336
0.063717
0.066300
0.065002
0.066666
0.066288
0.066142
0.048184
0.022936
0.023289
0.098842
0.067414
0.067059
0.073415
0.073524
0.036308
0.022974
0.031916
0.023490
0.066439
0.067208
0.064946
0.054573
0.065094
0.067222
0.064356
0.065859
0.066575
0.065642
0.056308
0.031859
0.035329
0.069702
0.075211
0.107030
0.063689
0.060900
0.048373
0.025151
0.021210
0.024873
0.023468
0.063657
0.064618
0.066249
0.080980
0.068557
0.066518
0.077819
0.066182
0.097598
0.046604
0.019891
0.020018
0.022768
0.064980
0.077676
0.068701
0.051591
0.061389
0.062903
0.182079
0.067040
0.131654
0.070380
0.066216
0.067535
0.067424
0.066083
0.052200
0.026885
0.033290
0.022829
0.073974
0.069927
0.079909
0.053075
0.068331
0.062089
0.027934
0.022497
0.021984
0.021054
0.021829
0.062400
0.067101
0.067927
0.055753
0.064418
0.176672
0.096825
0.065597
0.023657
0.027878
0.066818
0.071012
0.069342
0.057476
0.055821
0.077907
0.029484
0.020133
0.022613
0.021232
0.063035
0.067331
0.051409
0.174332
0.066602
0.066939
0.099506
0.065614
0.025660
0.019924
0.021507
0.029842
0.122682
0.069118
0.057906
0.067882
0.058031
0.028055
0.042048
0.019379
0.039686
0.064027
0.064691
0.054693
0.065081
0.068838
0.100271
0.070809
0.068589
0.066257
0.143325
0.069481
0.068138
0.051831
0.053697
0.056505
0.028458
0.024075
0.019042
0.061700
0.064282
0.064739
0.065187
0.067867
0.065971
0.065970
0.099475
0.065721
0.060800
0.023899
0.024703
0.067685
0.080278
0.069460
0.050226
0.065524
0.064198
0.027697
0.022121
0.022589
0.021550
0.023163
0.023191
0.065181
0.065690
0.067426
0.082373
0.066097
0.066282
0.066289
0.065986
0.067805
0.066372
0.034505
0.019974
0.023103
0.021784
0.070159
0.075707
0.069237
0.054129
0.063415
0.062644
0.028527
0.024589
0.025742
0.027410
0.047245
0.064646
0.064824
0.063111
0.064531
0.066713
0.065260
0.065435
0.067914
0.071301
0.055331
0.050427
0.065183
0.076016
0.073801
0.057227
0.072087
0.061541
0.042781
0.031720
0.081104
0.071970
0.066365
0.065658
0.066381
0.065907
0.065827
0.066128
0.065912
0.067487
0.028482
0.024761
0.021987
0.064575
0.066355
0.069307
0.057422
0.064085
0.063323
0.038370
0.022310
0.022497
0.023278
0.042077
0.065201
0.067988
0.055165
0.065465
0.069038
0.066126
0.065974
0.065810
0.066206
0.066132
0.026594
0.021817
0.100799
0.069720
0.067972
0.094954
0.064568
0.049175
0.028091
0.036784
0.025061
0.056960
0.070420
0.067936
0.053773
0.065061
0.067062
0.065944
0.066008
0.065659
0.066077
0.063387
0.021801
0.021581
0.041085
0.115965
0.066720
0.057707
0.058498
0.096332
0.027272
0.029364
0.120664
0.063431
0.061635
0.065870
0.067063
0.067552
0.067400
0.067310
0.066469
0.067993
0.026922
0.040224
0.050998
0.115459
0.069271
0.062878
0.051103
0.057815
0.029221
0.021548
0.024035
0.022645
0.026444
0.063953
0.064317
0.064994
0.059337
0.065014
0.068299
0.077200
0.069003
0.089808
0.063395
0.032381
0.034049
0.034465
0.080573
0.065413
0.059776
0.078429
0.072742
0.040561
0.024630
0.023006
0.029580
0.075944
0.071208
0.064986
