163	44	47	164
162	41	57	162
160	35	64	167
153	30	74	173
151	35	77	170
152	34	70	165
151	28	68	180
160	17	54	193
160	-2	52	214
162	-7	52	217
161	-4	53	220
158	-5	62	224
156	-3	66	223
155	-3	72	224
153	-5	79	230
154	5	82	217
155	17	84	208
158	31	82	194
155	25	84	200
156	46	81	185
157	52	82	175
157	59	81	168
158	59	77	168
159	60	77	167
155	60	84	165
154	61	85	165
157	71	81	153
149	76	88	146
146	71	86	151
132	66	97	148
121	70	102	150
122	62	92	153
109	67	104	144
111	59	106	151
111	54	108	150
106	51	114	152
101	52	122	153
104	46	121	159
101	36	122	165
112	38	113	166
118	39	103	153
132	58	73	145
141	56	66	144
134	55	64	143
139	62	59	143
145	65	53	140
144	61	54	143
140	66	57	151
137	67	62	157
135	66	66	154
135	70	66	156
133	73	70	150
133	71	70	152
129	74	76	156
129	72	75	155
127	75	74	156
122	75	80	161
119	75	74	160
117	76	76	166
109	75	81	168
108	72	74	172
103	67	76	175
96	62	80	180
94	63	78	179
91	60	80	181
81	61	90	172
82	69	89	171
88	72	82	164
89	71	80	168
86	78	80	166
90	76	74	159
91	76	75	153
95	75	72	151
97	74	75	143
99	76	72	144
91	72	83	142
97	74	78	138
98	62	78	136
110	69	66	137
111	65	63	134
112	71	62	131
111	70	63	134
112	71	59	136
114	68	59	137
117	72	56	138
119	72	55	134
119	71	54	135
122	72	54	133
125	72	53	127
129	73	50	122
131	74	49	125
134	79	47	125
134	77	47	127
131	81	51	127
131	85	51	125
127	92	58	120
126	98	61	120
127	99	61	124
121	95	77	120
122	102	82	122
125	99	83	121
124	102	91	125
127	97	88	121
130	98	90	122
135	95	88	124
141	93	84	126
150	85	72	129
158	86	60	128
162	84	52	128
163	84	44	132
164	84	37	134
161	87	38	127
160	88	44	127
155	93	54	121
132	91	78	124
131	92	80	119
127	94	85	125
134	88	75	121
139	89	69	123
145	84	61	127
145	83	58	128
142	78	54	130
143	76	52	132
141	71	48	138
142	72	42	141
143	72	45	142
140	72	49	141
134	77	55	140
135	81	55	138
134	82	59	141
139	80	53	140
136	78	55	144
138	81	55	144
146	79	49	137
147	79	50	136
146	77	55	138
147	80	57	133
142	79	67	132
144	80	74	133
141	83	82	128
141	82	80	128
130	82	88	129
124	78	85	130
115	79	84	131
111	80	78	133
105	71	72	139
106	69	59	141
102	73	57	137
102	72	53	143
102	76	49	142
102	77	48	145
101	75	57	149
101	80	52	148
102	82	55	148
101	85	58	154
104	90	57	149
103	89	63	145
106	93	61	144
108	96	61	135
111	91	64	136
113	92	66	138
107	91	82	130
117	91	72	131
123	84	66	136
114	81	75	133
113	79	76	135
116	81	70	132
116	81	65	134
117	79	62	135
112	79	62	133
108	81	58	132
106	84	59	125
103	86	57	123
88	88	72	121
86	91	74	122
84	90	75	119
82	93	77	121
79	84	80	126
84	84	77	130
93	77	73	137
90	97	73	119
96	96	63	116
98	98	60	118
101	71	63	144
99	61	64	151
96	59	70	151
99	63	62	154
95	57	64	152
93	58	59	152
87	54	61	152
81	54	61	153
71	55	64	151
62	56	80	148
51	45	100	157
48	43	90	161
53	45	74	161
50	50	70	155
55	69	71	136
59	71	70	127
67	78	64	123
65	82	72	118
67	85	70	115
60	84	75	116
59	89	79	110
61	90	78	111
59	87	80	112
63	83	74	117
66	81	72	118
68	83	75	116
82	77	76	122
89	72	72	126
99	58	66	138
100	63	73	134
102	61	81	136
106	64	76	137
107	56	78	150
106	52	80	155
107	53	79	157
106	54	79	155
102	63	92	148
100	67	99	144
95	67	102	141
101	51	90	162
96	47	97	168
92	58	100	159
96	67	103	152
90	60	108	156
96	43	103	175
93	50	114	171
98	55	111	163
101	69	115	154
104	67	116	149
101	74	123	149
108	70	114	148
111	73	115	147
114	75	113	141
114	75	115	144
114	79	112	142
116	75	108	145
121	77	98	145
126	74	83	149
125	67	85	151
132	65	88	153
127	49	94	169
129	33	85	190
130	48	87	172
131	63	95	159
133	70	74	149
131	63	88	157
128	69	85	150
125	69	90	154
121	70	97	152
113	60	101	158
107	69	103	155
105	64	99	156
108	68	94	145
115	68	85	147
117	65	81	144
126	66	72	142
134	70	75	136
145	70	64	131
147	76	75	125
151	81	74	118
146	72	87	126
140	72	97	130
135	66	101	133
132	62	102	136
126	64	110	140
125	60	104	143
120	57	111	146
112	56	105	152
102	53	105	148
96	50	123	156
82	45	128	165
81	45	129	167
85	47	103	163
77	51	98	164
84	45	98	169
86	47	90	172
89	40	88	179
90	37	86	187
96	38	82	192
105	35	74	196
108	38	78	200
115	38	70	196
117	45	81	193
115	47	81	186
117	51	86	183
108	53	114	178
104	37	131	193
101	38	140	191
99	37	143	191
94	36	149	192
87	32	154	197
96	31	148	201
94	40	142	194
97	45	139	186
101	50	129	184
104	51	124	179
106	53	111	174
109	58	103	180
113	54	93	183
107	56	97	183
108	60	87	177
112	56	83	178
101	58	82	182
105	61	80	177
113	59	73	181
114	57	75	175
121	52	81	184
119	50	80	180
120	50	84	181
122	53	84	182
127	50	79	180
126	48	80	189
124	48	84	184
125	44	79	190
126	50	70	185
125	47	70	189
122	51	68	189
122	49	64	189
121	48	63	190
123	54	60	189
126	58	61	189
125	55	58	189
128	57	62	190
130	64	65	186
135	65	64	184
134	65	67	181
137	68	62	180
136	66	57	183
135	65	54	181
130	65	54	181
126	59	53	185
123	55	51	187
118	50	51	186
116	55	51	182
113	47	49	186
109	46	49	183
105	43	49	185
101	40	52	187
97	42	59	182
93	40	67	179
87	42	78	180
90	46	76	173
84	45	85	173
85	41	86	174
84	50	89	165
90	51	83	163
80	50	93	167
72	45	102	166
77	54	96	157
73	50	97	162
75	49	96	166
82	52	88	160
82	53	88	160
80	60	93	156
83	59	97	152
89	65	88	153
98	57	83	159
105	65	76	154
108	61	75	155
111	56	75	160
110	67	79	152
113	67	78	153
117	69	77	155
115	66	80	154
115	68	85	150
110	63	90	156
116	59	87	160
116	70	91	153
117	69	94	146
119	67	95	152
134	80	73	152
139	88	49	140
137	100	43	131
129	104	42	122
128	102	40	123
127	105	43	122
124	109	48	124
120	105	53	125
117	112	60	119
112	111	73	119
112	115	78	117
110	116	82	116
107	118	87	114
111	117	82	117
110	119	89	115
111	120	90	113
114	118	91	115
108	118	101	114
108	115	102	117
105	111	109	119
103	109	115	119
117	103	118	126
127	97	110	128
142	98	93	132
153	93	81	136
164	98	67	130
177	91	56	138
184	95	49	131
189	99	47	125
188	100	62	128
188	96	58	129
192	99	58	131
194	104	57	126
195	109	58	125
191	109	66	119
195	114	62	114
203	110	74	118
206	113	77	115
205	115	85	114
207	110	85	118
208	108	73	121
207	106	64	117
209	97	50	123
214	87	40	133
213	87	43	133
206	77	49	135
197	66	53	138
195	62	58	135
193	62	47	122
199	61	44	119
197	57	44	125
197	53	45	127
196	53	42	130
193	52	49	130
193	52	49	132
191	53	45	130
180	55	57	137
181	62	52	132
177	69	54	129
177	78	62	130
174	85	54	127
170	97	55	117
