0.383865
0.054508
0.034297
0.069190
0.071014
0.066476
0.091259
0.082086
0.074122
0.069190
0.023726
0.084207
0.164114
0.147536
0.103577
0.081791
0.079782
0.235686
0.071992
0.059928
0.031275
0.107996
0.069716
0.092234
0.055838
0.061004
0.075258
0.066001
0.071183
0.087764
0.208886
0.067499
0.068090
0.027663
0.027267
0.140620
0.075955
0.058147
0.126407
0.025150
0.105527
0.078247
0.068679
0.170723
0.073282
0.081307
0.069816
0.244015
0.092734
0.081232
0.065590
0.126426
0.101859
0.066428
0.152831
0.073497
0.073668
0.147927
0.118998
0.101278
0.084794
0.074360
0.071964
0.089793
0.086182
0.077487
0.150688
0.085859
0.071741
0.069037
0.073611
0.031183
0.026584
0.023807
0.187047
0.073760
0.072109
0.068962
0.189476
0.073230
0.132158
0.118326
0.067199
0.073654
0.064193
0.064031
0.079754
0.076765
0.068544
0.074906
0.063146
0.106462
0.026604
0.093096
0.066310
0.062057
0.067713
0.066661
0.069527
0.068328
0.098632
0.087632
0.034651
0.038491
0.072322
0.076723
0.072471
0.071948
0.060114
0.044513
0.037208
0.039591
0.068767
0.069155
0.069234
0.071154
0.075690
0.069277
0.069517
0.055864
0.031533
0.074993
0.160832
0.052086
0.050113
0.027440
0.071266
0.068261
0.060180
0.076037
0.067380
0.068214
0.068798
0.065644
0.027279
0.019279
0.091605
0.071595
0.071625
0.058006
0.079747
0.022426
0.078780
0.081090
0.064353
0.067822
0.067575
0.068427
0.067854
0.067769
0.068200
0.024151
0.122518
0.068368
0.052688
0.075232
0.058224
0.023151
0.032442
0.079053
0.102737
0.067771
0.071758
0.063887
0.068326
0.066441
0.067734
0.023665
0.024608
0.068793
0.078418
0.069247
0.077465
0.050614
0.059123
0.051219
0.023656
0.067119
0.067793
0.063534
0.099891
0.078227
0.069537
0.074580
0.071042
0.020881
0.052606
0.074908
0.100721
0.065980
0.062247
0.062057
0.038351
0.023133
0.021823
0.045206
0.072811
0.065054
0.049847
0.065935
0.096576
0.065940
0.066480
0.067123
0.050975
0.019882
0.022325
0.063704
0.069378
0.067261
0.061093
0.055534
0.052843
0.024900
0.036384
0.066133
0.076457
0.056499
0.065443
0.066894
0.095341
0.066713
0.065905
0.065636
0.027017
0.018994
0.021575
0.064655
0.068353
0.070545
0.059324
0.055418
0.058350
0.024073
0.022023
0.025909
0.024931
0.082391
0.089328
0.100122
0.165537
0.100076
0.097669
0.086911
0.097852
0.086859
0.098727
0.086229
0.094124
0.085890
0.088804
0.088172
0.088847
0.082477
0.082667
0.080988
0.073426
0.028682
0.035409
0.089717
0.138655
0.096429
0.082527
0.071371
0.055714
0.070824
0.031975
0.064605
0.068168
0.068425
0.062140
0.070125
0.078496
0.071617
0.074579
0.099492
0.074134
0.073879
0.073917
0.033282
0.039686
0.087122
0.082787
0.078772
0.078163
0.064559
0.068998
0.034459
0.026580
0.032810
0.067111
0.069016
0.073779
0.054617
0.069464
0.072580
0.072247
0.073774
0.074681
0.082608
0.106463
0.033678
0.032974
0.031716
0.107778
0.085105
0.072891
0.068371
0.052161
0.063794
0.032208
0.026845
0.065068
0.074218
0.067806
0.071495
0.073413
0.071810
0.070371
0.072296
0.106417
0.074430
0.082298
0.032982
0.024823
0.071084
0.079610
0.079419
0.077511
0.060075
0.071255
0.037560
0.025493
0.066821
0.069573
0.065334
0.067551
0.075135
0.071298
0.068301
0.111407
0.074276
0.071631
0.072301
0.031004
0.024367
0.110236
0.089600
0.077996
0.074094
0.068498
0.048668
0.029475
0.056101
0.069848
0.067107
0.057819
0.066318
0.070660
0.072401
0.106242
0.072786
0.070944
0.073543
0.070029
0.018750
0.018812
0.070544
0.075202
0.170681
0.066780
0.059284
0.060088
0.029812
0.028149
0.024230
0.025531
0.066391
0.067418
0.077502
0.081360
0.074908
0.081502
0.069436
0.075364
0.069057
0.080988
0.062164
0.020473
0.025752
0.069381
0.074807
0.075499
0.075408
0.067245
0.059583
0.063384
0.030455
0.021508
0.024578
0.096013
0.067840
0.066684
0.065228
0.074887
0.069307
0.067451
0.066015
0.068567
0.068325
0.089579
0.021713
0.022149
0.067000
0.071106
0.073268
0.058517
0.065378
0.064253
0.040663
0.036309
0.028668
0.067642
0.069534
0.068829
0.051975
0.068416
0.071225
0.068204
0.071907
0.070268
0.067596
0.067465
0.021249
0.028210
0.067416
0.071734
0.071168
0.068459
0.068532
0.098298
0.028592
0.028610
0.038185
0.063799
0.063794
0.069049
0.053996
0.078109
0.071177
0.081344
0.070644
0.074036
0.036908
0.025254
0.079982
0.075788
0.071781
0.061979
0.042622
0.058930
0.078104
0.069277
0.060364
0.069071
0.066677
0.068090
0.068065
0.069997
0.046785
0.020080
0.071632
0.072879
