347	58	103	251
344	65	96	239
344	58	99	244
337	62	99	241
324	64	114	240
330	63	93	239
325	61	98	243
324	64	86	236
313	66	94	240
307	79	94	228
299	74	104	228
278	76	112	221
281	85	109	219
277	86	109	215
274	81	108	216
285	78	93	218
281	80	96	221
256	83	121	224
245	77	131	225
233	81	142	223
238	81	136	225
242	86	135	220
256	74	123	223
244	80	139	229
226	87	166	226
225	84	164	229
255	85	149	231
267	78	149	235
286	68	138	238
277	71	151	238
249	58	196	250
283	58	158	251
276	64	155	234
281	57	147	243
279	55	141	245
273	68	144	234
277	66	132	236
272	74	133	226
270	84	140	216
268	90	146	211
275	94	154	201
277	97	157	207
270	92	173	201
269	89	178	202
283	85	165	207
313	80	145	213
324	85	118	214
321	73	121	219
322	75	123	223
327	75	104	220
332	74	95	225
330	79	102	217
332	74	104	225
328	69	113	225
330	69	113	228
323	72	126	225
344	70	105	221
353	72	97	218
365	74	89	219
361	68	103	225
358	67	110	224
354	76	122	225
360	61	112	221
361	67	112	229
351	48	108	241
343	54	111	237
331	48	106	244
318	45	108	249
309	53	109	244
305	49	103	244
294	46	110	243
278	43	127	246
281	50	117	238
284	63	116	239
287	59	117	234
289	70	99	221
291	66	96	221
289	66	94	225
284	75	89	221
275	74	102	214
272	73	105	220
275	66	107	224
277	62	114	230
278	67	114	232
293	67	101	224
298	64	105	227
303	47	116	234
304	59	124	233
310	70	134	222
304	79	142	212
305	83	146	217
296	74	155	229
296	83	164	222
298	87	174	211
288	96	190	210
287	95	195	201
308	100	164	212
311	99	157	214
287	93	173	203
285	91	177	215
268	89	199	205
274	91	181	207
273	79	166	215
277	78	147	213
272	72	135	213
266	75	124	215
264	63	116	217
262	65	120	226
259	56	110	228
265	57	101	238
259	59	109	232
261	62	104	224
268	64	90	227
256	69	106	216
257	63	99	218
261	69	97	214
264	69	95	212
264	68	98	215
260	72	113	213
265	68	111	212
298	61	90	222
300	54	81	226
314	55	79	227
308	55	89	230
313	49	92	226
313	40	96	235
309	56	107	236
321	57	95	232
321	67	93	226
320	62	96	217
310	74	105	220
312	73	101	224
323	71	88	220
316	72	98	227
306	63	107	237
297	61	120	235
298	40	117	255
301	40	116	250
296	44	108	243
292	45	112	250
290	46	103	247
281	48	118	247
284	48	111	246
282	54	108	236
283	59	109	229
286	50	101	231
283	48	110	243
286	36	105	248
288	31	99	247
280	36	109	254
285	41	99	241
284	43	100	237
292	48	94	230
291	59	96	226
292	58	93	224
296	61	90	218
297	62	94	213
302	65	94	211
306	68	93	202
305	65	95	203
308	61	90	205
311	50	82	218
310	36	95	235
314	30	93	238
315	32	85	234
317	31	91	233
330	42	83	223
329	41	85	218
333	48	94	215
334	52	95	212
332	58	85	208
332	57	87	205
333	44	87	216
334	43	86	214
334	42	93	213
333	48	90	213
336	56	78	203
337	54	83	204
340	60	94	195
341	55	95	194
338	58	91	194
342	56	86	196
344	57	91	197
346	51	108	198
344	53	114	194
337	56	126	191
334	60	120	183
341	64	95	176
342	69	100	168
334	68	105	168
335	75	101	161
331	72	96	160
338	69	87	164
338	68	88	164
348	67	78	165
362	69	66	161
364	63	64	167
360	60	67	169
355	66	76	161
357	62	71	170
359	57	66	176
361	65	63	178
364	60	58	180
360	62	65	186
358	59	70	182
355	71	76	176
357	71	74	176
358	65	72	179
358	63	72	188
356	57	75	193
355	67	78	185
355	52	77	191
352	57	76	192
353	52	65	195
357	61	59	192
354	60	69	192
351	64	73	190
338	73	90	183
329	69	98	184
317	79	111	180
314	81	112	177
298	77	130	173
307	81	119	179
313	85	114	166
308	88	119	169
310	88	120	159
311	90	125	156
320	91	123	160
324	84	119	157
327	87	121	162
342	85	103	157
353	80	88	159
361	83	72	157
368	79	59	156
369	76	53	160
367	76	52	159
357	72	69	164
359	79	64	160
354	74	70	161
355	79	58	164
349	73	68	166
348	77	63	158
344	85	63	152
342	78	60	153
339	80	59	155
332	76	61	156
326	77	63	155
322	80	67	151
310	79	80	156
318	82	60	156
315	86	65	158
305	84	79	156
303	81	82	161
301	80	74	171
302	81	73	169
309	83	74	168
308	82	77	169
309	85	76	171
308	82	76	164
315	87	78	166
318	98	90	152
322	104	90	153
321	104	87	153
322	101	84	161
324	93	85	172
317	87	104	175
306	93	115	164
303	98	114	161
309	100	107	160
324	106	89	156
320	110	91	152
333	114	78	150
335	118	68	140
324	118	77	137
314	121	88	137
310	115	89	144
302	113	100	145
312	106	86	154
305	103	93	155
306	100	88	154
304	101	88	159
295	105	86	156
296	102	81	158
295	107	77	157
290	107	87	156
280	112	94	155
276	108	106	148
259	112	126	156
256	103	123	155
266	98	116	161
277	98	98	158
276	102	101	160
281	100	93	152
286	101	85	152
296	95	77	159
301	85	68	164
314	80	52	176
304	84	65	176
298	83	76	174
300	87	76	174
302	88	70	169
292	102	76	165
293	102	78	161
289	110	91	156
285	116	101	153
278	112	107	148
272	113	117	158
264	111	127	159
258	104	130	158
253	106	138	169
247	106	147	160
243	105	147	160
237	103	150	163
240	104	156	162
242	102	161	165
244	98	154	165
248	102	147	168
250	98	144	169
248	96	150	166
256	100	132	170
264	98	119	172
267	90	114	177
275	99	87	170
274	101	91	172
273	97	86	173
269	94	86	178
273	84	83	182
276	83	83	189
278	80	81	190
283	86	75	178
283	82	79	187
292	89	75	183
294	86	76	182
297	81	81	186
297	83	87	187
297	77	103	193
295	76	112	194
296	95	118	179
299	87	115	183
299	78	114	199
298	73	119	202
295	91	124	187
292	86	121	184
290	102	101	174
287	104	82	180
285	101	73	187
284	106	73	180
273	96	87	190
276	97	75	194
276	95	82	203
278	99	80	197
276	99	89	196
279	103	87	194
260	106	95	193
271	112	99	189
271	113	99	191
270	102	96	193
268	103	96	198
265	89	92	211
253	83	103	214
253	88	104	208
255	80	110	217
245	72	121	225
246	75	122	219
244	67	119	229
247	74	114	229
244	73	130	222
245	82	132	216
247	79	135	213
250	84	134	211
252	85	125	214
252	82	125	218
263	85	125	216
257	88	141	217
271	91	126	224
274	85	125	218
286	73	111	226
281	71	116	230
300	67	97	234
287	71	118	234
292	74	116	234
309	76	97	226
317	79	91	224
310	82	108	220
304	77	116	219
304	74	130	228
312	75	98	230
307	66	99	225
308	59	98	234
289	57	133	240
291	58	150	237
296	52	112	236
297	61	121	234
292	52	131	241
285	56	146	235
287	52	147	233
305	47	128	245
318	47	115	242
318	43	116	243
300	51	145	242
303	44	157	247
294	43	184	246
304	43	182	253
308	55	176	238
327	46	166	245
359	45	135	252
370	55	130	241
395	63	107	225
401	75	106	214
403	76	107	207
401	86	120	210
394	79	135	212
393	84	133	210
389	88	144	201
368	85	138	194
383	87	128	201
383	80	122	209
382	72	119	216
387	69	98	216
391	64	81	221
392	66	75	223
391	69	74	224
393	71	69	214
392	78	73	209
388	81	86	211
387	84	85	207
387	80	80	208
387	75	72	218
386	70	64	216
385	64	64	225
382	67	72	228
385	70	70	224
376	79	85	215
371	86	90	202
375	80	83	210
376	82	83	205
373	81	83	213
373	68	84	223
373	64	73	227
371	79	72	213
368	68	71	220
373	69	65	217
367	72	71	217
361	71	82	220
356	96	89	201
350	98	98	187
346	104	90	179
351	105	79	178
349	109	69	168
345	112	69	171
334	113	71	165
334	113	71	169
320	119	80	159
314	118	86	166
302	119	96	174
303	114	95	179
299	116	97	180
298	112	101	179
276	116	96	181
296	108	77	186
300	106	75	194
299	100	84	199
301	90	91	207
300	86	81	209
308	85	76	214
315	79	72	222
318	86	68	223
306	83	82	215
307	95	88	214
310	92	84	209
320	101	75	210
318	97	79	213
314	95	89	218
