0.238026
0.062678
0.062915
0.062127
0.062503
0.017771
0.020170
0.017794
0.016842
0.017391
0.017510
0.017654
0.018902
0.020318
0.017792
0.012030
0.017927
0.021523
0.045511
0.066724
0.112551
0.053532
0.074256
0.068693
0.021906
0.021601
0.022570
0.022940
0.061412
0.018795
0.061904
0.019508
0.062452
0.062979
0.064329
0.063894
0.066458
0.066547
0.066330
0.028647
0.020127
0.020093
0.030409
0.013995
0.021075
0.029648
0.069715
0.023370
0.023162
0.033541
0.063729
0.062332
0.056017
0.042704
0.036599
0.026545
0.063662
0.066433
0.063803
0.075332
0.099025
0.066962
0.066388
0.067790
0.067657
0.054059
0.018724
0.085210
0.070353
0.070643
0.051723
0.062599
0.076468
0.032312
0.030036
0.023644
0.025554
0.066258
0.065059
0.065100
0.079714
