0.258141
0.070268
0.064999
0.065776
0.067244
0.066918
0.037730
0.071720
0.076495
0.071464
0.061938
0.063551
0.022299
0.023291
0.064648
0.064931
0.058832
0.064037
0.066486
0.067257
0.092779
0.068254
0.039546
0.018003
0.068999
0.076186
0.074901
0.065203
0.064949
0.023454
0.026263
0.073530
0.075916
0.055742
0.076178
0.065996
0.068358
0.066474
0.066290
0.068098
0.032054
0.059255
0.082549
0.069463
0.056890
0.065825
0.064065
0.031029
0.029625
0.080381
0.068006
0.065598
0.065923
0.067091
0.068613
0.067906
0.067965
0.068054
0.015194
0.023068
0.031745
0.073733
0.081352
0.060997
0.072452
0.057194
0.037636
0.043929
0.064226
0.071251
0.067757
0.068615
0.085954
0.029139
0.066566
0.070040
0.064065
0.021472
0.025996
0.065603
0.116988
0.063917
0.055553
0.047086
0.057099
0.025833
0.019531
0.059389
0.084240
0.080538
0.065018
0.069032
0.069008
0.067358
0.066108
0.067261
0.029312
0.012375
0.022230
0.072061
0.114766
0.074754
0.018275
0.020780
0.019267
0.057486
0.012111
0.010297
0.013078
0.063068
0.017335
0.019648
0.019413
0.021989
0.021945
0.022731
0.020342
0.019470
0.019297
0.020316
0.018373
0.019389
0.020132
0.021613
0.022871
0.068336
0.021943
0.021665
0.066891
0.010957
0.020597
0.054380
0.104892
0.054200
0.069151
0.060385
0.028392
0.042841
0.019035
0.065815
0.097218
0.067073
0.069123
0.086266
0.080506
0.078678
0.068483
0.039879
0.024503
0.075768
0.086588
0.065259
0.063582
0.062258
0.035166
0.020062
0.042043
0.063754
0.064619
0.062799
0.089534
0.057621
0.086616
0.088604
0.097824
0.040385
0.052900
0.066762
0.098741
0.067780
0.065293
0.028392
0.024676
0.023277
0.068880
0.085938
0.067692
0.066062
0.057711
0.087408
0.100660
0.066319
0.092759
0.025637
0.026089
0.069808
0.097856
0.083376
0.089805
0.075191
0.024690
0.033092
0.028820
0.070334
0.086017
0.087290
0.058113
0.068483
0.088821
0.069340
0.070126
0.023215
0.068157
0.072669
0.092898
0.055445
0.061742
0.040562
0.028561
0.026406
0.077831
0.067026
0.066860
0.069285
0.068597
0.071749
0.068152
0.055923
0.019265
0.033075
0.111942
0.072744
0.066930
0.064353
0.022141
0.026887
0.031491
0.062978
0.066272
0.062587
0.085059
0.076429
0.071126
0.067322
0.065189
0.034319
0.023573
0.019803
0.072816
0.078461
0.090267
0.046033
0.057098
0.044703
0.067029
0.064769
0.066193
0.065308
0.070023
0.066453
0.065973
0.067926
0.088179
0.031001
0.020900
0.023360
0.095132
0.072982
0.058693
0.062260
0.069113
0.023525
0.023156
0.022666
0.064046
0.067755
0.063241
0.071349
0.066114
0.068421
0.066302
0.067760
0.051865
0.022269
0.036508
0.089639
0.074960
0.083865
0.056460
0.055034
0.031502
0.023264
0.029921
0.063898
0.066195
0.066583
0.065180
0.067615
0.065173
0.068899
0.086465
0.067755
0.030602
0.023927
0.064913
0.069122
0.067747
0.065876
0.061712
0.061680
0.033894
0.027078
0.022218
0.063791
0.068354
0.066541
0.111347
0.088013
0.087749
0.087218
0.071429
0.049999
0.039049
0.074929
0.067736
0.074388
0.075259
0.065210
0.041072
0.024421
0.039041
0.065206
0.067631
0.065321
0.069010
0.087150
0.067442
0.086611
0.085699
0.059680
0.027601
0.035621
0.069353
0.071060
0.074438
0.065578
0.088121
0.039941
0.023499
0.035491
0.030738
0.065499
0.064604
0.071389
0.077034
0.068052
0.066700
0.066851
0.068674
0.069940
0.031751
0.026435
0.040426
0.078266
0.075766
0.063645
0.071855
0.063035
0.024093
0.048260
0.098729
0.070241
0.066853
0.067880
0.068570
0.066684
0.068515
0.067710
0.032242
0.024829
0.034097
0.074109
0.070213
0.065027
0.064472
0.076735
0.022257
0.022302
0.025301
0.065512
0.018462
0.018435
0.019809
0.063684
0.076424
0.067662
0.066911
0.088357
0.021478
0.019216
0.011167
0.017086
