0.340739
0.058776
0.036536
0.039073
0.049371
0.061061
0.072338
0.061384
0.073914
0.062274
0.062778
0.065186
0.064841
0.062682
0.055579
0.018155
0.070656
0.066936
0.069658
0.054201
0.094473
0.032728
0.054632
0.070299
0.062573
0.065210
0.063598
0.066031
0.062583
0.074463
0.063355
0.062719
0.063551
0.016398
0.020145
0.065215
0.072782
0.069296
0.053845
0.051574
0.079345
0.031296
0.033984
0.023191
0.039175
0.081701
0.084280
0.073111
0.067517
0.066147
0.065685
0.066297
0.065657
0.067677
0.052212
0.017727
0.032064
0.066279
0.069999
0.069328
0.085541
0.048906
0.059135
0.033604
0.038033
0.063206
0.064861
0.088311
0.066652
0.066978
0.065196
0.084542
0.084248
0.067297
0.026445
0.032234
0.068982
0.067977
0.067778
0.053864
0.078953
0.063297
0.032926
0.044365
0.019524
0.067440
0.066526
0.058828
0.064964
0.068015
0.064720
0.066566
0.065689
0.066398
0.084578
0.030966
0.022229
0.067660
0.069386
0.072413
0.080646
0.054688
0.060791
0.022685
0.038940
0.062277
0.066022
0.064222
0.064502
0.065579
0.067129
0.067726
0.067818
0.067891
0.060063
0.022694
0.031034
0.073365
0.086589
0.067618
0.076545
0.062237
0.023267
0.084992
0.065162
0.066159
0.067947
0.066332
0.067315
0.068911
0.029069
0.023925
0.075074
0.068481
0.069462
0.058159
0.063534
0.064823
0.040807
0.030010
0.027282
0.022146
0.073626
0.066059
0.058978
0.066419
0.067603
0.067789
0.066705
0.064418
0.066890
0.040001
0.020156
0.043232
0.072759
0.080433
0.070552
0.067569
0.053537
0.025165
0.031767
0.023350
0.022521
0.069331
0.064343
0.070671
0.063334
0.067254
0.065302
0.065105
0.067996
0.068654
0.049010
0.024220
0.031762
