142	125	91	40
135	121	97	46
133	122	94	45
124	123	97	44
118	124	100	43
116	122	97	44
112	121	98	43
107	121	95	43
101	121	97	43
94	119	101	44
93	119	95	43
84	119	100	43
79	117	102	44
76	118	99	43
69	116	101	44
66	115	100	44
61	114	99	46
57	114	98	45
50	112	99	46
46	113	99	45
39	113	98	43
32	113	102	43
29	112	98	44
21	111	98	44
17	112	99	44
10	114	98	42
6	113	99	44
3	115	96	45
8	116	83	45
3	118	83	45
-1	118	81	48
-1	121	76	45
0	121	68	46
-1	124	62	45
-2	124	58	45
-1	125	57	46
-1	126	57	45
-2	126	57	45
-3	125	59	44
-2	128	56	42
0	127	52	43
-1	125	56	45
-3	124	61	45
-4	122	64	46
-2	121	62	46
-2	120	66	45
-1	119	68	44
-2	117	71	46
-1	115	73	47
-1	116	74	44
-1	114	76	45
0	113	77	44
0	111	78	45
0	110	83	44
1	109	84	45
5	108	84	44
8	106	85	46
9	104	92	46
6	104	99	45
8	102	102	45
13	103	105	44
17	102	103	44
26	101	102	44
30	102	102	42
35	102	101	42
42	103	101	42
45	103	102	41
50	103	100	42
47	106	103	41
51	108	99	41
51	109	100	41
50	111	101	41
52	112	100	41
50	113	101	40
52	115	101	40
52	117	101	40
51	117	103	40
52	118	99	41
53	120	99	39
53	120	99	40
54	121	99	41
56	120	95	43
54	122	98	41
55	124	96	41
53	123	99	43
54	124	99	43
52	126	99	41
53	126	98	41
52	129	98	40
53	127	96	43
49	130	101	40
51	132	99	39
49	131	101	40
50	132	100	41
50	133	99	41
46	134	103	42
47	133	102	43
48	135	105	43
43	135	110	45
61	136	94	45
59	136	95	51
55	138	103	49
49	140	113	50
54	139	108	63
46	142	114	84
47	143	125	86
57	142	115	87
69	141	106	90
71	141	105	89
81	143	101	86
86	145	98	86
88	143	101	90
94	145	99	89
98	145	97	88
103	146	96	87
108	149	95	83
110	148	99	86
118	151	95	84
123	150	96	76
124	154	101	73
122	155	107	81
132	153	100	83
134	154	102	82
142	157	98	79
146	157	99	78
144	156	106	79
144	157	112	76
144	160	118	65
154	163	111	57
163	163	105	51
162	165	109	42
173	165	107	44
174	166	106	44
176	167	107	44
181	168	106	40
184	169	106	41
189	169	106	43
193	170	104	41
195	171	103	40
196	171	105	41
197	175	103	36
195	172	107	38
201	174	102	39
200	175	105	38
204	175	103	39
201	177	108	38
206	176	102	40
205	178	104	38
205	179	103	38
201	180	108	39
202	181	104	38
202	181	103	39
201	181	102	40
200	182	103	40
200	183	103	41
200	182	103	43
201	186	100	40
200	187	98	42
196	186	102	44
193	188	104	42
194	191	104	41
191	195	103	36
190	194	105	38
190	193	103	40
187	191	105	43
188	193	106	40
184	193	106	40
186	193	104	41
184	193	103	41
181	192	105	42
183	192	103	42
183	190	103	44
183	191	102	41
179	190	104	41
181	190	99	41
178	189	97	42
178	187	98	42
177	187	98	40
175	184	100	43
174	183	104	43
173	180	101	45
172	180	102	44
168	179	103	42
169	178	102	41
171	177	98	42
167	177	99	40
166	176	100	41
161	171	106	45
162	171	103	44
164	169	100	43
167	168	95	44
163	167	96	44
160	165	101	45
160	166	99	42
159	165	98	41
159	164	96	42
158	164	95	42
163	162	91	43
167	161	85	43
160	159	90	44
150	160	98	42
145	158	98	44
140	157	101	42
137	157	105	41
135	155	104	41
132	152	108	44
126	151	113	43
131	152	107	42
131	150	105	42
133	149	103	43
134	149	102	42
134	150	102	41
130	150	98	41
129	145	98	44
129	147	103	42
122	146	105	41
121	145	99	42
119	145	97	42
117	144	99	42
116	144	99	42
112	143	104	41
115	142	101	43
118	142	96	43
118	142	94	44
115	142	98	43
112	142	101	43
110	142	106	42
107	141	105	43
108	141	104	41
103	140	106	43
102	140	106	42
99	140	106	42
99	138	101	44
97	138	103	44
94	138	103	44
94	139	102	42
90	140	106	42
89	139	102	44
84	138	101	45
88	139	100	44
89	139	103	43
92	140	100	44
93	138	98	44
95	140	101	42
98	138	101	43
101	137	103	43
105	137	102	42
107	135	104	42
112	135	101	41
117	133	100	42
118	133	103	41
124	130	102	44
126	130	102	41
127	129	106	42
131	127	106	44
134	128	106	42
136	127	104	42
141	125	106	43
145	126	101	42
149	124	104	42
153	124	105	43
155	123	103	43
157	122	108	43
161	121	103	43
166	119	104	43
168	119	102	44
169	119	103	44
170	119	102	45
171	119	102	45
172	119	103	45
173	120	102	46
176	120	101	44
176	121	101	45
178	121	95	45
174	121	99	47
173	122	95	48
169	124	99	46
164	126	104	47
162	128	102	45
161	131	105	45
155	132	104	46
157	134	104	46
151	136	104	48
151	137	103	47
145	141	102	45
146	141	99	47
142	144	99	46
138	145	102	46
135	146	103	43
136	146	101	46
133	146	102	44
132	145	101	44
129	144	102	45
126	142	101	43
125	142	102	44
122	140	102	44
120	138	102	46
119	136	102	45
113	134	104	46
114	134	102	44
110	132	101	46
109	131	101	44
107	129	101	45
104	127	102	45
104	126	102	46
102	126	100	46
101	125	99	47
100	125	99	46
101	129	100	44
99	127	104	45
100	128	102	46
99	128	106	45
101	129	103	43
105	129	97	45
104	127	102	46
106	128	102	45
107	126	105	45
108	127	107	46
113	127	105	45
116	126	104	46
119	124	104	46
122	122	105	48
124	123	107	46
127	124	106	44
132	121	107	45
133	119	107	46
137	117	105	45
142	113	102	46
142	113	105	43
144	109	105	43
144	106	106	44
145	105	107	44
148	106	103	43
148	105	102	43
149	104	104	45
149	106	105	45
150	108	104	45
150	108	103	44
151	108	104	45
153	109	102	47
152	110	102	46
153	111	103	46
156	112	100	46
161	111	95	47
159	114	97	46
160	113	98	47
158	115	101	45
154	115	104	47
154	116	103	45
155	118	103	45
156	117	102	46
156	119	106	46
158	120	103	43
159	119	104	44
159	119	103	46
159	122	100	45
158	122	103	45
160	119	103	47
158	121	103	46
160	122	104	45
160	122	103	45
161	122	104	45
160	123	105	45
161	123	106	46
162	122	104	45
163	124	103	46
162	123	104	46
162	124	104	44
163	125	104	44
159	123	105	45
159	125	104	45
158	123	102	46
154	126	103	44
149	124	107	45
149	125	103	46
146	125	104	45
147	128	101	43
142	126	103	45
141	126	105	45
139	126	104	46
136	127	106	45
132	126	106	45
133	127	104	44
136	129	97	42
130	129	102	43
127	128	102	44
125	129	103	44
120	128	104	44
116	129	106	41
114	129	107	41
115	128	104	42
113	128	104	44
108	128	107	43
105	126	108	46
103	128	105	45
101	127	106	45
101	129	104	46
94	127	109	44
96	127	108	47
89	129	107	46
89	127	106	46
85	130	106	46
83	129	103	45
82	131	107	45
76	130	107	44
78	129	105	44
73	130	107	45
68	130	109	43
69	132	104	45
62	130	108	45
63	131	107	46
59	131	106	45
57	129	106	46
55	131	105	45
52	130	105	45
51	131	105	45
44	132	106	45
43	131	108	47
43	132	104	44
39	131	105	45
37	132	106	45
33	133	108	43
33	130	105	46
31	132	105	47
26	132	109	45
24	133	110	43
23	132	107	45
23	132	104	44
19	133	105	44
16	131	108	44
11	131	107	46
12	130	110	46
8	130	110	45
7	129	108	44
6	129	105	44
5	129	105	44
1	127	106	45
1	127	104	44
2	126	102	45
0	125	101	44
2	124	100	44
0	122	102	43
2	121	101	45
1	119	103	45
2	116	103	45
3	114	103	46
2	113	105	45
3	111	107	45
3	110	107	44
5	109	104	45
5	106	107	45
2	106	111	45
6	104	107	47
6	104	105	48
7	104	106	48
7	103	105	48
8	104	108	48
6	106	109	45
9	106	106	44
10	108	104	45
11	108	104	45
8	109	109	45
8	109	106	45
13	112	105	44
10	113	106	43
12	113	107	45
15	115	106	45
13	113	106	47
18	117	105	46
17	118	105	45
18	119	105	46
21	122	102	46
19	121	104	45
22	124	106	45
22	124	107	44
22	126	109	45
25	127	105	44
24	129	109	45
26	130	105	43
25	132	109	43
25	132	112	45
28	132	111	45
26	135	115	44
30	139	110	41
32	139	110	42
31	139	113	42
38	140	106	44
38	142	105	42
37	142	107	42
39	141	107	45
38	144	108	45
41	145	107	44
48	146	102	43
57	147	92	43
65	147	82	44
72	147	79	44
68	148	83	44
73	151	83	51
56	156	99	61
58	147	98	55
58	153	100	70
45	156	115	74
44	160	121	75
53	158	108	81
50	144	114	66
55	159	109	46
63	163	101	40
65	164	101	39
75	163	91	41
84	167	84	36
92	168	78	36
97	166	70	43
102	169	69	41
109	167	63	45
109	167	63	45
109	167	63	45
109	167	63	45
109	167	63	45
109	167	63	45
109	167	63	45
109	167	63	45
109	167	63	45
109	167	63	45
109	167	63	45
99	171	61	38
100	172	66	39
110	164	80	49
110	164	80	49
110	164	80	49
110	164	80	49
110	164	80	49
110	164	80	49
110	164	80	49
110	164	80	49
110	164	80	49
110	164	80	49
110	164	80	49
110	164	80	49
110	164	80	49
110	164	80	49
110	164	80	49
110	164	80	49
110	164	80	49
110	164	80	49
110	164	80	49
110	164	80	49
110	164	80	49
110	164	80	49
110	164	80	49
110	164	80	49
110	164	80	49
110	164	80	49
110	164	80	49
110	164	80	49
110	164	80	49
110	164	80	49
110	164	80	49
110	164	80	49
110	164	80	49
110	164	80	49
110	164	80	49
110	164	80	49
110	164	80	49
110	137	92	50
107	140	106	47
87	143	118	44
84	143	127	44
80	143	121	43
69	145	113	42
72	144	105	43
72	145	109	42
76	144	106	40
72	142	107	44
71	142	109	41
66	142	113	40
64	142	110	41
66	140	109	41
67	140	106	41
62	138	109	43
60	139	110	41
61	137	106	40
58	136	108	41
56	135	107	43
53	134	110	41
53	134	112	41
50	132	111	44
50	130	109	45
48	133	108	43
48	131	109	42
47	132	104	42
44	129	109	45
45	130	108	44
42	129	109	45
43	127	106	45
41	128	109	44
36	128	108	44
36	128	110	44
33	128	110	45
34	127	108	44
30	127	111	45
29	125	110	46
31	125	107	44
24	127	112	42
25	125	113	43
25	127	108	41
26	125	104	42
38	124	96	41
47	124	83	35
49	126	83	34
52	127	83	30
55	127	87	32
52	128	94	31
50	126	96	38
47	124	103	43
50	123	106	44
53	121	111	44
58	119	109	45
60	121	110	44
64	119	110	45
70	118	108	45
75	119	106	44
78	118	110	43
81	118	109	43
81	117	110	43
85	116	109	44
86	114	109	44
89	112	107	45
90	116	108	44
92	113	111	46
94	114	108	45
96	113	109	45
97	116	110	44
100	113	106	47
104	113	105	47
103	114	109	46
108	114	109	44
105	115	115	45
110	114	109	46
113	115	107	43
110	117	111	44
113	114	112	45
117	114	108	46
119	113	107	45
121	115	108	45
124	114	108	47
127	112	109	47
129	113	105	46
133	113	102	45
132	113	105	44
134	113	98	45
135	112	90	44
127	113	92	45
109	110	105	47
105	111	105	45
95	111	110	44
90	112	110	45
82	111	113	44
78	112	110	42
73	112	109	41
75	111	109	44
77	110	109	43
84	109	108	43
98	106	110	44
114	105	108	46
126	105	112	43
142	103	107	44
157	102	106	45
168	102	107	44
177	102	106	45
188	99	100	47
196	96	98	49
207	98	90	46
221	98	79	44
231	95	71	50
240	98	64	45
246	96	60	48
236	92	66	53
236	92	66	53
236	92	66	53
236	92	66	53
236	92	66	53
236	92	66	53
236	92	66	53
236	92	66	53
192	91	75	56
189	95	73	49
197	97	67	44
191	97	76	46
200	98	77	42
194	99	89	43
191	96	101	47
190	99	107	44
187	98	110	45
191	99	105	45
189	96	105	44
187	97	106	46
186	96	108	46
189	95	105	48
185	95	108	46
187	96	106	45
185	96	107	47
186	96	106	45
185	96	107	47
182	94	106	47
183	94	108	47
181	95	106	46
181	94	108	45
183	94	107	47
179	95	109	43
181	95	108	44
179	95	108	44
180	93	108	47
177	94	106	46
173	94	107	46
169	94	110	46
169	94	105	46
163	95	110	45
162	94	107	47
159	95	105	46
155	97	107	45
150	97	109	46
151	96	110	45
145	98	105	47
140	97	104	46
136	100	104	45
127	100	105	47
122	97	101	51
112	100	106	49
105	104	103	44
101	103	104	45
92	106	106	45
85	106	108	44
78	106	108	46
72	107	106	48
68	106	102	49
58	108	108	51
57	110	110	48
56	111	107	47
57	111	110	48
61	111	105	49
62	113	108	47
62	112	111	49
65	112	108	47
67	113	108	47
68	114	107	46
67	111	109	49
70	111	108	47
73	110	107	49
75	110	110	48
77	113	108	46
78	113	110	45
80	113	107	47
83	115	107	46
82	113	110	46
86	116	109	47
85	115	108	45
89	116	108	46
90	115	106	49
91	115	111	48
94	118	110	47
94	118	109	45
99	119	109	46
100	119	106	45
103	123	107	44
103	119	109	45
106	121	107	46
109	120	109	45
112	122	108	43
117	121	103	43
125	122	98	41
137	121	87	43
149	125	77	37
157	126	72	39
167	127	64	36
182	127	52	39
191	124	47	41
198	122	42	36
205	125	34	32
205	125	34	32
205	125	34	32
205	125	34	32
205	125	34	32
205	125	34	32
205	125	34	32
205	125	34	32
205	125	34	32
135	122	41	39
126	120	43	41
128	121	54	40
124	117	63	44
118	118	70	42
115	118	76	42
103	116	83	44
101	114	88	46
102	114	84	45
87	114	95	46
84	111	96	49
71	115	108	44
67	114	110	44
64	113	111	48
64	111	108	48
58	110	109	51
61	111	109	50
58	110	112	49
58	111	110	49
60	111	108	48
60	111	108	48
57	110	109	49
61	110	106	50
58	109	107	52
59	107	106	53
61	110	102	51
59	109	102	51
59	111	107	50
53	111	109	50
56	113	110	46
52	113	110	45
55	112	110	47
54	111	106	46
48	110	110	48
44	111	108	47
38	111	111	46
42	109	105	49
40	110	105	50
35	111	108	47
33	111	112	48
27	111	111	48
23	110	110	49
25	111	111	48
24	110	111	48
24	112	107	47
25	110	109	49
24	111	108	47
25	111	109	47
24	111	108	48
24	109	108	50
25	111	107	48
24	111	107	46
25	108	108	51
23	111	108	49
24	110	109	49
22	110	107	49
24	108	108	51
22	107	110	53
22	106	112	54
20	109	112	50
22	112	109	46
20	112	109	47
22	109	111	50
19	110	113	49
21	109	109	50
22	108	110	52
22	108	109	50
24	108	109	52
22	109	106	50
24	109	108	51
24	109	104	52
20	109	106	50
22	111	106	49
17	111	108	49
22	111	106	48
16	108	109	52
20	109	107	51
17	111	107	48
16	110	108	50
16	109	107	50
15	110	104	51
17	112	105	48
13	110	107	50
13	113	105	48
12	110	106	50
12	113	105	49
12	110	104	50
9	112	109	49
8	113	104	48
11	110	107	51
13	112	106	50
12	111	107	51
17	111	105	51
14	114	108	48
19	113	106	50
23	112	104	51
24	112	105	50
25	115	106	48
27	112	106	50
27	114	108	49
33	111	104	52
36	113	105	49
36	113	104	50
36	112	109	50
38	114	110	50
40	113	106	49
44	112	102	51
42	115	107	49
46	115	103	48
46	115	105	50
48	114	103	50
52	113	101	51
52	114	103	51
52	115	104	48
56	115	104	50
55	115	104	49
58	114	103	49
60	114	100	51
63	115	103	49
65	112	98	52
63	114	104	49
64	116	105	49
62	115	106	48
66	117	107	47
63	116	107	47
69	114	105	50
69	116	103	50
72	115	105	49
73	117	104	47
74	118	101	47
76	117	106	47
76	118	103	47
79	116	102	50
82	117	103	49
79	118	106	48
80	119	107	46
82	117	108	49
83	119	107	48
84	119	107	48
86	120	109	47
84	122	109	45
88	121	109	46
89	120	108	49
91	122	108	46
92	121	110	47
95	123	107	46
94	122	110	47
95	123	111	47
97	123	108	48
99	124	107	47
99	123	108	49
102	125	106	47
104	125	107	46
103	125	108	47
106	124	107	47
108	126	104	47
107	125	107	48
111	126	105	46
110	129	106	44
