0.198864
0.061812
0.073849
0.063816
0.069544
0.072775
0.068463
0.064246
0.061146
0.034736
0.150574
0.071818
0.069003
0.063195
0.027709
0.031230
0.073012
0.067282
0.052362
0.062629
0.090901
0.065746
0.066807
0.065778
0.067212
0.029888
0.180749
0.063045
0.059429
0.061581
0.031389
0.027219
0.093991
0.117433
0.117731
0.117132
0.114793
0.115181
0.103925
0.119471
0.206611
0.135246
0.120990
0.115174
0.113545
0.107899
0.119258
0.091069
0.091116
0.081045
0.085428
0.086502
0.087653
0.020424
0.026227
0.089147
0.080841
0.085238
0.081830
0.072627
0.092644
0.070987
0.048247
0.069466
0.068893
0.068033
0.065327
0.069800
0.071992
0.071481
0.068609
0.075160
0.072548
0.077248
0.073943
0.030132
0.032294
0.073534
0.085064
0.079690
0.113025
0.071928
0.072308
0.041628
0.022778
0.023401
0.065836
0.069844
0.069818
0.068930
0.078013
0.073276
0.071984
0.073842
0.073654
0.076430
0.075308
0.027483
0.028003
0.075972
0.119157
0.103131
0.121232
0.065913
0.028012
0.023768
0.024147
0.075027
0.065557
0.072633
0.069221
0.075003
0.077471
0.071521
0.074291
0.070797
0.071438
0.071634
0.032276
0.090396
0.117951
0.078688
0.063842
0.056769
0.063357
0.024978
0.026607
0.066068
0.070672
0.068926
0.057184
0.068960
0.072924
0.071249
0.074488
0.074547
0.077575
0.072711
0.028666
0.039020
0.116473
0.076423
0.078752
0.073224
0.057828
0.068109
0.029430
0.032201
0.062687
0.088855
0.067476
0.070098
0.076420
0.075051
0.072626
0.073545
0.072262
0.070788
0.070323
0.054477
0.111173
0.119780
0.073152
0.061416
0.057338
0.068837
0.025405
0.025514
0.026257
0.068707
0.068097
0.066232
0.069091
0.072222
0.072705
0.073048
0.070003
0.068993
0.072697
0.057533
0.027712
0.071232
0.084774
0.077756
0.059769
0.067368
0.071754
0.047585
0.035065
0.065417
0.078940
0.067405
0.066341
0.068608
0.068918
0.069905
0.073740
0.073270
0.080919
0.042396
0.032969
0.071463
0.096723
0.092445
0.069097
0.058435
0.057492
0.023209
0.026770
0.023741
0.067996
0.064633
0.065114
0.056204
0.068379
0.072270
0.069348
0.073583
0.071302
0.074060
0.082146
0.023649
0.127441
0.075555
0.080099
0.058268
0.061923
0.071620
0.028588
0.024790
0.025561
0.023257
0.067153
0.077760
0.062239
0.066064
0.072681
0.068463
0.069220
0.071654
0.105581
0.073146
0.022344
0.035758
0.083555
0.077439
0.078818
0.068736
0.069389
0.069738
0.033671
0.025500
0.022426
0.070537
0.069742
0.068014
0.067682
0.071371
0.068913
0.072630
0.103292
0.073137
0.064574
0.024863
0.038779
0.127575
0.074530
0.072248
0.069788
0.065583
0.034552
0.035503
0.088314
0.070060
0.069986
0.068355
0.069723
0.069143
0.068701
0.071467
0.102565
0.072074
0.021695
0.030948
0.069582
0.073861
0.076093
0.059572
0.060161
0.067074
0.029025
0.022607
0.069895
0.069209
0.068889
0.050303
0.067869
0.071763
0.070688
0.071956
0.103841
0.072000
0.048095
0.075519
0.077716
0.077244
0.057995
0.067460
0.067177
0.042738
0.024788
0.024522
0.065475
0.075092
0.065715
0.069719
0.076633
0.069061
0.072033
0.069469
0.104581
0.054969
0.033286
0.129797
0.084030
0.060609
0.064399
0.063899
0.021806
0.027384
0.083472
0.067435
0.070129
0.049864
0.070520
0.068159
0.071023
0.071420
0.071021
0.069586
0.064755
0.023749
0.071606
0.093908
0.073972
0.064672
0.083824
0.065042
0.034086
0.028160
0.075955
0.098621
0.068534
0.074453
0.072412
0.066974
0.071419
0.073835
0.069966
0.057436
0.033399
0.074157
0.073837
0.072593
0.064797
