0.259800
0.067695
0.065118
0.063943
0.064672
0.065386
0.058802
0.020657
0.038495
0.061131
0.067079
0.070009
0.066548
0.064247
0.060010
0.044052
0.026077
0.034145
0.065018
0.064556
0.087922
0.064539
0.063807
0.068327
0.065910
0.064611
0.075191
0.064709
0.028631
0.038642
0.066139
0.067820
0.068306
0.063526
0.081367
0.062515
0.029809
0.025399
0.033176
0.065633
0.103036
0.065739
0.065109
0.065906
0.066923
0.067307
0.065595
0.067921
0.064924
0.021232
0.024803
0.020032
0.065351
0.085748
0.072666
0.057163
0.055052
0.058467
0.041998
0.024451
0.029493
0.026162
0.065947
0.064561
0.063765
0.065232
0.065139
0.066094
0.069322
0.065027
0.066595
0.065663
0.050061
0.020236
0.022401
0.067327
0.069417
0.071477
0.061402
0.067365
0.083421
0.022624
0.023731
0.023597
0.020221
0.068149
0.065855
0.065389
0.066648
0.065402
0.066749
0.067009
0.068618
0.066910
0.067254
0.041088
0.025942
0.079939
0.070780
0.074010
0.086266
0.059432
0.055473
0.023999
0.023561
0.023228
0.020604
0.065124
0.065820
0.063922
0.054022
0.064638
0.065377
0.065412
0.066873
0.065812
0.065729
0.065513
0.024701
0.025629
0.100186
0.070822
0.068522
0.065525
